5 5 25 2 2

5
2 2
2 2
5 1 8 2 7 
2 1 5 2 6 
2 2
1 1 11 2 9 
2 1 15 2 11 

1 1
1 1
3 1 16 

1 1
1 1
2 1 8 

2 2
2 1
3 1 10 
1 1 20 
1 2
1 1 6 2 9 

1 2
1 2
4 1 12 2 14 


5
2 2
2 1
3 2 15 
1 2 5 
2 2
1 1 15 2 7 
2 1 16 2 12 

2 1
1 1
2 1 13 
2 1
5 1 13 
2 1 13 

2 1
2 1
5 1 18 
1 1 5 
1 1
3 1 17 

2 1
2 1
3 1 11 
5 1 20 
2 1
2 1 5 
1 1 8 

1 1
1 1
5 1 19 


5
1 1
1 1
1 1 17 

1 2
1 2
1 1 12 2 18 

2 1
1 1
1 1 6 
2 1
3 1 6 
2 1 11 

1 1
1 1
5 1 12 

2 2
1 2
2 1 20 2 7 
2 1
5 2 13 
4 2 18 


5
1 2
1 2
4 1 15 2 6 

1 2
1 2
5 1 8 2 8 

2 2
2 1
2 1 5 
1 1 5 
1 2
2 1 16 2 17 

1 1
1 1
1 1 18 

2 2
2 2
3 1 9 2 16 
4 1 12 2 17 
1 2
2 1 20 2 11 


5
1 2
1 2
3 1 14 2 17 

1 2
1 2
4 1 18 2 14 

2 2
2 1
5 1 8 
1 1 10 
2 2
1 1 6 2 16 
3 1 12 2 11 

1 2
1 2
2 1 10 2 12 

2 2
1 1
2 2 13 
2 2
3 1 17 2 11 
5 1 9 2 6 


