10 50 100 5 5

10
3 3
3 3
35 1 15 2 19 3 8 
15 1 4 2 6 3 6 
33 1 10 2 3 3 11 
7 3
49 1 43 2 2 3 2 
18 1 7 2 1 3 2 
41 1 3 2 2 3 7 
1 1 3 2 4 3 4 
23 1 2 2 26 3 6 
46 1 5 2 7 3 5 
4 1 12 2 1 3 1 
2 1
10 1 6 
47 1 5 

4 3
5 1
37 2 11 
6 2 6 
31 2 6 
33 2 15 
4 2 17 
10 3
42 1 8 2 2 3 36 
49 1 12 2 16 3 5 
9 1 19 2 3 3 1 
47 1 34 2 7 3 6 
32 1 3 2 2 3 1 
5 1 35 2 4 3 9 
21 1 4 2 4 3 4 
2 1 4 2 8 3 34 
28 1 4 2 13 3 26 
45 1 4 2 6 3 19 
1 3
35 1 3 2 4 3 3 
3 1
41 2 6 
43 2 1 
50 2 1 

4 3
10 3
16 1 3 2 13 3 5 
32 1 9 2 10 3 24 
47 1 24 2 2 3 5 
5 1 22 2 8 3 16 
43 1 6 2 2 3 8 
41 1 9 2 4 3 21 
26 1 8 2 3 3 13 
17 1 13 2 4 3 28 
44 1 2 2 1 3 4 
39 1 4 2 3 3 5 
5 3
27 1 7 2 3 3 16 
23 1 4 2 3 3 12 
15 1 6 2 16 3 1 
18 1 18 2 2 3 3 
34 1 2 2 2 3 1 
8 1
29 3 24 
20 3 3 
24 3 8 
19 3 20 
9 3 6 
48 3 2 
38 3 2 
3 3 1 
7 1
36 3 13 
40 3 13 
35 3 14 
49 3 5 
37 3 7 
42 3 1 
31 3 27 

2 2
5 2
6 1 4 2 1 
34 1 2 2 5 
22 1 20 2 19 
12 1 40 2 4 
1 1 4 2 21 
1 2
35 1 9 2 28 

2 2
10 2
20 1 15 2 8 
29 1 7 2 21 
6 1 26 2 13 
45 1 6 2 17 
43 1 27 2 10 
32 1 15 2 5 
40 1 22 2 14 
24 1 4 2 7 
22 1 7 2 13 
21 1 23 2 13 
2 2
50 1 18 2 12 
39 1 5 2 3 

1 1
5 1
2 1 30 
10 1 33 
29 1 24 
22 1 48 
46 1 15 

3 2
1 1
48 1 26 
8 2
35 1 14 2 14 
26 1 9 2 13 
8 1 7 2 20 
45 1 3 2 11 
24 1 24 2 22 
42 1 18 2 7 
16 1 9 2 40 
20 1 7 2 29 
3 2
40 1 2 2 35 
29 1 5 2 24 
13 1 34 2 2 

2 2
5 2
41 1 31 2 2 
9 1 11 2 6 
29 1 22 2 14 
49 1 7 2 22 
11 1 4 2 20 
10 1
39 1 45 
14 1 32 
32 1 3 
42 1 9 
23 1 2 
24 1 27 
6 1 9 
15 1 18 
16 1 18 
17 1 5 

3 3
4 1
31 1 4 
4 1 11 
17 1 6 
23 1 8 
3 3
37 1 13 2 11 3 18 
26 1 2 2 3 3 12 
10 1 17 2 23 3 1 
10 3
33 1 13 2 9 3 5 
13 1 5 2 3 3 18 
16 1 9 2 2 3 8 
44 1 14 2 9 3 21 
38 1 18 2 20 3 9 
15 1 3 2 2 3 1 
36 1 21 2 3 3 5 
2 1 12 2 9 3 21 
32 1 16 2 8 3 19 
3 1 2 2 4 3 2 

3 2
2 2
42 1 34 2 7 
35 1 11 2 14 
7 2
44 1 17 2 30 
41 1 45 2 4 
9 1 24 2 8 
38 1 9 2 1 
28 1 9 2 5 
25 1 12 2 18 
3 1 5 2 2 
7 1
43 1 14 
37 1 15 
26 1 16 
40 1 21 
23 1 6 
24 1 8 
18 1 39 


10
4 4
8 4
39 1 2 2 1 3 1 4 1 
41 1 8 2 4 3 1 4 1 
45 1 5 2 1 3 5 4 2 
49 1 5 2 8 3 2 4 1 
34 1 13 2 11 3 4 4 16 
50 1 2 2 6 3 14 4 6 
40 1 16 2 1 3 7 4 11 
12 1 3 2 3 3 10 4 7 
8 3
32 1 5 2 5 3 7 
37 1 10 2 4 3 3 
13 1 6 2 12 3 4 
10 1 5 2 17 3 3 
43 1 6 2 10 3 2 
28 1 16 2 3 3 4 
14 1 3 2 2 3 2 
46 1 3 2 15 3 9 
2 4
11 1 23 2 12 3 3 4 5 
5 1 25 2 2 3 5 4 8 
5 1
24 2 2 
27 2 6 
36 2 15 
38 2 6 
21 2 7 

2 1
4 1
5 1 48 
23 1 34 
42 1 49 
14 1 34 
6 1
16 1 7 
11 1 38 
9 1 25 
45 1 38 
6 1 29 
12 1 42 

2 1
3 1
14 1 24 
11 1 16 
24 1 17 
6 1
22 1 22 
21 1 49 
29 1 34 
9 1 43 
6 1 28 
31 1 28 

2 1
5 1
27 1 19 
20 1 28 
15 1 48 
24 1 40 
6 1 46 
9 1
17 1 34 
49 1 30 
38 1 21 
13 1 45 
2 1 44 
40 1 12 
33 1 15 
30 1 8 
42 1 30 

4 4
4 3
49 2 21 3 2 4 7 
9 2 19 3 9 4 3 
16 2 9 3 4 4 7 
30 2 15 3 4 4 16 
8 4
29 1 6 2 2 3 2 4 1 
40 1 7 2 2 3 2 4 8 
37 1 2 2 1 3 2 4 1 
19 1 2 2 17 3 2 4 2 
39 1 2 2 1 3 6 4 1 
6 1 16 2 4 3 6 4 11 
47 1 2 2 6 3 1 4 4 
34 1 3 2 4 3 2 4 2 
6 1
50 3 6 
35 3 1 
22 3 5 
13 3 5 
12 3 25 
25 3 3 
10 1
41 3 22 
15 3 1 
4 3 17 
36 3 5 
1 3 3 
2 3 1 
23 3 8 
27 3 6 
43 3 11 
5 3 9 

3 2
5 1
23 1 25 
24 1 12 
25 1 2 
43 1 16 
31 1 15 
3 1
22 2 8 
34 2 13 
4 2 9 
5 2
49 1 27 2 17 
20 1 13 2 7 
11 1 8 2 1 
12 1 18 2 20 
47 1 6 2 14 

3 2
4 2
14 1 5 2 7 
47 1 13 2 25 
45 1 4 2 33 
40 1 9 2 23 
8 2
39 1 5 2 22 
8 1 28 2 20 
30 1 4 2 37 
49 1 30 2 9 
15 1 4 2 12 
41 1 4 2 24 
16 1 12 2 13 
29 1 37 2 9 
2 2
31 1 10 2 24 
21 1 17 2 18 

2 1
9 1
20 1 13 
27 1 49 
46 1 48 
43 1 25 
4 1 28 
33 1 35 
16 1 16 
50 1 31 
39 1 16 
3 1
12 1 25 
35 1 36 
15 1 16 

4 4
9 2
31 3 3 4 1 
21 3 2 4 3 
8 3 7 4 1 
4 3 18 4 13 
20 3 4 4 7 
27 3 2 4 7 
17 3 1 4 1 
5 3 3 4 9 
15 3 1 4 2 
3 4
29 1 6 2 3 3 3 4 8 
11 1 9 2 13 3 10 4 8 
23 1 6 2 5 3 24 4 5 
4 3
36 2 2 3 3 4 7 
14 2 7 3 12 4 6 
24 2 3 3 6 4 2 
41 2 19 3 14 4 1 
10 1
18 4 20 
3 4 2 
28 4 10 
16 4 4 
30 4 8 
40 4 3 
33 4 13 
43 4 9 
13 4 2 
26 4 1 

2 2
2 2
4 1 7 2 2 
25 1 8 2 2 
6 1
11 2 32 
43 2 4 
33 2 21 
23 2 4 
34 2 7 
30 2 17 


10
4 3
8 1
38 3 15 
18 3 22 
12 3 2 
15 3 6 
33 3 12 
49 3 5 
32 3 1 
41 3 2 
3 2
50 1 9 2 1 
23 1 7 2 2 
45 1 6 2 13 
4 3
34 1 18 2 6 3 14 
29 1 14 2 17 3 15 
25 1 5 2 4 3 1 
8 1 27 2 7 3 4 
2 1
42 3 12 
24 3 1 

5 4
6 2
44 1 11 2 17 
8 1 2 2 10 
4 1 10 2 8 
43 1 3 2 3 
1 1 5 2 1 
23 1 5 2 7 
5 2
45 3 1 4 7 
5 3 3 4 11 
19 3 3 4 1 
38 3 8 4 14 
28 3 7 4 4 
10 1
27 1 25 
34 1 5 
37 1 24 
48 1 11 
25 1 7 
6 1 11 
40 1 13 
47 1 3 
26 1 14 
33 1 8 
6 4
21 1 5 2 8 3 27 4 3 
16 1 3 2 4 3 6 4 2 
46 1 2 2 4 3 19 4 6 
2 1 9 2 1 3 15 4 9 
10 1 19 2 2 3 9 4 18 
32 1 6 2 8 3 5 4 6 
9 1
7 2 2 
31 2 8 
30 2 2 
18 2 2 
11 2 2 
41 2 4 
9 2 4 
50 2 25 
3 2 3 

3 3
5 3
29 1 5 2 29 3 9 
49 1 3 2 4 3 36 
22 1 5 2 18 3 18 
15 1 6 2 9 3 4 
35 1 5 2 16 3 10 
1 3
11 1 4 2 11 3 3 
9 1
47 3 2 
43 3 7 
34 3 26 
21 3 26 
36 3 7 
45 3 3 
4 3 2 
44 3 12 
9 3 17 

1 1
1 1
34 1 8 

3 3
1 3
48 1 26 2 18 3 5 
4 3
16 1 9 2 8 3 32 
42 1 3 2 3 3 4 
17 1 19 2 4 3 8 
27 1 7 2 2 3 9 
6 1
50 1 3 
45 1 2 
29 1 3 
23 1 3 
32 1 3 
13 1 3 

2 2
4 1
8 2 29 
35 2 8 
26 2 5 
18 2 3 
4 2
39 1 11 2 6 
30 1 20 2 26 
13 1 19 2 26 
37 1 20 2 17 

3 2
3 2
16 1 26 2 8 
22 1 19 2 8 
34 1 4 2 8 
6 1
30 2 8 
9 2 24 
13 2 15 
44 2 12 
17 2 31 
32 2 16 
1 1
40 2 1 

1 1
3 1
36 1 10 
35 1 16 
40 1 13 

5 4
10 1
26 1 13 
14 1 2 
40 1 6 
6 1 2 
4 1 19 
46 1 26 
38 1 3 
11 1 2 
7 1 12 
25 1 3 
5 4
35 1 3 2 13 3 21 4 2 
2 1 2 2 1 3 2 4 1 
19 1 21 2 7 3 8 4 10 
21 1 10 2 12 3 11 4 6 
8 1 2 2 12 3 3 4 3 
10 1
23 1 4 
15 1 27 
31 1 2 
36 1 11 
42 1 2 
30 1 17 
1 1 2 
16 1 4 
5 1 5 
18 1 9 
9 2
44 2 2 3 1 
41 2 13 3 3 
3 2 11 3 4 
17 2 8 3 8 
9 2 1 3 3 
47 2 4 3 19 
24 2 19 3 5 
48 2 4 3 17 
13 2 3 3 4 
1 1
45 4 4 

1 1
4 1
8 1 42 
4 1 30 
28 1 27 
18 1 22 


10
1 1
10 1
10 1 6 
4 1 7 
34 1 30 
21 1 37 
46 1 38 
28 1 25 
35 1 36 
42 1 15 
16 1 20 
9 1 45 

5 5
9 1
35 4 1 
46 4 3 
28 4 2 
9 4 1 
14 4 6 
24 4 5 
17 4 11 
8 4 5 
21 4 2 
8 5
29 1 2 2 4 3 1 4 10 5 9 
50 1 7 2 10 3 4 4 1 5 17 
49 1 2 2 1 3 2 4 1 5 1 
2 1 4 2 12 3 2 4 7 5 15 
12 1 4 2 5 3 2 4 5 5 1 
18 1 3 2 3 3 30 4 9 5 3 
20 1 5 2 4 3 13 4 16 5 6 
45 1 10 2 16 3 5 4 5 5 1 
1 1
41 5 4 
3 2
37 2 4 3 5 
36 2 2 3 4 
23 2 1 3 1 
5 4
38 2 1 3 8 4 4 5 1 
26 2 4 3 8 4 2 5 7 
1 2 15 3 3 4 6 5 11 
42 2 1 3 2 4 2 5 8 
22 2 4 3 24 4 8 5 4 

2 2
6 1
32 2 15 
36 2 20 
18 2 11 
12 2 11 
3 2 7 
26 2 32 
3 2
29 1 8 2 11 
14 1 18 2 22 
8 1 5 2 7 

4 2
3 1
18 1 32 
10 1 10 
2 1 21 
1 2
22 1 8 2 29 
5 1
16 2 22 
3 2 5 
12 2 8 
29 2 15 
33 2 7 
2 1
37 2 36 
32 2 17 

5 1
10 1
41 1 44 
9 1 46 
14 1 19 
19 1 43 
21 1 38 
43 1 31 
4 1 37 
5 1 12 
16 1 30 
24 1 34 
2 1
18 1 37 
1 1 10 
3 1
39 1 46 
46 1 9 
20 1 36 
7 1
11 1 13 
17 1 15 
42 1 15 
12 1 24 
29 1 7 
6 1 9 
44 1 7 
8 1
8 1 42 
37 1 8 
48 1 14 
27 1 12 
25 1 5 
49 1 35 
34 1 10 
30 1 26 

1 1
6 1
41 1 14 
50 1 36 
9 1 44 
6 1 46 
29 1 24 
39 1 43 

2 1
5 1
27 1 33 
4 1 44 
40 1 35 
10 1 31 
14 1 43 
9 1
11 1 48 
46 1 5 
1 1 28 
47 1 8 
24 1 49 
30 1 46 
28 1 23 
36 1 44 
17 1 21 

2 1
3 1
18 1 13 
49 1 20 
35 1 47 
2 1
21 1 32 
4 1 22 

4 3
2 3
15 1 13 2 5 3 31 
16 1 8 2 7 3 26 
5 1
39 1 10 
12 1 9 
45 1 3 
34 1 12 
43 1 3 
5 2
20 2 12 3 2 
29 2 20 3 9 
11 2 9 3 18 
22 2 10 3 6 
28 2 6 3 9 
10 3
5 1 2 2 2 3 1 
10 1 10 2 26 3 12 
32 1 9 2 24 3 6 
33 1 16 2 4 3 19 
26 1 2 2 2 3 13 
50 1 3 2 8 3 4 
24 1 16 2 26 3 6 
19 1 9 2 12 3 14 
4 1 2 2 24 3 4 
1 1 3 2 5 3 22 

4 2
4 1
35 1 8 
11 1 31 
2 1 2 
49 1 7 
5 2
1 1 18 2 3 
30 1 21 2 18 
31 1 3 2 13 
5 1 18 2 26 
21 1 2 2 28 
10 2
39 1 7 2 14 
14 1 27 2 10 
41 1 2 2 33 
19 1 3 2 2 
43 1 19 2 1 
50 1 9 2 16 
13 1 23 2 25 
16 1 2 2 22 
32 1 3 2 4 
17 1 5 2 4 
8 2
12 1 2 2 5 
45 1 4 2 19 
48 1 15 2 27 
40 1 5 2 2 
29 1 16 2 11 
24 1 9 2 2 
7 1 16 2 31 
4 1 15 2 34 


10
1 1
6 1
11 1 26 
21 1 19 
6 1 44 
8 1 34 
7 1 28 
2 1 26 

4 1
4 1
9 1 29 
8 1 20 
14 1 34 
18 1 39 
4 1
11 1 40 
30 1 32 
44 1 18 
20 1 32 
8 1
46 1 40 
7 1 26 
10 1 22 
45 1 32 
3 1 12 
5 1 26 
2 1 37 
49 1 42 
1 1
50 1 6 

4 2
9 1
25 1 20 
39 1 28 
36 1 7 
48 1 26 
35 1 3 
44 1 21 
24 1 10 
1 1 2 
11 1 2 
5 1
3 1 10 
9 1 23 
21 1 6 
27 1 8 
16 1 18 
4 1
22 2 1 
5 2 9 
15 2 34 
17 2 1 
3 2
43 1 4 2 10 
30 1 39 2 4 
19 1 29 2 2 

1 1
7 1
44 1 43 
37 1 41 
9 1 43 
21 1 10 
16 1 22 
20 1 16 
10 1 31 

3 1
9 1
45 1 10 
38 1 19 
2 1 6 
25 1 49 
31 1 40 
8 1 6 
7 1 24 
28 1 35 
48 1 47 
2 1
5 1 30 
21 1 46 
4 1
39 1 8 
1 1 40 
27 1 13 
44 1 20 

1 1
4 1
36 1 19 
16 1 8 
48 1 40 
41 1 24 

4 1
4 1
18 1 34 
24 1 39 
12 1 6 
28 1 14 
9 1
14 1 22 
2 1 35 
8 1 42 
31 1 19 
7 1 16 
36 1 25 
3 1 17 
44 1 44 
23 1 48 
6 1
17 1 43 
29 1 17 
45 1 33 
43 1 18 
25 1 26 
1 1 49 
7 1
48 1 29 
41 1 45 
21 1 37 
33 1 45 
49 1 11 
10 1 13 
37 1 46 

2 1
5 1
29 1 38 
32 1 38 
3 1 18 
23 1 24 
41 1 35 
10 1
38 1 44 
31 1 45 
46 1 36 
21 1 33 
36 1 8 
20 1 37 
4 1 8 
42 1 34 
2 1 30 
44 1 9 

3 1
3 1
45 1 45 
1 1 7 
2 1 7 
5 1
25 1 13 
40 1 14 
6 1 39 
8 1 22 
27 1 47 
4 1
16 1 43 
20 1 28 
47 1 21 
37 1 18 

3 3
4 1
49 3 5 
13 3 11 
12 3 9 
22 3 10 
10 3
14 1 6 2 4 3 1 
15 1 15 2 14 3 3 
11 1 8 2 4 3 34 
32 1 4 2 1 3 1 
18 1 3 2 8 3 1 
47 1 8 2 4 3 25 
46 1 12 2 14 3 6 
39 1 7 2 20 3 9 
36 1 26 2 2 3 1 
44 1 7 2 4 3 22 
7 3
17 1 27 2 11 3 1 
29 1 5 2 32 3 10 
40 1 27 2 10 3 1 
9 1 3 2 12 3 8 
42 1 12 2 15 3 13 
3 1 9 2 16 3 7 
31 1 4 2 39 3 5 


10
3 1
8 1
7 1 6 
34 1 40 
44 1 35 
21 1 46 
6 1 28 
37 1 30 
5 1 47 
16 1 24 
3 1
4 1 47 
13 1 43 
41 1 49 
5 1
50 1 24 
36 1 25 
18 1 20 
26 1 44 
20 1 26 

5 3
4 3
15 1 2 2 4 3 4 
6 1 8 2 3 3 2 
29 1 9 2 4 3 6 
43 1 12 2 4 3 23 
9 2
14 1 7 2 12 
39 1 23 2 3 
44 1 2 2 4 
16 1 2 2 10 
7 1 4 2 32 
8 1 8 2 11 
25 1 7 2 2 
46 1 4 2 3 
42 1 17 2 21 
9 1
2 2 10 
38 2 2 
4 2 5 
13 2 8 
28 2 2 
41 2 3 
45 2 6 
33 2 15 
49 2 2 
1 3
30 1 13 2 14 3 6 
6 3
32 1 25 2 8 3 11 
35 1 2 2 6 3 2 
31 1 24 2 10 3 1 
26 1 2 2 2 3 1 
1 1 4 2 10 3 1 
40 1 10 2 10 3 11 

2 1
8 1
35 1 10 
18 1 12 
16 1 40 
34 1 34 
41 1 5 
38 1 38 
22 1 17 
26 1 40 
1 1
28 1 47 

5 3
9 1
39 1 6 
40 1 3 
50 1 30 
14 1 28 
35 1 12 
11 1 4 
44 1 7 
27 1 2 
33 1 15 
10 2
4 1 2 2 3 
32 1 13 2 1 
46 1 6 2 3 
8 1 22 2 20 
48 1 29 2 4 
16 1 4 2 6 
41 1 16 2 3 
37 1 4 2 9 
29 1 13 2 11 
5 1 3 2 4 
4 1
45 1 6 
21 1 12 
38 1 7 
43 1 4 
4 3
24 1 16 2 2 3 1 
9 1 3 2 3 3 1 
42 1 7 2 9 3 2 
49 1 27 2 2 3 2 
6 1
18 3 33 
17 3 20 
15 3 2 
20 3 17 
10 3 2 
22 3 2 

1 1
8 1
11 1 10 
16 1 40 
47 1 19 
21 1 25 
24 1 27 
42 1 8 
43 1 18 
19 1 7 

2 1
6 1
38 1 36 
29 1 23 
8 1 18 
15 1 48 
13 1 42 
25 1 25 
6 1
50 1 34 
2 1 18 
43 1 34 
28 1 17 
49 1 39 
12 1 5 

5 1
4 1
40 1 5 
43 1 12 
34 1 35 
30 1 41 
4 1
38 1 14 
35 1 16 
17 1 38 
21 1 6 
3 1
1 1 48 
27 1 28 
22 1 7 
5 1
10 1 12 
26 1 20 
18 1 37 
12 1 20 
50 1 41 
8 1
4 1 47 
49 1 27 
45 1 15 
6 1 24 
36 1 45 
37 1 40 
5 1 11 
3 1 47 

2 2
8 2
49 1 3 2 12 
6 1 9 2 16 
24 1 7 2 9 
25 1 14 2 24 
18 1 34 2 14 
19 1 12 2 20 
10 1 6 2 9 
8 1 8 2 12 
7 1
21 2 23 
30 2 10 
26 2 1 
47 2 17 
15 2 24 
13 2 8 
41 2 7 

4 2
1 1
22 2 5 
6 2
49 1 34 2 12 
7 1 8 2 15 
50 1 2 2 15 
37 1 15 2 4 
26 1 23 2 26 
8 1 30 2 18 
4 1
10 1 3 
1 1 22 
19 1 7 
15 1 17 
4 2
12 1 12 2 32 
28 1 16 2 8 
16 1 9 2 27 
29 1 5 2 5 

1 1
6 1
22 1 5 
26 1 46 
48 1 44 
35 1 16 
45 1 29 
41 1 9 


10
1 1
6 1
14 1 41 
23 1 42 
6 1 20 
37 1 23 
28 1 27 
35 1 33 

4 2
1 1
7 2 6 
1 2
49 1 3 2 7 
1 2
41 1 5 2 20 
5 2
50 1 21 2 14 
15 1 22 2 18 
10 1 4 2 18 
32 1 5 2 1 
31 1 4 2 9 

1 1
10 1
38 1 24 
15 1 48 
13 1 5 
30 1 48 
3 1 10 
6 1 42 
32 1 7 
2 1 14 
28 1 47 
44 1 7 

5 1
5 1
49 1 14 
35 1 20 
16 1 23 
38 1 38 
1 1 22 
4 1
7 1 7 
12 1 36 
30 1 25 
20 1 12 
7 1
36 1 18 
45 1 31 
39 1 34 
47 1 40 
44 1 13 
14 1 40 
42 1 40 
8 1
41 1 10 
26 1 5 
4 1 13 
40 1 43 
25 1 36 
21 1 17 
27 1 19 
24 1 9 
10 1
37 1 6 
3 1 23 
28 1 11 
2 1 29 
15 1 44 
17 1 33 
22 1 20 
31 1 24 
43 1 35 
46 1 19 

5 4
8 2
37 1 13 2 8 
39 1 8 2 24 
14 1 2 2 3 
10 1 5 2 16 
46 1 5 2 2 
21 1 4 2 5 
23 1 7 2 2 
41 1 14 2 2 
8 4
4 1 4 2 2 3 15 4 2 
24 1 4 2 1 3 3 4 2 
18 1 4 2 5 3 8 4 11 
19 1 21 2 6 3 1 4 13 
34 1 4 2 12 3 9 4 6 
12 1 2 2 3 3 1 4 1 
25 1 7 2 5 3 6 4 8 
7 1 6 2 18 3 4 4 3 
4 1
47 4 6 
48 4 2 
6 4 11 
50 4 8 
6 1
45 2 12 
20 2 4 
9 2 4 
43 2 5 
32 2 3 
16 2 5 
8 1
13 3 8 
44 3 6 
5 3 1 
22 3 5 
36 3 4 
30 3 13 
27 3 6 
3 3 7 

3 3
7 1
26 3 13 
20 3 10 
8 3 24 
25 3 7 
6 3 29 
1 3 3 
19 3 13 
10 1
30 2 5 
9 2 3 
27 2 14 
47 2 1 
16 2 1 
11 2 15 
43 2 15 
50 2 3 
29 2 5 
31 2 25 
3 3
17 1 5 2 3 3 1 
4 1 3 2 3 3 4 
40 1 2 2 29 3 11 

2 2
3 2
10 1 11 2 7 
19 1 2 2 10 
31 1 34 2 8 
6 1
39 2 2 
21 2 7 
7 2 8 
22 2 6 
4 2 3 
46 2 15 

5 2
6 1
38 2 22 
40 2 9 
1 2 16 
2 2 13 
33 2 23 
8 2 22 
3 2
7 1 8 2 33 
14 1 6 2 24 
17 1 22 2 10 
6 1
21 1 23 
13 1 6 
37 1 4 
28 1 24 
39 1 25 
4 1 35 
8 1
32 1 13 
27 1 12 
16 1 36 
10 1 8 
19 1 28 
34 1 11 
3 1 5 
45 1 3 
10 2
23 1 3 2 9 
24 1 15 2 28 
42 1 30 2 13 
30 1 14 2 5 
6 1 13 2 5 
5 1 14 2 32 
25 1 19 2 16 
46 1 24 2 5 
18 1 13 2 2 
47 1 12 2 13 

4 1
8 1
2 1 5 
13 1 9 
28 1 42 
15 1 37 
18 1 45 
24 1 39 
36 1 35 
38 1 31 
5 1
14 1 35 
19 1 43 
47 1 31 
9 1 9 
22 1 30 
8 1
21 1 32 
26 1 45 
35 1 6 
43 1 21 
5 1 37 
33 1 23 
39 1 15 
11 1 41 
10 1
8 1 42 
42 1 26 
46 1 33 
3 1 33 
31 1 41 
49 1 25 
40 1 37 
45 1 18 
25 1 31 
17 1 12 

1 1
4 1
8 1 31 
43 1 44 
24 1 23 
9 1 25 


10
4 2
6 1
43 1 29 
16 1 36 
32 1 4 
29 1 4 
50 1 27 
42 1 6 
10 2
5 1 6 2 2 
45 1 40 2 9 
41 1 16 2 6 
3 1 3 2 23 
4 1 2 2 38 
11 1 2 2 5 
6 1 9 2 13 
35 1 29 2 16 
7 1 18 2 6 
46 1 24 2 14 
5 2
1 1 2 2 4 
24 1 23 2 14 
23 1 27 2 21 
14 1 5 2 9 
18 1 24 2 6 
10 2
13 1 16 2 3 
28 1 17 2 6 
22 1 2 2 5 
25 1 3 2 7 
17 1 10 2 13 
19 1 2 2 5 
9 1 10 2 20 
47 1 12 2 1 
44 1 4 2 2 
36 1 23 2 13 

2 1
4 1
31 1 43 
28 1 24 
26 1 24 
49 1 34 
9 1
42 1 28 
29 1 41 
15 1 38 
50 1 46 
10 1 38 
24 1 48 
35 1 6 
8 1 40 
16 1 25 

3 1
1 1
38 1 47 
5 1
12 1 38 
49 1 41 
24 1 42 
11 1 6 
29 1 20 
4 1
45 1 14 
7 1 34 
10 1 49 
15 1 25 

3 2
10 1
44 2 7 
30 2 16 
18 2 22 
24 2 2 
25 2 5 
7 2 8 
37 2 16 
28 2 18 
43 2 13 
5 2 3 
8 1
14 2 1 
47 2 22 
35 2 16 
11 2 42 
33 2 22 
2 2 28 
36 2 2 
26 2 16 
7 2
29 1 20 2 1 
12 1 17 2 18 
34 1 10 2 6 
3 1 2 2 17 
20 1 14 2 28 
48 1 5 2 22 
27 1 19 2 18 

1 1
8 1
41 1 14 
5 1 8 
30 1 17 
46 1 25 
9 1 40 
13 1 35 
49 1 28 
18 1 35 

5 4
5 2
50 2 2 3 13 
23 2 4 3 9 
27 2 1 3 1 
33 2 4 3 1 
15 2 8 3 12 
6 1
3 4 1 
18 4 9 
6 4 22 
22 4 8 
42 4 1 
31 4 5 
6 1
9 1 14 
37 1 10 
48 1 8 
5 1 2 
21 1 19 
36 1 29 
2 4
1 1 5 2 13 3 4 4 10 
28 1 4 2 2 3 19 4 2 
7 1
25 1 13 
19 1 5 
24 1 3 
12 1 2 
40 1 3 
20 1 8 
46 1 10 

3 2
4 2
45 1 8 2 31 
27 1 19 2 6 
17 1 16 2 7 
24 1 18 2 17 
4 1
46 2 28 
23 2 11 
2 2 13 
47 2 25 
1 2
14 1 5 2 2 

1 1
3 1
23 1 15 
40 1 8 
5 1 21 

4 4
4 4
16 1 5 2 3 3 3 4 1 
19 1 5 2 19 3 1 4 1 
33 1 14 2 7 3 6 4 1 
6 1 6 2 12 3 14 4 11 
2 2
11 3 2 4 8 
4 3 17 4 2 
5 2
32 1 6 2 4 
40 1 9 2 3 
38 1 33 2 2 
17 1 5 2 3 
1 1 3 2 3 
10 4
31 1 7 2 19 3 5 4 11 
25 1 2 2 6 3 2 4 2 
5 1 4 2 3 3 8 4 17 
37 1 9 2 2 3 10 4 13 
14 1 5 2 15 3 6 4 12 
50 1 6 2 2 3 1 4 7 
39 1 5 2 13 3 10 4 3 
48 1 5 2 2 3 4 4 2 
3 1 12 2 9 3 9 4 16 
2 1 6 2 9 3 2 4 2 

1 1
7 1
36 1 13 
12 1 31 
49 1 9 
10 1 12 
13 1 7 
34 1 18 
15 1 49 


10
1 1
9 1
13 1 41 
16 1 24 
31 1 48 
48 1 42 
22 1 38 
43 1 19 
44 1 38 
37 1 5 
35 1 15 

3 3
3 3
32 1 16 2 23 3 6 
43 1 32 2 4 3 6 
9 1 5 2 28 3 11 
1 1
22 3 2 
8 3
24 1 2 2 8 3 15 
40 1 3 2 1 3 1 
42 1 5 2 10 3 14 
46 1 11 2 3 3 22 
35 1 21 2 8 3 17 
50 1 12 2 11 3 14 
25 1 6 2 10 3 12 
33 1 10 2 2 3 9 

4 4
3 1
46 3 8 
43 3 12 
8 3 7 
6 4
17 1 11 2 6 3 5 4 15 
25 1 11 2 10 3 23 4 3 
4 1 2 2 3 3 2 4 7 
10 1 4 2 12 3 9 4 12 
7 1 10 2 19 3 7 4 6 
13 1 9 2 8 3 4 4 2 
6 1
12 1 7 
20 1 3 
34 1 3 
44 1 2 
45 1 4 
19 1 13 
9 1
5 4 1 
37 4 10 
50 4 6 
48 4 6 
18 4 5 
30 4 23 
16 4 1 
3 4 19 
23 4 12 

1 1
3 1
18 1 9 
40 1 15 
33 1 30 

5 3
4 1
10 1 7 
43 1 10 
26 1 2 
17 1 18 
4 3
41 1 8 2 3 3 12 
13 1 18 2 2 3 8 
29 1 46 2 2 3 1 
21 1 15 2 3 3 24 
4 3
47 1 4 2 6 3 1 
38 1 16 2 9 3 15 
25 1 12 2 3 3 3 
34 1 11 2 10 3 17 
1 1
2 2 6 
9 2
46 1 15 2 6 
20 1 3 2 38 
36 1 27 2 3 
16 1 11 2 13 
49 1 3 2 13 
23 1 16 2 4 
32 1 22 2 2 
18 1 16 2 4 
37 1 14 2 11 

2 1
8 1
29 1 41 
42 1 28 
49 1 32 
38 1 45 
6 1 42 
7 1 27 
45 1 9 
21 1 43 
9 1
35 1 45 
39 1 27 
40 1 32 
46 1 23 
4 1 24 
25 1 38 
16 1 7 
26 1 45 
33 1 43 

4 1
4 1
29 1 9 
17 1 30 
45 1 20 
12 1 7 
6 1
21 1 26 
49 1 24 
25 1 10 
7 1 46 
38 1 31 
30 1 34 
10 1
40 1 36 
13 1 37 
46 1 20 
50 1 7 
27 1 36 
43 1 10 
11 1 20 
24 1 37 
8 1 34 
33 1 40 
7 1
23 1 41 
9 1 14 
20 1 16 
5 1 38 
37 1 40 
41 1 17 
44 1 45 

1 1
10 1
41 1 35 
42 1 8 
24 1 20 
8 1 26 
9 1 37 
28 1 48 
37 1 41 
29 1 21 
40 1 26 
15 1 17 

3 2
2 2
9 1 11 2 8 
47 1 19 2 17 
2 1
29 2 9 
14 2 5 
3 2
40 1 5 2 8 
3 1 18 2 5 
49 1 9 2 10 

2 2
9 2
49 1 33 2 4 
21 1 7 2 14 
36 1 8 2 13 
5 1 15 2 1 
32 1 11 2 7 
43 1 3 2 2 
1 1 30 2 12 
10 1 7 2 13 
18 1 5 2 4 
2 1
40 1 14 
37 1 22 


10
3 3
1 2
3 1 4 2 2 
1 1
16 1 6 
2 3
37 1 8 2 3 3 27 
27 1 10 2 1 3 9 

1 1
9 1
25 1 47 
46 1 26 
3 1 45 
12 1 38 
42 1 6 
40 1 5 
21 1 29 
49 1 29 
11 1 15 

2 1
1 1
12 1 20 
9 1
27 1 49 
32 1 31 
6 1 42 
47 1 27 
22 1 6 
46 1 8 
4 1 14 
15 1 10 
31 1 49 

5 3
7 1
9 3 1 
27 3 9 
41 3 1 
46 3 3 
1 3 26 
37 3 16 
24 3 12 
9 3
7 1 4 2 34 3 7 
26 1 13 2 1 3 18 
11 1 4 2 2 3 4 
36 1 2 2 1 3 2 
6 1 14 2 13 3 16 
40 1 18 2 1 3 21 
23 1 5 2 9 3 13 
34 1 5 2 14 3 1 
12 1 26 2 7 3 8 
2 3
8 1 4 2 7 3 4 
50 1 9 2 10 3 8 
3 1
28 1 7 
43 1 10 
14 1 6 
1 1
3 1 4 

4 3
7 2
41 2 22 3 7 
18 2 1 3 1 
5 2 6 3 1 
43 2 7 3 1 
8 2 10 3 2 
46 2 23 3 5 
42 2 2 3 4 
9 3
29 1 7 2 2 3 14 
35 1 6 2 1 3 1 
3 1 6 2 4 3 7 
39 1 6 2 2 3 20 
45 1 13 2 27 3 8 
12 1 2 2 6 3 1 
28 1 8 2 5 3 3 
44 1 6 2 2 3 11 
31 1 2 2 2 3 3 
8 3
50 1 21 2 2 3 12 
6 1 2 2 8 3 33 
14 1 4 2 2 3 3 
24 1 8 2 2 3 6 
7 1 8 2 33 3 1 
40 1 2 2 9 3 3 
13 1 4 2 4 3 4 
4 1 5 2 2 3 8 
7 3
16 1 9 2 24 3 7 
38 1 2 2 2 3 1 
37 1 10 2 2 3 1 
15 1 5 2 6 3 6 
34 1 2 2 6 3 1 
21 1 10 2 9 3 18 
17 1 2 2 13 3 1 

5 4
9 2
38 3 1 4 3 
22 3 11 4 9 
28 3 5 4 5 
24 3 4 4 13 
6 3 1 4 2 
10 3 15 4 12 
21 3 2 4 3 
5 3 4 4 12 
11 3 2 4 4 
3 2
2 1 2 2 1 
12 1 2 2 1 
27 1 6 2 1 
10 4
4 1 12 2 4 3 6 4 12 
48 1 7 2 2 3 3 4 21 
16 1 12 2 1 3 22 4 9 
49 1 4 2 2 3 8 4 1 
3 1 9 2 21 3 4 4 6 
39 1 7 2 2 3 2 4 13 
31 1 2 2 1 3 4 4 1 
14 1 4 2 1 3 8 4 3 
42 1 7 2 3 3 2 4 16 
17 1 2 2 1 3 1 4 1 
6 1
46 2 18 
29 2 13 
13 2 2 
25 2 3 
23 2 2 
41 2 4 
1 1
43 3 6 

5 3
9 1
3 3 1 
9 3 7 
30 3 24 
38 3 3 
44 3 15 
41 3 4 
24 3 1 
23 3 2 
21 3 1 
9 3
8 1 20 2 2 3 8 
25 1 5 2 15 3 27 
40 1 7 2 7 3 1 
29 1 10 2 7 3 2 
46 1 11 2 2 3 16 
31 1 15 2 11 3 3 
14 1 13 2 5 3 5 
20 1 2 2 3 3 3 
22 1 14 2 5 3 12 
1 2
16 1 2 2 8 
5 2
47 1 33 2 5 
11 1 14 2 1 
34 1 4 2 9 
26 1 7 2 8 
32 1 12 2 3 
9 1
35 1 7 
37 1 4 
2 1 3 
6 1 3 
19 1 8 
45 1 21 
36 1 7 
13 1 4 
48 1 8 

2 1
2 1
25 1 40 
10 1 22 
2 1
50 1 32 
31 1 17 

1 1
8 1
16 1 24 
50 1 7 
39 1 49 
1 1 35 
43 1 16 
14 1 27 
7 1 11 
49 1 40 

5 3
3 1
22 1 6 
11 1 7 
31 1 20 
3 1
33 1 3 
45 1 5 
27 1 3 
9 3
7 1 5 2 2 3 2 
49 1 4 2 19 3 5 
1 1 17 2 23 3 8 
36 1 13 2 2 3 16 
46 1 3 2 2 3 1 
24 1 5 2 12 3 11 
34 1 11 2 4 3 33 
23 1 28 2 2 3 13 
50 1 3 2 2 3 2 
10 1
25 1 13 
17 1 14 
43 1 6 
12 1 15 
41 1 18 
38 1 7 
3 1 23 
18 1 3 
32 1 20 
28 1 2 
9 2
40 2 3 3 33 
2 2 19 3 11 
37 2 8 3 27 
16 2 5 3 21 
19 2 34 3 1 
6 2 22 3 7 
21 2 20 3 3 
20 2 3 3 1 
13 2 3 3 7 


