10 20 100 5 5

10
3 3
2 1
19 3 12 
7 3 2 
1 3
5 1 6 2 1 3 1 
1 2
20 1 3 2 13 

5 3
1 2
13 2 5 3 5 
1 3
5 1 9 2 5 3 14 
2 1
16 3 7 
4 3 26 
1 2
3 2 2 3 18 
2 2
1 2 3 3 9 
10 2 1 3 1 

2 1
2 1
3 1 47 
18 1 33 
1 1
4 1 48 

5 5
2 5
17 1 2 2 1 3 1 4 3 5 2 
11 1 9 2 5 3 2 4 21 5 5 
2 1
1 4 3 
5 4 2 
1 5
12 1 4 2 1 3 2 4 4 5 3 
1 3
8 1 7 2 3 3 3 
2 1
6 5 5 
10 5 5 

2 2
1 2
2 1 3 2 44 
2 1
8 2 3 
4 2 13 

2 2
1 2
4 1 12 2 12 
2 1
12 1 45 
10 1 13 

1 1
2 1
14 1 5 
2 1 22 

5 1
2 1
14 1 47 
4 1 15 
2 1
3 1 15 
16 1 36 
1 1
11 1 30 
1 1
6 1 8 
2 1
20 1 20 
1 1 5 

2 2
2 2
3 1 20 2 1 
10 1 6 2 35 
2 1
1 1 17 
14 1 33 

1 1
1 1
17 1 45 


10
2 1
1 1
1 1 15 
2 1
5 1 39 
17 1 28 

2 2
1 2
7 1 12 2 23 
2 2
11 1 5 2 9 
10 1 3 2 29 

1 1
2 1
1 1 6 
17 1 13 

2 2
2 2
7 1 31 2 14 
2 1 34 2 12 
2 1
13 2 6 
20 2 18 

2 1
2 1
8 1 21 
6 1 37 
2 1
2 1 43 
13 1 6 

5 1
1 1
12 1 26 
2 1
11 1 8 
4 1 32 
1 1
9 1 47 
2 1
19 1 28 
15 1 11 
1 1
7 1 8 

5 5
2 5
6 1 3 2 4 3 4 4 1 5 10 
17 1 8 2 5 3 8 4 16 5 1 
2 1
4 1 2 
14 1 3 
1 2
9 2 4 3 4 
2 3
13 3 2 4 1 5 9 
1 3 8 4 11 5 4 
1 4
3 1 2 2 2 3 6 4 8 

5 1
2 1
11 1 33 
9 1 28 
2 1
12 1 23 
17 1 10 
1 1
8 1 31 
1 1
19 1 39 
2 1
20 1 19 
13 1 22 

1 1
1 1
13 1 6 

2 1
1 1
13 1 40 
1 1
12 1 38 


10
4 4
2 4
2 1 2 2 6 3 8 4 33 
16 1 9 2 4 3 7 4 4 
2 4
13 1 23 2 1 3 7 4 2 
4 1 4 2 16 3 8 4 18 
2 1
14 1 22 
20 1 2 
2 1
8 4 16 
12 4 12 

4 4
1 1
2 3 5 
1 2
13 1 2 2 1 
2 4
11 1 7 2 2 3 4 4 5 
4 1 2 2 10 3 7 4 5 
2 2
8 1 24 2 4 
16 1 3 2 1 

3 1
2 1
9 1 47 
1 1 20 
2 1
11 1 44 
16 1 41 
2 1
4 1 13 
8 1 33 

2 1
2 1
3 1 10 
8 1 37 
2 1
1 1 36 
15 1 5 

4 1
2 1
5 1 47 
7 1 32 
2 1
20 1 16 
14 1 33 
2 1
4 1 15 
3 1 9 
2 1
18 1 20 
10 1 13 

5 4
2 2
10 3 2 4 2 
4 3 4 4 17 
1 4
17 1 6 2 2 3 11 4 9 
2 2
15 2 2 3 2 
8 2 2 3 17 
1 4
16 1 5 2 4 3 2 4 2 
1 3
3 2 11 3 14 4 7 

1 1
2 1
1 1 42 
15 1 28 

5 2
2 2
7 1 6 2 3 
15 1 22 2 17 
2 2
13 1 14 2 2 
11 1 13 2 2 
1 1
17 1 2 
2 1
19 2 8 
8 2 22 
2 1
20 2 12 
10 2 21 

4 2
1 1
6 1 14 
1 2
14 1 11 2 13 
1 1
1 1 19 
1 1
12 2 12 

5 1
2 1
2 1 11 
15 1 47 
1 1
10 1 18 
1 1
9 1 33 
1 1
16 1 36 
1 1
3 1 5 


10
2 2
1 2
17 1 16 2 9 
1 2
10 1 4 2 19 

4 2
1 2
4 1 28 2 12 
1 1
7 2 4 
1 1
16 1 31 
1 1
3 1 12 

4 4
1 4
3 1 17 2 5 3 24 4 1 
2 1
1 3 2 
18 3 2 
2 3
11 2 9 3 5 4 12 
4 2 2 3 5 4 2 
1 4
6 1 10 2 3 3 11 4 11 

4 3
2 2
7 2 19 3 14 
19 2 5 3 23 
2 1
12 1 2 
4 1 5 
2 3
9 1 3 2 8 3 1 
17 1 3 2 6 3 10 
2 1
15 3 1 
11 3 4 

3 2
1 2
19 1 9 2 12 
2 1
11 2 3 
17 2 19 
2 1
6 1 6 
1 1 4 

5 5
1 1
18 5 3 
2 2
9 4 2 5 1 
8 4 11 5 6 
2 2
11 1 3 2 5 
13 1 4 2 2 
1 5
14 1 4 2 3 3 3 4 21 5 4 
1 1
10 5 1 

2 2
2 2
8 1 19 2 3 
5 1 29 2 12 
2 1
4 1 5 
3 1 8 

5 4
1 2
1 3 2 4 18 
2 2
6 2 6 3 4 
17 2 21 3 1 
1 1
15 2 22 
2 4
20 1 10 2 4 3 13 4 5 
3 1 3 2 5 3 2 4 4 
1 4
8 1 15 2 5 3 7 4 7 

3 1
2 1
16 1 48 
7 1 7 
2 1
6 1 23 
15 1 22 
2 1
14 1 26 
5 1 47 

1 1
2 1
20 1 48 
7 1 33 


10
3 2
2 2
19 1 11 2 1 
18 1 29 2 3 
2 2
15 1 18 2 7 
8 1 8 2 32 
1 1
12 2 10 

3 1
1 1
13 1 43 
1 1
7 1 18 
1 1
18 1 47 

3 3
1 3
15 1 25 2 2 3 7 
2 3
6 1 14 2 2 3 1 
20 1 4 2 1 3 3 
1 3
17 1 4 2 2 3 4 

5 1
1 1
16 1 23 
2 1
15 1 34 
3 1 49 
2 1
10 1 41 
4 1 30 
1 1
14 1 10 
2 1
8 1 7 
17 1 28 

2 2
1 2
13 1 16 2 4 
1 2
2 1 26 2 12 

3 1
1 1
3 1 24 
2 1
19 1 27 
10 1 14 
2 1
9 1 38 
11 1 26 

5 2
1 1
10 2 17 
2 2
11 1 21 2 6 
20 1 10 2 23 
1 2
3 1 33 2 4 
2 1
2 1 7 
14 1 2 
2 2
6 1 2 2 12 
7 1 32 2 8 

5 1
2 1
19 1 18 
16 1 16 
2 1
9 1 35 
6 1 25 
1 1
13 1 32 
1 1
1 1 44 
1 1
12 1 34 

3 3
2 1
20 1 35 
6 1 13 
1 1
17 1 4 
1 3
9 1 6 2 2 3 4 

3 1
2 1
7 1 17 
6 1 17 
2 1
9 1 34 
13 1 14 
2 1
20 1 31 
19 1 14 


10
2 1
1 1
5 1 10 
2 1
14 1 49 
20 1 24 

3 3
1 2
15 1 7 2 12 
2 1
5 3 2 
2 3 1 
1 3
16 1 5 2 6 3 15 

1 1
1 1
16 1 45 

5 5
1 2
7 1 10 2 1 
1 3
17 1 12 2 12 3 9 
2 5
12 1 3 2 13 3 3 4 8 5 14 
18 1 16 2 8 3 6 4 12 5 2 
1 5
2 1 3 2 14 3 8 4 6 5 8 
2 3
3 1 4 2 5 3 1 
8 1 11 2 2 3 24 

2 2
2 2
15 1 37 2 8 
7 1 24 2 24 
1 1
1 1 17 

3 2
2 1
11 2 4 
2 2 3 
2 2
3 1 6 2 9 
7 1 5 2 1 
2 1
15 1 35 
1 1 31 

4 1
1 1
5 1 45 
2 1
3 1 24 
2 1 34 
2 1
16 1 27 
7 1 49 
1 1
6 1 45 

3 3
1 1
6 3 1 
1 1
7 2 16 
1 3
15 1 4 2 31 3 4 

3 1
2 1
19 1 44 
10 1 37 
1 1
16 1 6 
1 1
14 1 6 

3 1
1 1
15 1 37 
2 1
3 1 47 
11 1 12 
1 1
10 1 5 


10
4 1
2 1
4 1 13 
20 1 5 
1 1
10 1 44 
1 1
15 1 22 
1 1
19 1 48 

4 4
1 4
2 1 11 2 1 3 5 4 4 
1 3
11 2 1 3 3 4 1 
2 2
13 3 2 4 1 
12 3 5 4 15 
2 2
4 3 5 4 8 
18 3 22 4 16 

5 2
2 2
5 1 31 2 3 
12 1 4 2 4 
1 2
8 1 18 2 11 
1 1
20 2 24 
2 1
14 2 16 
10 2 22 
2 1
6 2 8 
15 2 6 

2 2
1 1
11 1 18 
2 2
14 1 11 2 5 
2 1 14 2 23 

3 2
1 2
1 1 13 2 14 
2 2
12 1 2 2 37 
10 1 2 2 12 
2 1
15 2 13 
18 2 5 

1 1
2 1
11 1 34 
9 1 31 

2 2
2 1
3 2 6 
17 2 7 
2 2
7 1 25 2 2 
14 1 20 2 25 

4 2
1 1
17 2 24 
1 2
7 1 10 2 4 
1 2
9 1 5 2 10 
2 1
14 2 4 
8 2 9 

3 1
2 1
14 1 37 
6 1 29 
1 1
1 1 42 
2 1
10 1 42 
13 1 23 

2 1
2 1
12 1 33 
18 1 21 
2 1
15 1 24 
20 1 8 


10
5 5
2 4
8 2 3 3 5 4 2 5 2 
15 2 2 3 8 4 6 5 2 
1 5
13 1 3 2 2 3 11 4 3 5 8 
1 5
16 1 4 2 2 3 15 4 5 5 19 
2 1
14 4 2 
7 4 3 
2 4
20 2 5 3 2 4 29 5 6 
19 2 17 3 5 4 4 5 2 

1 1
1 1
3 1 10 

5 4
1 2
18 3 3 4 2 
1 3
13 2 4 3 6 4 2 
1 1
2 4 2 
2 1
6 2 14 
9 2 7 
1 4
8 1 2 2 1 3 2 4 2 

4 4
1 3
7 1 13 2 1 3 3 
1 4
20 1 11 2 6 3 4 4 9 
1 2
16 3 3 4 36 
1 1
1 3 2 

2 1
1 1
8 1 40 
2 1
13 1 46 
16 1 26 

1 1
1 1
7 1 38 

1 1
1 1
6 1 38 

3 1
2 1
5 1 44 
7 1 39 
1 1
13 1 21 
2 1
10 1 45 
16 1 44 

2 1
2 1
1 1 38 
10 1 32 
2 1
4 1 48 
11 1 26 

4 3
1 3
1 1 18 2 2 3 2 
2 3
17 1 32 2 1 3 6 
8 1 7 2 7 3 5 
1 2
18 1 3 2 4 
1 2
10 2 3 3 5 


10
5 2
2 1
11 2 8 
16 2 2 
2 1
13 1 30 
12 1 7 
2 1
17 2 2 
7 2 18 
2 2
3 1 18 2 5 
8 1 19 2 24 
1 1
20 1 17 

2 2
2 2
5 1 40 2 3 
8 1 44 2 5 
1 1
13 1 33 

2 1
2 1
20 1 19 
8 1 38 
1 1
18 1 42 

1 1
1 1
2 1 36 

1 1
2 1
7 1 48 
5 1 32 

5 1
2 1
20 1 38 
11 1 40 
2 1
12 1 28 
4 1 34 
1 1
10 1 25 
1 1
16 1 48 
2 1
15 1 31 
2 1 26 

4 3
1 1
14 2 7 
1 2
5 2 3 3 1 
2 1
19 2 1 
2 2 10 
1 3
13 1 12 2 3 3 5 

4 1
2 1
8 1 20 
10 1 18 
1 1
4 1 40 
1 1
12 1 24 
1 1
20 1 35 

2 2
1 1
17 1 4 
1 2
16 1 43 2 1 

4 2
2 1
13 1 5 
6 1 3 
2 2
5 1 5 2 37 
7 1 4 2 3 
2 1
17 1 27 
16 1 4 
1 2
11 1 13 2 1 


10
3 2
1 1
6 1 28 
1 1
13 2 1 
2 2
9 1 13 2 8 
1 1 17 2 16 

3 2
1 1
4 1 5 
1 1
19 1 6 
1 2
17 1 15 2 8 

1 1
2 1
10 1 12 
11 1 42 

5 2
1 1
7 2 18 
1 1
3 2 4 
1 1
14 2 30 
1 2
1 1 24 2 10 
1 1
20 2 16 

4 2
1 1
1 2 19 
2 2
19 1 12 2 11 
6 1 2 2 17 
1 2
3 1 11 2 19 
2 1
5 2 5 
17 2 3 

5 2
1 1
1 2 36 
2 1
13 1 13 
4 1 11 
1 1
11 1 33 
2 1
20 1 7 
5 1 2 
2 2
12 1 4 2 7 
7 1 17 2 29 

5 2
2 1
7 1 12 
12 1 30 
1 2
18 1 33 2 8 
1 2
4 1 8 2 3 
1 2
10 1 10 2 4 
2 2
9 1 10 2 2 
15 1 6 2 1 

3 3
1 3
9 1 20 2 18 3 3 
2 1
7 2 19 
6 2 20 
2 3
3 1 2 2 4 3 3 
18 1 19 2 11 3 18 

4 3
2 3
3 1 18 2 3 3 16 
17 1 6 2 18 3 10 
1 2
11 2 2 3 19 
2 3
10 1 12 2 17 3 1 
12 1 5 2 17 3 2 
2 1
16 3 4 
4 3 13 

5 5
2 1
18 3 13 
8 3 2 
1 3
7 1 4 2 6 3 15 
1 2
4 2 4 3 10 
2 3
15 1 6 2 2 3 1 
10 1 2 2 7 3 7 
1 5
2 1 4 2 7 3 2 4 21 5 4 


