10 20 100 2 2

10
2 1
8 1
19 1 11 
4 1 31 
13 1 45 
9 1 28 
6 1 8 
7 1 35 
11 1 23 
20 1 31 
10 1
5 1 10 
1 1 24 
3 1 38 
14 1 39 
8 1 17 
12 1 41 
15 1 5 
2 1 28 
17 1 38 
16 1 47 

2 2
8 1
9 1 6 
5 1 4 
1 1 9 
3 1 15 
12 1 6 
11 1 8 
6 1 18 
8 1 23 
5 2
2 1 15 2 26 
20 1 2 2 8 
15 1 10 2 1 
14 1 3 2 12 
18 1 14 2 27 

1 1
2 1
4 1 6 
11 1 31 

2 1
7 1
8 1 42 
7 1 13 
5 1 29 
9 1 27 
17 1 19 
14 1 47 
10 1 45 
7 1
12 1 25 
6 1 31 
19 1 22 
11 1 21 
15 1 15 
1 1 24 
2 1 17 

1 1
7 1
19 1 40 
5 1 24 
15 1 45 
1 1 28 
11 1 45 
12 1 36 
18 1 46 

1 1
6 1
13 1 9 
3 1 11 
5 1 49 
8 1 15 
2 1 26 
10 1 11 

1 1
4 1
3 1 40 
19 1 5 
7 1 45 
5 1 46 

2 1
5 1
16 1 49 
7 1 36 
18 1 9 
15 1 7 
19 1 20 
4 1
12 1 32 
10 1 29 
20 1 43 
5 1 10 

2 2
9 1
9 1 3 
16 1 3 
12 1 6 
13 1 4 
8 1 2 
20 1 15 
10 1 15 
5 1 7 
4 1 27 
3 2
15 1 7 2 19 
3 1 6 2 14 
19 1 32 2 12 

1 1
9 1
1 1 24 
8 1 49 
15 1 37 
6 1 5 
20 1 20 
11 1 36 
7 1 5 
17 1 19 
12 1 14 


10
1 1
6 1
18 1 24 
11 1 18 
20 1 44 
19 1 30 
17 1 29 
16 1 20 

2 2
6 1
2 2 2 
14 2 18 
15 2 4 
5 2 1 
3 2 25 
4 2 3 
2 2
1 1 23 2 12 
13 1 8 2 4 

1 1
7 1
12 1 15 
9 1 28 
7 1 9 
13 1 38 
8 1 49 
1 1 40 
3 1 20 

2 2
3 2
4 1 8 2 37 
7 1 3 2 2 
2 1 42 2 2 
9 1
19 1 2 
12 1 25 
20 1 3 
10 1 7 
9 1 5 
16 1 22 
13 1 20 
5 1 4 
11 1 9 

2 2
8 2
11 1 4 2 33 
13 1 26 2 14 
6 1 33 2 2 
3 1 13 2 1 
1 1 15 2 2 
9 1 8 2 6 
12 1 11 2 4 
8 1 8 2 12 
1 1
7 1 23 

1 1
9 1
13 1 41 
16 1 27 
12 1 49 
9 1 6 
6 1 30 
20 1 9 
15 1 14 
3 1 29 
5 1 13 

1 1
1 1
19 1 7 

2 2
6 2
6 1 11 2 1 
18 1 4 2 2 
14 1 2 2 37 
16 1 19 2 13 
19 1 8 2 10 
12 1 3 2 46 
2 2
13 1 12 2 33 
8 1 16 2 12 

1 1
4 1
5 1 44 
17 1 32 
20 1 33 
3 1 48 

1 1
8 1
12 1 32 
18 1 34 
7 1 30 
1 1 43 
14 1 9 
19 1 44 
11 1 44 
8 1 24 


10
1 1
4 1
8 1 24 
13 1 49 
7 1 47 
18 1 45 

1 1
7 1
2 1 40 
12 1 41 
1 1 42 
7 1 43 
11 1 47 
16 1 24 
15 1 36 

1 1
1 1
5 1 8 

1 1
5 1
3 1 16 
6 1 20 
10 1 32 
11 1 40 
13 1 44 

2 2
7 2
5 1 23 2 12 
8 1 7 2 1 
17 1 9 2 12 
9 1 7 2 32 
20 1 4 2 14 
18 1 3 2 35 
15 1 5 2 39 
2 2
4 1 19 2 20 
3 1 22 2 1 

1 1
4 1
17 1 43 
13 1 20 
15 1 38 
12 1 18 

1 1
4 1
19 1 11 
2 1 23 
14 1 18 
4 1 34 

2 1
1 1
6 1 42 
6 1
2 1 48 
16 1 45 
19 1 6 
3 1 15 
18 1 20 
5 1 25 

2 1
7 1
18 1 48 
8 1 12 
3 1 48 
11 1 45 
15 1 40 
2 1 18 
12 1 11 
4 1
16 1 46 
10 1 33 
20 1 13 
6 1 30 

1 1
5 1
9 1 49 
18 1 28 
3 1 8 
13 1 28 
4 1 11 


10
1 1
2 1
13 1 10 
16 1 34 

2 2
7 2
18 1 12 2 17 
15 1 7 2 5 
10 1 4 2 2 
7 1 17 2 14 
17 1 5 2 10 
4 1 5 2 9 
14 1 41 2 7 
8 2
19 1 11 2 18 
1 1 12 2 34 
12 1 17 2 29 
20 1 21 2 19 
5 1 13 2 13 
2 1 15 2 28 
11 1 2 2 3 
3 1 4 2 38 

2 1
6 1
8 1 42 
19 1 9 
4 1 41 
11 1 20 
3 1 21 
14 1 9 
6 1
1 1 22 
9 1 48 
10 1 31 
20 1 42 
6 1 29 
2 1 35 

1 1
10 1
9 1 13 
18 1 37 
3 1 23 
8 1 34 
16 1 43 
17 1 26 
5 1 36 
20 1 10 
19 1 35 
7 1 46 

1 1
7 1
20 1 47 
1 1 14 
6 1 31 
17 1 5 
11 1 37 
4 1 45 
8 1 48 

1 1
7 1
8 1 44 
16 1 30 
12 1 34 
1 1 26 
3 1 7 
4 1 30 
14 1 7 

2 1
1 1
17 1 11 
1 1
11 1 31 

1 1
7 1
5 1 37 
9 1 32 
17 1 26 
8 1 31 
1 1 24 
16 1 23 
10 1 16 

1 1
8 1
12 1 28 
4 1 48 
2 1 6 
8 1 22 
20 1 47 
7 1 42 
9 1 11 
1 1 47 

2 2
3 2
13 1 8 2 12 
10 1 14 2 31 
8 1 9 2 2 
7 2
18 1 6 2 1 
20 1 2 2 17 
5 1 36 2 6 
15 1 9 2 7 
16 1 24 2 12 
19 1 9 2 6 
1 1 7 2 19 


10
2 2
1 1
1 2 2 
7 2
8 1 3 2 7 
13 1 23 2 1 
6 1 19 2 2 
15 1 16 2 17 
2 1 6 2 3 
16 1 6 2 26 
10 1 8 2 13 

1 1
5 1
2 1 24 
11 1 33 
18 1 34 
12 1 11 
8 1 8 

2 2
9 1
4 2 14 
9 2 11 
13 2 21 
3 2 3 
11 2 27 
1 2 36 
16 2 6 
10 2 29 
5 2 12 
2 2
15 1 7 2 27 
19 1 11 2 19 

2 1
3 1
7 1 23 
9 1 22 
11 1 31 
6 1
20 1 42 
13 1 40 
4 1 26 
8 1 19 
15 1 35 
1 1 24 

2 1
2 1
5 1 28 
13 1 40 
5 1
12 1 38 
18 1 31 
9 1 35 
10 1 20 
19 1 7 

1 1
4 1
4 1 41 
2 1 49 
19 1 31 
7 1 47 

1 1
2 1
7 1 42 
2 1 45 

2 1
3 1
11 1 42 
1 1 40 
4 1 6 
4 1
20 1 47 
13 1 5 
10 1 9 
17 1 16 

1 1
3 1
20 1 9 
19 1 38 
14 1 44 

2 2
5 2
17 1 4 2 16 
14 1 13 2 2 
18 1 2 2 19 
10 1 4 2 11 
1 1 29 2 19 
8 2
7 1 19 2 9 
20 1 7 2 25 
3 1 5 2 5 
11 1 10 2 8 
2 1 13 2 22 
16 1 10 2 33 
19 1 8 2 19 
12 1 24 2 24 


10
1 1
10 1
15 1 30 
13 1 21 
4 1 45 
3 1 40 
1 1 39 
18 1 45 
20 1 28 
7 1 41 
5 1 32 
19 1 20 

1 1
3 1
11 1 18 
19 1 45 
10 1 9 

2 2
8 1
12 1 27 
10 1 2 
14 1 2 
7 1 36 
20 1 6 
15 1 23 
9 1 5 
13 1 3 
4 2
16 1 23 2 7 
4 1 17 2 24 
17 1 2 2 3 
5 1 28 2 11 

2 2
9 2
10 1 3 2 3 
11 1 12 2 37 
9 1 25 2 19 
14 1 4 2 9 
19 1 8 2 28 
15 1 7 2 22 
16 1 12 2 10 
4 1 9 2 30 
17 1 6 2 19 
4 2
8 1 2 2 15 
18 1 5 2 2 
13 1 2 2 12 
5 1 2 2 19 

1 1
5 1
9 1 37 
16 1 27 
10 1 17 
5 1 6 
1 1 19 

2 1
4 1
17 1 16 
15 1 21 
16 1 25 
20 1 5 
6 1
14 1 42 
5 1 38 
6 1 21 
19 1 30 
3 1 28 
7 1 44 

2 1
1 1
6 1 18 
1 1
9 1 26 

1 1
5 1
6 1 31 
15 1 32 
20 1 7 
10 1 16 
1 1 8 

1 1
5 1
5 1 36 
15 1 21 
20 1 5 
8 1 34 
18 1 8 

1 1
2 1
10 1 29 
3 1 46 


10
2 2
4 2
10 1 8 2 31 
13 1 16 2 2 
17 1 20 2 3 
8 1 3 2 5 
10 2
3 1 15 2 29 
12 1 9 2 10 
11 1 33 2 12 
6 1 26 2 2 
14 1 4 2 30 
20 1 3 2 11 
1 1 4 2 24 
15 1 6 2 39 
9 1 6 2 34 
5 1 6 2 10 

1 1
6 1
15 1 11 
14 1 16 
18 1 22 
4 1 19 
6 1 11 
5 1 10 

2 1
2 1
11 1 48 
7 1 21 
9 1
17 1 21 
9 1 14 
6 1 35 
14 1 36 
16 1 28 
12 1 15 
5 1 12 
13 1 27 
8 1 31 

1 1
10 1
1 1 49 
20 1 34 
4 1 24 
7 1 9 
11 1 31 
19 1 28 
10 1 23 
15 1 40 
5 1 5 
6 1 47 

1 1
8 1
19 1 45 
4 1 26 
7 1 8 
6 1 43 
13 1 37 
11 1 41 
17 1 49 
9 1 22 

2 1
9 1
12 1 39 
17 1 18 
8 1 16 
11 1 12 
7 1 32 
14 1 8 
6 1 19 
3 1 13 
10 1 30 
6 1
5 1 20 
15 1 24 
2 1 29 
1 1 35 
9 1 30 
18 1 16 

2 2
8 2
6 1 3 2 30 
20 1 28 2 10 
14 1 17 2 3 
3 1 14 2 9 
11 1 25 2 15 
4 1 7 2 1 
19 1 9 2 19 
13 1 18 2 4 
10 1
10 2 9 
2 2 3 
18 2 5 
12 2 22 
17 2 27 
15 2 2 
1 2 24 
9 2 20 
7 2 3 
16 2 30 

1 1
8 1
3 1 12 
13 1 18 
6 1 12 
2 1 43 
19 1 7 
7 1 49 
16 1 22 
17 1 46 

2 2
3 1
15 1 4 
2 1 35 
12 1 7 
9 2
13 1 13 2 2 
14 1 10 2 2 
5 1 35 2 11 
1 1 13 2 6 
9 1 11 2 37 
18 1 8 2 2 
16 1 42 2 5 
19 1 10 2 18 
7 1 8 2 20 

2 2
10 1
1 1 9 
7 1 3 
17 1 22 
4 1 21 
11 1 19 
8 1 4 
15 1 16 
20 1 14 
19 1 18 
2 1 2 
3 2
14 1 6 2 1 
18 1 25 2 9 
9 1 6 2 8 


10
2 1
9 1
4 1 41 
6 1 6 
3 1 41 
12 1 17 
17 1 46 
2 1 40 
15 1 39 
14 1 36 
10 1 34 
10 1
11 1 43 
20 1 23 
19 1 23 
18 1 19 
9 1 30 
5 1 13 
7 1 41 
16 1 43 
8 1 12 
13 1 11 

1 1
9 1
3 1 17 
17 1 7 
6 1 7 
5 1 40 
8 1 37 
1 1 44 
14 1 44 
11 1 23 
2 1 47 

1 1
5 1
3 1 19 
7 1 44 
12 1 8 
1 1 16 
9 1 21 

2 1
2 1
6 1 42 
17 1 10 
8 1
2 1 31 
16 1 37 
12 1 27 
4 1 42 
20 1 14 
8 1 30 
19 1 26 
11 1 46 

1 1
10 1
6 1 40 
12 1 39 
17 1 42 
10 1 34 
13 1 11 
19 1 44 
1 1 34 
7 1 33 
4 1 7 
15 1 48 

1 1
4 1
20 1 45 
13 1 35 
19 1 37 
18 1 47 

2 2
3 2
3 1 5 2 38 
9 1 4 2 5 
7 1 5 2 14 
1 1
18 2 1 

1 1
3 1
5 1 29 
8 1 44 
18 1 6 

2 1
8 1
17 1 38 
15 1 41 
18 1 37 
13 1 33 
4 1 21 
10 1 43 
2 1 9 
12 1 6 
4 1
8 1 6 
3 1 33 
5 1 26 
20 1 7 

2 2
10 2
11 1 12 2 17 
7 1 8 2 29 
17 1 15 2 15 
5 1 5 2 2 
4 1 7 2 5 
19 1 29 2 18 
16 1 28 2 4 
8 1 5 2 12 
12 1 15 2 7 
1 1 7 2 39 
9 2
20 1 22 2 24 
14 1 15 2 5 
15 1 29 2 10 
13 1 10 2 1 
3 1 9 2 5 
18 1 15 2 24 
2 1 7 2 12 
10 1 22 2 3 
6 1 9 2 40 


10
2 2
10 2
17 1 4 2 1 
16 1 23 2 8 
15 1 7 2 23 
1 1 38 2 3 
14 1 2 2 44 
6 1 4 2 5 
7 1 7 2 2 
20 1 3 2 2 
11 1 5 2 10 
12 1 25 2 2 
6 1
3 2 20 
18 2 21 
9 2 5 
2 2 12 
8 2 14 
10 2 16 

2 2
7 1
5 2 7 
12 2 26 
20 2 21 
18 2 1 
17 2 6 
9 2 4 
14 2 11 
5 2
19 1 2 2 39 
13 1 6 2 3 
11 1 12 2 19 
15 1 17 2 30 
1 1 4 2 26 

1 1
2 1
18 1 13 
14 1 41 

1 1
5 1
11 1 48 
7 1 18 
9 1 33 
2 1 41 
19 1 29 

2 2
2 1
18 2 6 
20 2 25 
9 2
6 1 12 2 3 
12 1 17 2 21 
9 1 17 2 30 
5 1 2 2 5 
19 1 13 2 22 
2 1 37 2 12 
10 1 15 2 3 
1 1 16 2 31 
14 1 14 2 7 

1 1
7 1
20 1 23 
11 1 18 
16 1 44 
1 1 11 
6 1 43 
17 1 43 
15 1 14 

1 1
3 1
15 1 32 
3 1 44 
17 1 35 

1 1
1 1
20 1 39 

1 1
1 1
7 1 49 

2 1
2 1
7 1 28 
4 1 32 
9 1
1 1 36 
18 1 33 
11 1 48 
20 1 9 
13 1 38 
17 1 37 
8 1 36 
14 1 28 
16 1 16 


10
2 2
2 2
1 1 10 2 18 
4 1 13 2 2 
1 1
5 2 6 

1 1
5 1
12 1 42 
10 1 23 
1 1 48 
5 1 47 
9 1 11 

2 1
10 1
17 1 17 
1 1 28 
14 1 21 
5 1 18 
11 1 45 
13 1 23 
16 1 23 
20 1 29 
6 1 32 
4 1 46 
10 1
12 1 43 
18 1 36 
9 1 35 
15 1 10 
2 1 24 
19 1 25 
10 1 30 
8 1 27 
3 1 25 
7 1 43 

2 2
10 1
8 1 2 
2 1 2 
1 1 15 
5 1 8 
20 1 3 
11 1 31 
6 1 22 
3 1 32 
12 1 6 
16 1 19 
7 2
10 1 17 2 5 
9 1 7 2 17 
4 1 13 2 6 
18 1 29 2 18 
13 1 39 2 1 
19 1 14 2 6 
17 1 6 2 8 

1 1
4 1
5 1 21 
8 1 14 
14 1 24 
9 1 44 

1 1
9 1
17 1 49 
15 1 36 
1 1 37 
10 1 42 
18 1 28 
14 1 10 
2 1 30 
9 1 28 
16 1 20 

2 2
1 1
5 1 3 
5 2
19 1 16 2 6 
2 1 8 2 23 
9 1 20 2 22 
4 1 9 2 2 
1 1 16 2 14 

1 1
4 1
12 1 26 
6 1 20 
14 1 44 
13 1 28 

2 1
1 1
7 1 38 
1 1
16 1 16 

1 1
2 1
1 1 13 
12 1 46 


