10 20 100 2 2

10
2 1
10 1
4 1 45 
7 1 10 
14 1 22 
15 1 48 
16 1 30 
13 1 44 
18 1 13 
10 1 17 
20 1 17 
19 1 45 
1 1
13 1 26 

2 1
10 1
1 1 49 
15 1 22 
16 1 10 
17 1 22 
11 1 29 
5 1 38 
13 1 48 
20 1 33 
19 1 42 
14 1 7 
6 1
4 1 18 
8 1 14 
3 1 16 
12 1 36 
7 1 43 
13 1 41 

1 1
3 1
7 1 35 
17 1 29 
5 1 10 

2 2
4 1
5 2 30 
14 2 1 
12 2 41 
11 2 3 
10 2
11 1 7 2 2 
3 1 8 2 30 
14 1 5 2 7 
12 1 17 2 5 
13 1 7 2 17 
20 1 24 2 22 
19 1 3 2 21 
8 1 40 2 6 
10 1 5 2 6 
9 1 29 2 17 

1 1
2 1
9 1 22 
20 1 20 

2 2
3 2
16 1 17 2 7 
9 1 4 2 17 
3 1 7 2 3 
5 2
5 1 7 2 29 
7 1 7 2 22 
12 1 11 2 8 
18 1 6 2 42 
2 1 2 2 3 

2 1
6 1
18 1 29 
4 1 42 
7 1 23 
11 1 6 
6 1 16 
13 1 13 
6 1
13 1 26 
6 1 45 
10 1 25 
4 1 42 
20 1 16 
11 1 16 

1 1
10 1
10 1 24 
11 1 6 
5 1 37 
20 1 45 
18 1 35 
12 1 18 
1 1 24 
15 1 19 
6 1 39 
4 1 28 

1 1
8 1
14 1 25 
18 1 46 
20 1 11 
2 1 9 
19 1 14 
8 1 34 
13 1 24 
12 1 13 

2 2
8 2
1 1 11 2 2 
14 1 30 2 4 
11 1 14 2 16 
8 1 2 2 41 
15 1 18 2 13 
20 1 31 2 17 
12 1 43 2 5 
17 1 5 2 20 
7 2
12 1 8 2 13 
13 1 18 2 14 
5 1 13 2 29 
19 1 9 2 24 
14 1 32 2 1 
8 1 15 2 11 
4 1 18 2 14 


10
1 1
7 1
1 1 21 
6 1 7 
16 1 47 
15 1 26 
8 1 19 
3 1 49 
12 1 8 

2 1
8 1
19 1 6 
4 1 48 
18 1 25 
2 1 25 
3 1 32 
9 1 9 
7 1 34 
11 1 34 
8 1
1 1 36 
12 1 26 
13 1 25 
5 1 18 
2 1 46 
8 1 25 
10 1 26 
4 1 34 

2 1
5 1
2 1 6 
11 1 24 
7 1 20 
19 1 14 
12 1 7 
1 1
12 1 35 

2 2
3 2
13 1 10 2 17 
3 1 7 2 7 
18 1 21 2 1 
2 2
11 1 3 2 15 
19 1 2 2 30 

1 1
2 1
11 1 42 
4 1 41 

1 1
5 1
20 1 39 
3 1 30 
6 1 35 
18 1 9 
1 1 45 

2 2
1 2
2 1 9 2 12 
7 1
6 2 39 
11 2 1 
16 2 4 
8 2 10 
17 2 1 
20 2 13 
1 2 2 

1 1
3 1
11 1 41 
20 1 20 
5 1 18 

2 1
5 1
7 1 36 
15 1 9 
3 1 21 
17 1 43 
12 1 20 
4 1
12 1 45 
8 1 42 
14 1 14 
9 1 37 

2 1
5 1
16 1 7 
8 1 49 
2 1 31 
12 1 13 
15 1 7 
10 1
2 1 46 
11 1 31 
16 1 22 
17 1 41 
8 1 26 
13 1 14 
19 1 41 
14 1 45 
12 1 26 
6 1 47 


10
2 2
6 2
20 1 19 2 9 
7 1 37 2 3 
9 1 10 2 12 
3 1 12 2 27 
12 1 20 2 2 
1 1 10 2 20 
4 2
5 1 32 2 12 
19 1 11 2 20 
10 1 7 2 12 
12 1 5 2 4 

2 1
7 1
12 1 19 
4 1 37 
8 1 7 
17 1 9 
5 1 26 
18 1 44 
2 1 41 
9 1
10 1 16 
12 1 48 
4 1 42 
19 1 26 
1 1 31 
7 1 12 
5 1 37 
11 1 45 
13 1 9 

2 1
3 1
1 1 40 
11 1 22 
16 1 18 
4 1
14 1 20 
6 1 35 
10 1 32 
13 1 16 

2 1
3 1
14 1 10 
5 1 38 
12 1 44 
9 1
15 1 32 
13 1 38 
14 1 47 
7 1 39 
19 1 5 
3 1 18 
5 1 40 
6 1 24 
12 1 8 

2 1
9 1
17 1 27 
7 1 19 
10 1 44 
11 1 9 
6 1 29 
14 1 45 
5 1 34 
4 1 36 
20 1 42 
5 1
5 1 23 
6 1 22 
4 1 27 
19 1 28 
8 1 12 

2 2
5 2
1 1 3 2 13 
2 1 10 2 35 
11 1 2 2 10 
9 1 13 2 21 
17 1 20 2 21 
5 2
9 1 13 2 4 
5 1 12 2 9 
6 1 39 2 2 
14 1 18 2 25 
3 1 6 2 36 

2 2
7 2
17 1 27 2 1 
4 1 18 2 26 
9 1 17 2 4 
14 1 16 2 33 
1 1 2 2 17 
16 1 15 2 9 
11 1 27 2 5 
2 1
8 1 4 
5 1 18 

2 2
9 1
8 1 5 
11 1 13 
14 1 12 
19 1 5 
2 1 14 
20 1 18 
4 1 5 
6 1 3 
15 1 16 
4 2
14 1 13 2 13 
5 1 25 2 14 
8 1 32 2 2 
18 1 16 2 3 

1 1
6 1
13 1 7 
6 1 34 
12 1 7 
18 1 5 
1 1 31 
19 1 38 

2 1
10 1
10 1 15 
11 1 45 
17 1 29 
18 1 26 
15 1 11 
3 1 36 
12 1 5 
1 1 13 
6 1 23 
9 1 36 
6 1
6 1 39 
17 1 39 
4 1 34 
11 1 47 
15 1 16 
14 1 16 


10
2 1
10 1
7 1 12 
12 1 29 
14 1 21 
18 1 42 
16 1 8 
20 1 9 
2 1 27 
17 1 11 
4 1 45 
3 1 22 
8 1
5 1 12 
8 1 21 
11 1 44 
19 1 32 
18 1 10 
1 1 17 
3 1 15 
4 1 32 

2 1
6 1
12 1 25 
5 1 16 
2 1 34 
1 1 29 
4 1 32 
3 1 48 
4 1
3 1 41 
8 1 35 
6 1 16 
16 1 15 

2 2
9 2
7 1 25 2 10 
1 1 3 2 6 
17 1 34 2 4 
8 1 7 2 19 
10 1 26 2 1 
16 1 7 2 11 
18 1 21 2 15 
11 1 12 2 19 
20 1 2 2 13 
3 1
16 1 9 
20 1 7 
7 1 25 

1 1
9 1
19 1 30 
11 1 16 
17 1 46 
15 1 43 
1 1 21 
13 1 22 
14 1 18 
8 1 8 
10 1 40 

2 1
7 1
16 1 13 
6 1 19 
8 1 35 
19 1 34 
3 1 19 
5 1 48 
7 1 44 
2 1
11 1 6 
1 1 48 

1 1
10 1
4 1 12 
5 1 5 
9 1 32 
17 1 34 
10 1 35 
18 1 30 
19 1 5 
13 1 24 
15 1 34 
2 1 16 

2 1
9 1
1 1 25 
16 1 15 
15 1 16 
6 1 11 
17 1 15 
11 1 20 
18 1 18 
5 1 46 
12 1 42 
2 1
17 1 30 
4 1 21 

2 1
9 1
3 1 24 
6 1 43 
10 1 5 
9 1 40 
14 1 27 
17 1 10 
8 1 5 
16 1 26 
20 1 29 
10 1
13 1 43 
9 1 5 
15 1 43 
16 1 26 
20 1 11 
4 1 28 
1 1 39 
14 1 8 
5 1 25 
11 1 35 

1 1
1 1
1 1 34 

2 1
9 1
8 1 44 
6 1 9 
2 1 5 
1 1 28 
10 1 42 
16 1 37 
3 1 12 
13 1 16 
9 1 46 
2 1
17 1 27 
1 1 7 


10
1 1
3 1
11 1 38 
2 1 10 
18 1 46 

1 1
5 1
15 1 14 
7 1 29 
17 1 18 
13 1 28 
19 1 42 

2 2
6 2
5 1 35 2 3 
4 1 8 2 28 
9 1 27 2 7 
12 1 16 2 18 
3 1 4 2 29 
6 1 5 2 1 
1 1
16 1 8 

1 1
5 1
4 1 18 
16 1 47 
11 1 27 
6 1 11 
8 1 30 

1 1
2 1
20 1 17 
16 1 22 

1 1
5 1
20 1 30 
12 1 9 
5 1 32 
13 1 31 
9 1 30 

1 1
2 1
15 1 11 
18 1 22 

1 1
4 1
7 1 49 
15 1 24 
4 1 8 
1 1 23 

1 1
9 1
10 1 34 
1 1 27 
9 1 15 
6 1 32 
20 1 8 
14 1 41 
8 1 37 
13 1 18 
2 1 17 

2 2
5 1
13 1 18 
1 1 6 
6 1 19 
4 1 20 
9 1 8 
7 2
10 1 21 2 22 
9 1 11 2 16 
16 1 2 2 3 
1 1 8 2 41 
4 1 4 2 11 
18 1 10 2 32 
11 1 6 2 18 


10
1 1
8 1
6 1 26 
2 1 22 
3 1 16 
16 1 12 
7 1 25 
9 1 23 
18 1 25 
19 1 14 

1 1
9 1
5 1 11 
15 1 13 
11 1 16 
1 1 33 
6 1 7 
7 1 37 
18 1 37 
19 1 5 
8 1 48 

2 2
3 1
11 2 1 
7 2 10 
10 2 11 
8 2
6 1 9 2 6 
7 1 17 2 32 
13 1 22 2 23 
14 1 18 2 4 
4 1 15 2 19 
12 1 3 2 2 
17 1 14 2 10 
1 1 11 2 22 

1 1
4 1
9 1 42 
4 1 11 
8 1 39 
5 1 48 

1 1
6 1
6 1 28 
7 1 40 
12 1 45 
11 1 17 
9 1 28 
19 1 27 

1 1
6 1
11 1 24 
9 1 18 
14 1 42 
17 1 23 
19 1 7 
4 1 48 

2 1
3 1
15 1 38 
19 1 32 
5 1 41 
4 1
1 1 10 
14 1 37 
7 1 24 
16 1 33 

1 1
4 1
5 1 39 
7 1 6 
13 1 30 
16 1 42 

1 1
1 1
20 1 23 

1 1
6 1
19 1 25 
5 1 24 
18 1 20 
7 1 40 
15 1 19 
6 1 32 


10
1 1
2 1
12 1 25 
10 1 30 

2 1
3 1
1 1 35 
7 1 8 
3 1 43 
8 1
15 1 21 
18 1 7 
4 1 38 
5 1 11 
10 1 39 
1 1 21 
17 1 9 
9 1 14 

2 2
2 1
10 2 6 
7 2 15 
2 2
2 1 19 2 23 
11 1 34 2 6 

2 2
6 2
3 1 27 2 19 
10 1 7 2 25 
1 1 18 2 13 
15 1 11 2 31 
8 1 26 2 14 
14 1 29 2 17 
5 2
11 1 21 2 2 
2 1 15 2 23 
7 1 2 2 16 
18 1 25 2 9 
20 1 36 2 13 

2 1
2 1
14 1 47 
11 1 16 
6 1
11 1 42 
20 1 46 
15 1 39 
5 1 16 
17 1 18 
13 1 48 

1 1
4 1
7 1 17 
18 1 42 
14 1 49 
10 1 34 

2 1
6 1
18 1 23 
12 1 42 
5 1 19 
20 1 10 
14 1 31 
8 1 38 
6 1
2 1 17 
14 1 40 
16 1 31 
13 1 12 
5 1 26 
10 1 35 

1 1
5 1
10 1 39 
9 1 37 
3 1 13 
19 1 28 
17 1 21 

2 1
1 1
20 1 36 
5 1
2 1 29 
20 1 17 
1 1 35 
5 1 6 
6 1 13 

1 1
7 1
5 1 19 
17 1 19 
3 1 20 
16 1 46 
11 1 9 
2 1 31 
10 1 13 


10
2 1
10 1
16 1 27 
17 1 22 
20 1 46 
11 1 29 
9 1 29 
12 1 46 
14 1 12 
2 1 32 
3 1 21 
8 1 8 
5 1
2 1 6 
8 1 32 
20 1 23 
9 1 12 
4 1 44 

1 1
6 1
10 1 36 
1 1 21 
7 1 10 
8 1 17 
19 1 37 
6 1 30 

2 2
9 2
16 1 20 2 8 
6 1 6 2 1 
3 1 4 2 35 
15 1 9 2 14 
2 1 13 2 21 
14 1 5 2 25 
4 1 12 2 29 
5 1 9 2 10 
9 1 3 2 8 
1 2
5 1 20 2 20 

1 1
4 1
5 1 47 
7 1 8 
15 1 11 
1 1 49 

1 1
1 1
7 1 48 

1 1
4 1
19 1 42 
13 1 22 
16 1 24 
7 1 7 

1 1
7 1
16 1 24 
2 1 25 
13 1 39 
11 1 33 
18 1 8 
15 1 17 
3 1 8 

1 1
10 1
12 1 15 
13 1 19 
4 1 6 
8 1 45 
6 1 14 
3 1 29 
1 1 27 
9 1 34 
5 1 42 
14 1 30 

1 1
5 1
20 1 31 
1 1 47 
12 1 28 
14 1 30 
6 1 5 

2 2
10 1
11 2 24 
12 2 10 
15 2 15 
9 2 23 
7 2 12 
14 2 4 
19 2 11 
13 2 36 
17 2 15 
2 2 7 
10 2
17 1 22 2 17 
7 1 7 2 19 
19 1 30 2 15 
12 1 13 2 6 
1 1 35 2 3 
6 1 18 2 27 
18 1 8 2 6 
2 1 15 2 4 
16 1 18 2 29 
15 1 2 2 8 


10
1 1
6 1
13 1 13 
11 1 15 
6 1 19 
4 1 14 
16 1 25 
5 1 37 

1 1
4 1
16 1 17 
7 1 48 
9 1 6 
8 1 31 

2 1
5 1
20 1 7 
6 1 33 
7 1 28 
14 1 30 
8 1 6 
7 1
1 1 16 
3 1 24 
10 1 32 
7 1 20 
18 1 33 
5 1 28 
20 1 41 

1 1
7 1
4 1 23 
20 1 42 
15 1 35 
10 1 23 
6 1 48 
7 1 34 
18 1 40 

1 1
3 1
2 1 23 
17 1 43 
6 1 49 

1 1
5 1
16 1 24 
4 1 21 
5 1 5 
18 1 43 
14 1 28 

1 1
8 1
2 1 45 
6 1 38 
7 1 41 
1 1 6 
11 1 27 
14 1 39 
12 1 14 
10 1 39 

2 1
1 1
2 1 24 
8 1
20 1 39 
14 1 20 
16 1 48 
19 1 10 
13 1 49 
8 1 13 
1 1 34 
10 1 23 

1 1
1 1
4 1 45 

2 1
1 1
9 1 11 
7 1
6 1 17 
3 1 7 
17 1 15 
20 1 39 
1 1 27 
19 1 32 
8 1 25 


10
1 1
4 1
7 1 15 
8 1 14 
17 1 16 
2 1 36 

1 1
2 1
15 1 10 
9 1 44 

1 1
4 1
12 1 20 
1 1 25 
20 1 34 
14 1 49 

2 2
2 1
20 2 2 
15 2 10 
6 2
14 1 18 2 2 
20 1 33 2 12 
16 1 5 2 1 
8 1 10 2 20 
17 1 15 2 6 
10 1 30 2 7 

1 1
7 1
2 1 17 
19 1 32 
18 1 17 
7 1 12 
9 1 26 
6 1 26 
20 1 15 

2 2
4 1
2 2 6 
12 2 2 
9 2 9 
5 2 29 
4 2
14 1 7 2 23 
3 1 10 2 5 
7 1 17 2 2 
16 1 4 2 11 

2 2
6 1
17 1 40 
4 1 18 
16 1 9 
19 1 22 
10 1 9 
7 1 9 
4 2
9 1 36 2 3 
12 1 8 2 9 
20 1 22 2 17 
7 1 26 2 12 

1 1
7 1
13 1 16 
5 1 17 
14 1 7 
20 1 34 
15 1 27 
9 1 42 
8 1 27 

1 1
9 1
2 1 33 
9 1 46 
7 1 49 
18 1 26 
15 1 35 
8 1 22 
17 1 26 
3 1 17 
10 1 33 

2 1
6 1
8 1 26 
6 1 26 
3 1 32 
10 1 26 
14 1 14 
2 1 48 
4 1
16 1 44 
8 1 17 
2 1 43 
5 1 26 


