10 50 100 4 5

10
5 4
1 3
40 1 8 2 7 3 8 
1 1
14 2 2 
3 4
18 1 12 2 5 3 11 4 7 
6 1 12 2 21 3 2 4 10 
50 1 5 2 2 3 15 4 1 
1 4
46 1 15 2 3 3 12 4 2 
6 1
7 1 5 
24 1 8 
5 1 8 
12 1 5 
36 1 2 
17 1 9 

2 1
3 1
11 1 41 
39 1 10 
25 1 25 
7 1
5 1 25 
50 1 27 
4 1 29 
8 1 11 
7 1 29 
12 1 29 
30 1 43 

3 3
6 2
26 2 13 3 11 
20 2 8 3 7 
14 2 22 3 7 
46 2 19 3 8 
49 2 1 3 19 
34 2 4 3 16 
9 1
44 1 3 
17 1 4 
19 1 4 
11 1 5 
29 1 2 
2 1 14 
27 1 11 
28 1 10 
37 1 7 
9 3
7 1 21 2 3 3 11 
39 1 5 2 5 3 2 
31 1 4 2 2 3 27 
1 1 3 2 4 3 1 
30 1 10 2 4 3 16 
38 1 5 2 6 3 31 
50 1 2 2 4 3 2 
21 1 20 2 12 3 14 
33 1 2 2 7 3 10 

3 2
4 2
30 1 13 2 4 
31 1 9 2 11 
46 1 8 2 1 
44 1 16 2 2 
9 1
15 1 19 
20 1 27 
45 1 5 
24 1 18 
18 1 4 
48 1 15 
47 1 15 
22 1 4 
34 1 37 
10 1
39 1 12 
25 1 5 
32 1 31 
27 1 26 
26 1 6 
41 1 6 
16 1 3 
6 1 12 
17 1 34 
14 1 5 

3 1
10 1
47 1 9 
50 1 43 
38 1 27 
43 1 20 
49 1 23 
25 1 27 
14 1 29 
21 1 8 
24 1 13 
27 1 36 
4 1
32 1 7 
22 1 8 
8 1 23 
3 1 41 
1 1
42 1 31 

4 1
9 1
46 1 18 
38 1 12 
6 1 34 
3 1 22 
19 1 17 
14 1 18 
40 1 23 
41 1 25 
50 1 32 
1 1
8 1 44 
9 1
45 1 32 
35 1 23 
34 1 40 
31 1 5 
25 1 31 
42 1 9 
1 1 23 
37 1 35 
12 1 17 
10 1
26 1 42 
15 1 14 
13 1 41 
7 1 35 
18 1 33 
36 1 8 
39 1 46 
21 1 12 
48 1 47 
33 1 39 

1 1
6 1
10 1 46 
21 1 43 
5 1 28 
31 1 31 
2 1 15 
4 1 21 

1 1
9 1
48 1 9 
37 1 39 
49 1 28 
17 1 30 
42 1 27 
1 1 7 
16 1 40 
39 1 8 
50 1 40 

1 1
6 1
4 1 10 
42 1 49 
25 1 24 
29 1 49 
43 1 14 
33 1 25 

5 4
4 1
21 4 7 
2 4 2 
42 4 21 
4 4 1 
9 3
8 2 1 3 5 4 2 
3 2 5 3 3 4 3 
7 2 1 3 1 4 2 
36 2 7 3 11 4 1 
19 2 2 3 4 4 7 
29 2 3 3 3 4 1 
17 2 2 3 17 4 4 
38 2 3 3 1 4 1 
1 2 7 3 14 4 10 
3 1
46 3 3 
18 3 1 
10 3 13 
8 1
35 3 17 
26 3 5 
32 3 7 
43 3 2 
12 3 4 
41 3 15 
33 3 22 
9 3 2 
8 4
6 1 4 2 10 3 25 4 9 
37 1 3 2 8 3 2 4 7 
45 1 4 2 3 3 2 4 4 
47 1 8 2 5 3 5 4 1 
28 1 5 2 2 3 4 4 4 
44 1 3 2 5 3 2 4 6 
48 1 7 2 14 3 2 4 2 
25 1 11 2 6 3 14 4 1 


10
4 1
3 1
47 1 14 
36 1 13 
39 1 24 
2 1
9 1 19 
21 1 27 
3 1
24 1 25 
15 1 44 
7 1 47 
5 1
45 1 11 
40 1 36 
5 1 37 
43 1 32 
33 1 14 

5 1
5 1
9 1 41 
40 1 13 
47 1 9 
12 1 37 
36 1 39 
5 1
14 1 28 
50 1 25 
48 1 10 
49 1 7 
17 1 23 
1 1
38 1 12 
9 1
39 1 24 
13 1 37 
21 1 26 
11 1 44 
10 1 42 
30 1 25 
20 1 21 
18 1 23 
7 1 20 
3 1
42 1 36 
45 1 34 
33 1 9 

3 3
4 3
33 1 8 2 38 3 2 
31 1 14 2 6 3 15 
13 1 2 2 6 3 4 
21 1 4 2 15 3 16 
8 2
4 2 4 3 5 
45 2 18 3 2 
29 2 20 3 10 
5 2 3 3 5 
41 2 2 3 5 
17 2 10 3 7 
8 2 1 3 2 
37 2 2 3 21 
7 2
26 2 4 3 10 
11 2 7 3 1 
25 2 4 3 2 
36 2 13 3 4 
18 2 1 3 8 
27 2 1 3 8 
47 2 7 3 5 

4 1
6 1
47 1 7 
45 1 8 
6 1 41 
24 1 23 
49 1 43 
44 1 30 
8 1
16 1 17 
2 1 26 
25 1 47 
5 1 32 
27 1 12 
41 1 33 
7 1 42 
18 1 41 
7 1
48 1 25 
26 1 33 
13 1 11 
39 1 8 
3 1 36 
22 1 12 
31 1 18 
1 1
46 1 11 

3 3
8 1
36 1 4 
39 1 2 
47 1 20 
6 1 6 
28 1 28 
3 1 6 
7 1 5 
45 1 26 
5 2
5 2 5 3 8 
22 2 12 3 6 
42 2 10 3 4 
23 2 11 3 12 
41 2 5 3 4 
3 3
40 1 2 2 2 3 4 
14 1 2 2 1 3 2 
13 1 12 2 11 3 10 

2 1
5 1
40 1 39 
9 1 35 
44 1 32 
46 1 44 
42 1 42 
10 1
20 1 21 
3 1 17 
47 1 25 
31 1 30 
13 1 10 
23 1 9 
10 1 18 
43 1 11 
26 1 42 
37 1 28 

1 1
10 1
30 1 26 
21 1 6 
23 1 47 
16 1 20 
18 1 36 
37 1 11 
25 1 19 
1 1 36 
12 1 28 
40 1 31 

1 1
7 1
12 1 42 
2 1 7 
17 1 5 
36 1 24 
26 1 29 
22 1 28 
47 1 24 

3 2
1 2
29 1 2 2 11 
4 2
43 1 10 2 4 
18 1 13 2 24 
45 1 6 2 36 
49 1 9 2 12 
2 1
36 1 25 
31 1 11 

5 2
4 2
45 1 3 2 4 
23 1 2 2 32 
32 1 13 2 31 
28 1 11 2 14 
7 2
9 1 33 2 6 
33 1 21 2 20 
12 1 2 2 7 
43 1 17 2 26 
36 1 23 2 10 
20 1 23 2 12 
1 1 16 2 12 
9 2
46 1 14 2 24 
11 1 10 2 5 
30 1 10 2 2 
22 1 3 2 35 
25 1 6 2 21 
21 1 22 2 10 
19 1 10 2 6 
5 1 9 2 15 
42 1 11 2 18 
5 2
38 1 13 2 3 
39 1 27 2 1 
2 1 11 2 15 
37 1 7 2 27 
35 1 4 2 1 
10 1
18 1 4 
16 1 40 
8 1 4 
31 1 26 
15 1 6 
50 1 26 
6 1 5 
26 1 16 
47 1 13 
41 1 8 


10
5 1
8 1
22 1 24 
25 1 17 
34 1 9 
19 1 38 
50 1 16 
32 1 8 
35 1 18 
20 1 23 
7 1
37 1 36 
49 1 22 
14 1 28 
29 1 18 
4 1 35 
39 1 39 
8 1 46 
9 1
44 1 25 
18 1 33 
15 1 35 
1 1 21 
48 1 32 
30 1 35 
43 1 14 
45 1 8 
31 1 31 
5 1
21 1 27 
3 1 45 
16 1 17 
27 1 33 
7 1 16 
7 1
41 1 36 
42 1 7 
47 1 37 
9 1 12 
33 1 15 
13 1 22 
24 1 13 

1 1
5 1
26 1 41 
49 1 11 
18 1 11 
2 1 14 
36 1 30 

3 1
8 1
35 1 30 
26 1 19 
45 1 10 
3 1 6 
15 1 48 
50 1 14 
29 1 9 
36 1 30 
9 1
46 1 7 
38 1 34 
31 1 15 
25 1 39 
18 1 26 
4 1 43 
43 1 39 
44 1 35 
19 1 32 
1 1
8 1 29 

3 1
5 1
38 1 48 
42 1 19 
30 1 43 
16 1 46 
48 1 5 
2 1
17 1 41 
43 1 38 
7 1
33 1 33 
36 1 6 
27 1 43 
28 1 35 
20 1 11 
24 1 6 
45 1 25 

3 2
3 2
35 1 2 2 33 
26 1 25 2 18 
29 1 12 2 17 
1 1
23 2 4 
4 1
43 2 16 
3 2 15 
22 2 22 
42 2 19 

4 2
6 2
12 1 14 2 14 
46 1 11 2 8 
2 1 16 2 26 
22 1 4 2 1 
33 1 22 2 15 
26 1 11 2 13 
9 1
49 1 14 
15 1 3 
50 1 42 
48 1 5 
32 1 33 
1 1 12 
37 1 7 
24 1 12 
6 1 4 
3 2
4 1 16 2 16 
8 1 17 2 12 
28 1 30 2 15 
10 2
41 1 3 2 20 
47 1 6 2 8 
14 1 29 2 20 
34 1 33 2 10 
16 1 14 2 1 
3 1 11 2 11 
40 1 24 2 14 
39 1 13 2 30 
27 1 29 2 12 
23 1 10 2 8 

2 2
7 1
21 1 4 
41 1 22 
12 1 5 
25 1 26 
14 1 7 
8 1 4 
9 1 11 
10 2
17 1 19 2 14 
4 1 29 2 3 
23 1 3 2 9 
38 1 25 2 6 
40 1 2 2 8 
31 1 14 2 10 
13 1 9 2 12 
44 1 2 2 24 
36 1 18 2 11 
2 1 6 2 6 

5 3
3 3
46 1 33 2 7 3 2 
49 1 9 2 24 3 3 
13 1 3 2 2 3 2 
2 3
29 1 25 2 2 3 2 
10 1 17 2 16 3 2 
7 2
39 2 9 3 32 
15 2 6 3 13 
47 2 6 3 2 
37 2 3 3 1 
8 2 1 3 20 
32 2 28 3 7 
18 2 7 3 15 
9 3
20 1 2 2 2 3 2 
21 1 11 2 20 3 1 
27 1 3 2 43 3 2 
19 1 38 2 2 3 4 
45 1 16 2 3 3 27 
9 1 4 2 20 3 15 
26 1 16 2 4 3 5 
38 1 17 2 7 3 6 
22 1 5 2 7 3 14 
8 1
16 2 9 
5 2 19 
30 2 13 
24 2 15 
6 2 5 
2 2 2 
4 2 2 
25 2 2 

1 1
10 1
22 1 26 
15 1 46 
37 1 45 
17 1 25 
33 1 46 
40 1 13 
26 1 40 
1 1 42 
48 1 29 
46 1 12 

2 1
4 1
16 1 16 
5 1 36 
26 1 29 
25 1 12 
5 1
32 1 39 
1 1 35 
41 1 25 
22 1 38 
6 1 24 


10
4 2
2 2
15 1 15 2 10 
13 1 30 2 9 
5 1
2 2 21 
7 2 14 
37 2 2 
42 2 3 
39 2 12 
1 2
47 1 4 2 44 
1 1
30 2 14 

1 1
10 1
41 1 35 
13 1 31 
43 1 33 
12 1 36 
27 1 32 
10 1 29 
11 1 16 
21 1 18 
19 1 15 
17 1 25 

1 1
1 1
45 1 42 

2 2
3 1
39 2 1 
2 2 35 
42 2 14 
5 2
31 1 22 2 27 
33 1 3 2 13 
36 1 14 2 23 
12 1 9 2 14 
3 1 9 2 5 

5 1
9 1
15 1 5 
26 1 35 
3 1 35 
40 1 12 
38 1 25 
25 1 13 
12 1 28 
44 1 47 
28 1 43 
9 1
19 1 21 
33 1 24 
21 1 5 
7 1 10 
39 1 33 
24 1 7 
13 1 41 
48 1 17 
10 1 24 
3 1
17 1 21 
20 1 26 
23 1 36 
4 1
6 1 9 
42 1 30 
18 1 32 
35 1 19 
8 1
5 1 45 
2 1 45 
16 1 19 
36 1 46 
9 1 19 
45 1 17 
29 1 12 
50 1 24 

3 3
2 3
26 1 38 2 3 3 1 
40 1 20 2 3 3 10 
3 3
30 1 3 2 1 3 2 
32 1 27 2 16 3 1 
24 1 2 2 1 3 5 
6 2
22 1 2 2 9 
3 1 16 2 3 
13 1 6 2 6 
10 1 14 2 1 
11 1 3 2 7 
16 1 10 2 16 

5 4
2 1
13 3 6 
33 3 5 
8 1
7 3 1 
10 3 34 
42 3 1 
21 3 3 
46 3 3 
28 3 18 
45 3 2 
41 3 1 
3 4
23 1 17 2 1 3 2 4 16 
50 1 3 2 8 3 5 4 1 
16 1 3 2 8 3 7 4 2 
1 3
20 1 20 2 12 3 15 
7 1
47 2 13 
27 2 7 
18 2 8 
38 2 5 
12 2 11 
44 2 12 
8 2 3 

3 2
4 1
49 1 12 
1 1 8 
23 1 7 
5 1 15 
3 2
37 1 23 2 24 
2 1 25 2 2 
14 1 21 2 5 
9 2
33 1 10 2 8 
30 1 8 2 2 
22 1 2 2 44 
11 1 6 2 2 
27 1 13 2 21 
13 1 17 2 29 
18 1 37 2 10 
29 1 9 2 32 
10 1 3 2 10 

5 3
10 3
17 1 5 2 6 3 26 
42 1 3 2 6 3 23 
31 1 13 2 2 3 22 
22 1 6 2 5 3 6 
41 1 16 2 18 3 8 
4 1 10 2 8 3 7 
8 1 8 2 18 3 14 
24 1 19 2 19 3 3 
43 1 3 2 3 3 2 
11 1 29 2 19 3 1 
9 3
2 1 3 2 11 3 15 
23 1 6 2 18 3 14 
35 1 4 2 28 3 3 
47 1 3 2 12 3 5 
33 1 22 2 5 3 8 
40 1 8 2 17 3 1 
21 1 5 2 40 3 2 
14 1 17 2 1 3 5 
7 1 3 2 6 3 5 
2 1
32 3 5 
10 3 1 
3 1
19 3 4 
6 3 20 
37 3 3 
9 3
18 1 2 2 4 3 32 
49 1 32 2 4 3 5 
26 1 16 2 4 3 12 
5 1 4 2 12 3 24 
34 1 13 2 6 3 20 
3 1 7 2 18 3 3 
9 1 5 2 2 3 12 
25 1 8 2 7 3 3 
46 1 5 2 7 3 9 

5 2
3 1
11 1 6 
46 1 36 
29 1 2 
2 2
42 1 17 2 4 
21 1 12 2 9 
8 2
22 1 13 2 23 
27 1 29 2 1 
25 1 39 2 3 
20 1 24 2 2 
31 1 33 2 1 
6 1 6 2 13 
7 1 26 2 8 
14 1 4 2 26 
8 1
45 1 10 
33 1 7 
43 1 10 
26 1 10 
9 1 11 
3 1 5 
2 1 2 
47 1 7 
8 1
16 1 12 
48 1 19 
30 1 4 
50 1 12 
34 1 4 
24 1 6 
32 1 8 
8 1 29 


10
2 2
1 1
6 1 25 
1 2
36 1 15 2 7 

4 3
9 2
25 1 11 2 5 
17 1 2 2 2 
41 1 13 2 9 
43 1 4 2 10 
6 1 13 2 28 
22 1 8 2 2 
26 1 14 2 9 
28 1 12 2 27 
1 1 17 2 13 
4 3
45 1 13 2 7 3 6 
23 1 13 2 14 3 17 
12 1 5 2 1 3 8 
35 1 10 2 16 3 21 
7 3
8 1 4 2 10 3 4 
4 1 2 2 16 3 6 
36 1 16 2 28 3 5 
9 1 3 2 3 3 2 
50 1 3 2 2 3 5 
29 1 6 2 1 3 29 
30 1 3 2 1 3 1 
4 3
42 1 5 2 9 3 4 
46 1 3 2 11 3 5 
32 1 27 2 14 3 8 
27 1 5 2 22 3 8 

1 1
1 1
1 1 11 

1 1
4 1
8 1 13 
20 1 18 
50 1 10 
5 1 7 

4 4
8 3
47 2 19 3 5 4 20 
16 2 7 3 4 4 4 
4 2 13 3 5 4 1 
6 2 11 3 2 4 3 
23 2 5 3 22 4 17 
37 2 39 3 1 4 6 
24 2 3 3 1 4 1 
30 2 12 3 17 4 6 
1 3
12 1 4 2 6 3 3 
9 4
25 1 4 2 14 3 9 4 12 
42 1 14 2 7 3 5 4 2 
19 1 6 2 9 3 18 4 12 
31 1 8 2 14 3 17 4 4 
21 1 2 2 2 3 3 4 3 
2 1 3 2 2 3 11 4 1 
28 1 7 2 1 3 10 4 9 
34 1 2 2 1 3 1 4 1 
36 1 7 2 11 3 2 4 2 
8 4
27 1 12 2 11 3 8 4 4 
29 1 15 2 5 3 16 4 8 
1 1 6 2 3 3 1 4 5 
26 1 10 2 13 3 6 4 7 
38 1 9 2 2 3 3 4 3 
40 1 9 2 13 3 7 4 7 
35 1 18 2 2 3 8 4 16 
39 1 9 2 2 3 7 4 8 

3 1
8 1
42 1 30 
36 1 19 
46 1 16 
27 1 28 
17 1 35 
15 1 44 
26 1 6 
5 1 16 
4 1
33 1 40 
35 1 20 
11 1 27 
37 1 43 
1 1
20 1 19 

4 2
7 1
21 2 6 
18 2 3 
41 2 18 
39 2 1 
25 2 9 
48 2 17 
36 2 8 
10 1
9 1 11 
40 1 23 
5 1 4 
20 1 11 
38 1 36 
6 1 11 
44 1 4 
22 1 13 
42 1 20 
7 1 20 
1 1
50 2 2 
8 2
31 1 11 2 24 
23 1 20 2 4 
11 1 35 2 4 
37 1 7 2 11 
43 1 15 2 11 
13 1 23 2 1 
24 1 8 2 4 
28 1 2 2 13 

2 1
5 1
19 1 35 
4 1 21 
7 1 11 
36 1 8 
25 1 49 
1 1
47 1 34 

4 4
2 1
22 3 3 
15 3 3 
4 1
47 2 13 
33 2 1 
24 2 3 
11 2 3 
9 2
49 2 4 3 4 
12 2 3 3 2 
7 2 7 3 24 
23 2 11 3 4 
10 2 16 3 10 
2 2 10 3 1 
9 2 8 3 6 
13 2 1 3 8 
44 2 1 3 1 
3 4
8 1 3 2 1 3 9 4 1 
25 1 3 2 2 3 5 4 24 
26 1 5 2 20 3 8 4 5 

1 1
9 1
26 1 7 
12 1 39 
45 1 42 
30 1 18 
19 1 12 
17 1 20 
38 1 35 
1 1 39 
42 1 28 


10
1 1
10 1
14 1 16 
3 1 16 
33 1 34 
7 1 12 
39 1 32 
2 1 38 
24 1 10 
26 1 34 
42 1 36 
28 1 5 

1 1
1 1
14 1 35 

5 1
1 1
10 1 36 
4 1
31 1 7 
41 1 11 
6 1 46 
34 1 7 
2 1
46 1 14 
23 1 39 
1 1
9 1 31 
3 1
40 1 7 
1 1 5 
5 1 33 

2 2
3 2
31 1 28 2 6 
20 1 4 2 19 
18 1 11 2 10 
2 2
25 1 12 2 5 
11 1 3 2 2 

5 2
8 2
2 1 2 2 4 
45 1 34 2 5 
26 1 10 2 2 
8 1 10 2 8 
16 1 15 2 1 
5 1 11 2 9 
12 1 11 2 8 
39 1 12 2 2 
5 2
47 1 4 2 9 
9 1 13 2 17 
22 1 12 2 7 
40 1 2 2 4 
14 1 19 2 6 
5 1
34 2 2 
29 2 1 
25 2 28 
36 2 22 
1 2 9 
5 2
23 1 16 2 18 
19 1 29 2 2 
35 1 2 2 5 
49 1 5 2 20 
33 1 7 2 38 
4 1
43 2 41 
50 2 37 
6 2 6 
7 2 25 

2 2
6 1
10 2 20 
9 2 7 
5 2 2 
24 2 6 
40 2 12 
43 2 25 
2 2
30 1 5 2 7 
47 1 15 2 10 

2 1
2 1
31 1 32 
48 1 38 
7 1
16 1 12 
18 1 22 
13 1 8 
26 1 13 
30 1 8 
32 1 27 
45 1 20 

5 1
9 1
21 1 47 
41 1 21 
42 1 10 
1 1 33 
18 1 47 
36 1 20 
48 1 6 
15 1 7 
4 1 16 
1 1
13 1 31 
4 1
24 1 18 
10 1 44 
46 1 34 
3 1 18 
10 1
29 1 28 
31 1 15 
49 1 27 
45 1 5 
5 1 37 
7 1 7 
17 1 39 
27 1 12 
44 1 12 
47 1 17 
10 1
16 1 47 
37 1 32 
34 1 21 
25 1 38 
39 1 25 
43 1 35 
22 1 10 
40 1 24 
23 1 38 
33 1 18 

2 2
8 2
50 1 5 2 11 
13 1 18 2 21 
34 1 12 2 28 
9 1 12 2 21 
45 1 8 2 12 
19 1 15 2 1 
2 1 6 2 21 
21 1 29 2 12 
7 1
26 2 4 
18 2 2 
23 2 3 
30 2 2 
4 2 15 
37 2 20 
6 2 30 

3 1
4 1
32 1 32 
43 1 48 
11 1 5 
23 1 26 
2 1
38 1 20 
19 1 32 
9 1
37 1 46 
41 1 20 
45 1 37 
2 1 34 
7 1 43 
26 1 27 
30 1 47 
5 1 35 
13 1 17 


10
1 1
9 1
36 1 36 
32 1 23 
17 1 28 
16 1 41 
1 1 13 
25 1 32 
35 1 9 
45 1 11 
41 1 22 

4 1
6 1
44 1 31 
39 1 29 
20 1 8 
49 1 11 
46 1 6 
4 1 37 
8 1
48 1 24 
13 1 34 
10 1 40 
36 1 33 
28 1 6 
38 1 14 
42 1 9 
24 1 33 
9 1
11 1 41 
35 1 35 
6 1 44 
12 1 29 
33 1 41 
9 1 16 
23 1 13 
15 1 19 
32 1 34 
2 1
16 1 7 
7 1 33 

1 1
4 1
32 1 18 
10 1 11 
31 1 35 
9 1 41 

1 1
6 1
46 1 18 
22 1 24 
2 1 39 
29 1 19 
38 1 10 
30 1 13 

5 4
9 2
31 3 1 4 2 
7 3 36 4 3 
22 3 2 4 8 
11 3 4 4 10 
50 3 12 4 8 
44 3 2 4 2 
17 3 6 4 7 
48 3 12 4 6 
6 3 2 4 1 
3 2
13 3 1 4 1 
3 3 14 4 21 
1 3 17 4 13 
9 1
40 2 16 
25 2 2 
39 2 4 
30 2 8 
47 2 4 
27 2 9 
4 2 1 
34 2 2 
42 2 25 
9 4
33 1 20 2 6 3 8 4 2 
23 1 4 2 27 3 3 4 12 
26 1 4 2 5 3 12 4 9 
36 1 5 2 9 3 1 4 16 
35 1 7 2 3 3 8 4 22 
24 1 2 2 2 3 12 4 32 
41 1 2 2 1 3 1 4 1 
29 1 5 2 16 3 19 4 5 
18 1 2 2 8 3 4 4 12 
8 3
2 2 3 3 1 4 8 
14 2 5 3 5 4 1 
15 2 6 3 4 4 6 
49 2 5 3 7 4 1 
38 2 9 3 2 4 1 
43 2 20 3 5 4 11 
10 2 6 3 6 4 6 
28 2 4 3 1 4 1 

4 2
2 2
36 1 5 2 7 
33 1 27 2 16 
8 1
25 2 39 
35 2 28 
10 2 35 
47 2 21 
17 2 3 
44 2 44 
24 2 8 
49 2 9 
10 1
8 1 35 
19 1 22 
45 1 4 
34 1 36 
5 1 7 
9 1 12 
14 1 3 
39 1 3 
30 1 11 
2 1 7 
10 2
41 1 18 2 26 
43 1 10 2 32 
31 1 2 2 47 
37 1 3 2 31 
3 1 6 2 24 
18 1 23 2 6 
32 1 24 2 13 
6 1 10 2 33 
29 1 20 2 2 
48 1 2 2 16 

1 1
7 1
6 1 5 
39 1 25 
14 1 22 
28 1 28 
1 1 29 
40 1 41 
47 1 33 

4 1
8 1
9 1 11 
48 1 38 
37 1 21 
25 1 35 
4 1 39 
2 1 17 
38 1 23 
23 1 13 
6 1
46 1 28 
1 1 46 
39 1 42 
30 1 13 
40 1 32 
3 1 39 
7 1
11 1 43 
17 1 26 
32 1 48 
45 1 17 
44 1 38 
21 1 45 
36 1 47 
1 1
15 1 7 

3 1
7 1
49 1 8 
5 1 32 
6 1 49 
16 1 8 
41 1 42 
25 1 47 
11 1 33 
4 1
48 1 38 
31 1 9 
42 1 23 
27 1 12 
1 1
26 1 35 

1 1
9 1
23 1 39 
50 1 36 
44 1 11 
39 1 28 
20 1 43 
27 1 17 
18 1 20 
6 1 23 
3 1 14 


10
2 1
4 1
38 1 32 
14 1 36 
5 1 44 
4 1 46 
8 1
29 1 21 
46 1 31 
3 1 9 
26 1 27 
33 1 47 
7 1 38 
35 1 16 
17 1 43 

3 1
3 1
48 1 45 
38 1 21 
35 1 25 
2 1
32 1 23 
47 1 7 
2 1
31 1 13 
5 1 34 

1 1
8 1
20 1 6 
23 1 22 
22 1 10 
49 1 34 
19 1 28 
15 1 30 
3 1 26 
10 1 36 

1 1
3 1
23 1 41 
38 1 47 
44 1 22 

4 2
10 2
50 1 2 2 15 
6 1 2 2 9 
23 1 33 2 1 
5 1 7 2 6 
31 1 12 2 13 
22 1 34 2 5 
2 1 8 2 14 
43 1 2 2 13 
1 1 4 2 4 
44 1 8 2 2 
7 2
28 1 23 2 13 
11 1 20 2 8 
42 1 4 2 5 
32 1 16 2 13 
27 1 12 2 3 
33 1 6 2 35 
12 1 5 2 17 
4 1
26 1 18 
46 1 40 
35 1 18 
8 1 10 
6 2
16 1 10 2 6 
25 1 5 2 23 
4 1 3 2 25 
41 1 24 2 9 
39 1 14 2 6 
3 1 5 2 17 

4 1
10 1
33 1 9 
47 1 43 
4 1 20 
11 1 10 
48 1 14 
25 1 22 
46 1 12 
45 1 18 
26 1 42 
17 1 5 
4 1
42 1 19 
44 1 30 
7 1 47 
6 1 11 
9 1
9 1 6 
32 1 34 
14 1 16 
8 1 9 
20 1 11 
12 1 19 
28 1 21 
27 1 18 
2 1 30 
3 1
50 1 8 
34 1 14 
18 1 32 

5 2
7 1
19 1 15 
27 1 5 
26 1 28 
24 1 7 
49 1 4 
29 1 31 
47 1 31 
3 1
42 1 18 
5 1 7 
17 1 14 
8 1
33 1 6 
15 1 10 
39 1 12 
36 1 19 
6 1 5 
32 1 10 
46 1 11 
3 1 3 
8 1
12 1 10 
16 1 6 
9 1 7 
1 1 14 
37 1 3 
4 1 21 
43 1 4 
31 1 4 
4 2
14 1 30 2 7 
23 1 4 2 6 
35 1 40 2 2 
28 1 32 2 13 

4 3
1 3
35 1 2 2 2 3 2 
9 1
12 3 11 
41 3 18 
13 3 6 
24 3 4 
17 3 11 
21 3 15 
14 3 37 
7 3 26 
36 3 1 
6 3
39 1 5 2 4 3 3 
46 1 2 2 15 3 7 
5 1 5 2 4 3 3 
38 1 10 2 1 3 5 
4 1 10 2 7 3 24 
3 1 19 2 3 3 15 
7 3
28 1 3 2 20 3 4 
1 1 4 2 2 3 10 
8 1 16 2 14 3 12 
6 1 17 2 1 3 18 
44 1 4 2 4 3 12 
16 1 8 2 8 3 16 
15 1 25 2 4 3 1 

3 2
8 1
28 1 47 
1 1 7 
18 1 3 
22 1 18 
34 1 16 
14 1 41 
7 1 8 
40 1 11 
3 1
10 2 21 
6 2 3 
19 2 11 
3 2
50 1 7 2 14 
26 1 9 2 2 
13 1 34 2 10 

1 1
10 1
17 1 38 
13 1 17 
23 1 13 
7 1 38 
2 1 37 
15 1 27 
5 1 48 
45 1 35 
32 1 22 
33 1 15 


10
4 1
10 1
13 1 15 
19 1 15 
8 1 11 
45 1 31 
24 1 33 
21 1 29 
43 1 26 
26 1 43 
16 1 42 
47 1 24 
2 1
6 1 21 
46 1 14 
3 1
12 1 21 
18 1 30 
25 1 40 
5 1
29 1 22 
37 1 13 
38 1 21 
17 1 25 
15 1 7 

5 2
4 2
50 1 36 2 6 
8 1 6 2 3 
21 1 23 2 7 
41 1 20 2 20 
4 2
38 1 41 2 7 
39 1 16 2 6 
29 1 8 2 18 
3 1 9 2 22 
4 1
14 2 16 
7 2 18 
36 2 3 
35 2 5 
5 1
30 1 14 
19 1 19 
17 1 15 
33 1 4 
16 1 14 
8 2
34 1 27 2 21 
27 1 7 2 29 
22 1 2 2 47 
48 1 8 2 24 
46 1 16 2 16 
18 1 12 2 14 
23 1 40 2 6 
11 1 29 2 9 

3 3
7 3
48 1 4 2 8 3 13 
21 1 17 2 5 3 7 
3 1 5 2 12 3 21 
16 1 3 2 6 3 12 
43 1 8 2 19 3 18 
5 1 8 2 3 3 17 
45 1 14 2 4 3 22 
9 1
1 1 6 
44 1 2 
18 1 2 
49 1 6 
25 1 8 
39 1 5 
42 1 4 
27 1 2 
50 1 2 
10 3
10 1 30 2 3 3 4 
15 1 3 2 2 3 17 
28 1 13 2 11 3 23 
4 1 3 2 33 3 4 
29 1 13 2 15 3 11 
34 1 15 2 4 3 7 
22 1 2 2 2 3 2 
8 1 8 2 1 3 5 
19 1 2 2 6 3 1 
46 1 5 2 5 3 1 

5 1
9 1
24 1 10 
37 1 15 
29 1 32 
17 1 31 
11 1 14 
9 1 5 
47 1 41 
46 1 18 
16 1 22 
6 1
42 1 8 
14 1 16 
35 1 22 
4 1 22 
23 1 18 
44 1 40 
7 1
36 1 46 
19 1 13 
2 1 40 
6 1 47 
26 1 28 
1 1 17 
25 1 13 
1 1
18 1 27 
6 1
28 1 21 
39 1 32 
43 1 12 
38 1 21 
48 1 23 
31 1 31 

3 3
6 3
17 1 5 2 1 3 5 
14 1 10 2 11 3 25 
36 1 3 2 3 3 4 
40 1 5 2 18 3 15 
29 1 3 2 2 3 1 
42 1 4 2 18 3 11 
3 2
20 1 14 2 6 
34 1 22 2 12 
5 1 16 2 5 
1 1
41 2 5 

5 1
6 1
18 1 32 
16 1 41 
49 1 16 
43 1 42 
38 1 49 
27 1 10 
8 1
22 1 9 
2 1 49 
28 1 8 
34 1 41 
19 1 19 
7 1 16 
21 1 6 
4 1 45 
4 1
20 1 18 
11 1 34 
36 1 25 
41 1 10 
9 1
44 1 9 
33 1 6 
45 1 8 
29 1 43 
9 1 41 
47 1 5 
23 1 49 
48 1 46 
46 1 32 
10 1
14 1 42 
25 1 5 
5 1 36 
32 1 5 
15 1 20 
39 1 36 
3 1 24 
17 1 14 
35 1 20 
1 1 25 

3 2
1 2
8 1 10 2 36 
4 2
29 1 2 2 3 
23 1 23 2 18 
4 1 10 2 16 
3 1 13 2 6 
1 2
2 1 8 2 1 

5 1
1 1
15 1 40 
3 1
2 1 36 
39 1 16 
28 1 17 
1 1
45 1 49 
2 1
1 1 13 
14 1 27 
1 1
21 1 14 

1 1
6 1
38 1 35 
27 1 23 
50 1 9 
11 1 5 
28 1 25 
33 1 6 

4 2
5 2
17 1 17 2 2 
19 1 39 2 7 
29 1 13 2 35 
22 1 22 2 6 
37 1 10 2 36 
4 1
42 1 23 
25 1 23 
27 1 12 
11 1 35 
3 1
13 2 2 
31 2 33 
45 2 3 
7 1
8 2 31 
44 2 2 
47 2 4 
41 2 8 
16 2 2 
39 2 1 
46 2 29 


10
5 3
1 3
45 1 8 2 4 3 24 
4 1
27 1 17 
2 1 13 
36 1 11 
1 1 6 
4 1
21 3 4 
24 3 8 
19 3 2 
39 3 2 
2 1
47 3 1 
5 3 6 
2 1
35 3 25 
18 3 12 

3 1
7 1
31 1 23 
27 1 15 
43 1 34 
28 1 27 
2 1 7 
38 1 49 
37 1 40 
1 1
49 1 45 
9 1
36 1 9 
4 1 22 
40 1 38 
46 1 25 
14 1 47 
1 1 44 
26 1 35 
23 1 43 
12 1 14 

4 3
3 3
18 1 3 2 4 3 2 
10 1 5 2 21 3 15 
13 1 4 2 19 3 2 
9 3
12 1 20 2 11 3 12 
4 1 8 2 20 3 13 
30 1 3 2 6 3 27 
6 1 4 2 8 3 1 
42 1 14 2 9 3 22 
11 1 8 2 29 3 9 
24 1 3 2 1 3 1 
8 1 6 2 5 3 9 
22 1 23 2 13 3 3 
10 1
23 3 11 
48 3 9 
35 3 2 
32 3 18 
5 3 5 
34 3 5 
31 3 3 
19 3 5 
47 3 1 
29 3 3 
5 2
39 1 17 2 10 
37 1 5 2 22 
25 1 21 2 14 
43 1 6 2 5 
14 1 5 2 21 

4 3
1 3
20 1 28 2 11 3 9 
10 2
47 1 2 2 1 
42 1 4 2 30 
13 1 3 2 7 
19 1 4 2 1 
14 1 36 2 4 
38 1 5 2 1 
7 1 4 2 16 
15 1 31 2 2 
18 1 19 2 4 
21 1 3 2 5 
2 1
30 2 13 
29 2 13 
9 3
34 1 2 2 29 3 2 
6 1 6 2 27 3 1 
24 1 6 2 3 3 13 
16 1 16 2 5 3 9 
40 1 3 2 3 3 26 
4 1 7 2 3 3 2 
12 1 10 2 2 3 18 
2 1 37 2 6 3 2 
9 1 6 2 3 3 8 

4 2
1 1
41 1 21 
3 2
30 1 10 2 22 
49 1 30 2 10 
26 1 7 2 31 
7 2
24 1 22 2 9 
35 1 18 2 20 
4 1 17 2 11 
9 1 12 2 31 
45 1 22 2 13 
14 1 30 2 11 
32 1 12 2 19 
3 2
31 1 9 2 40 
46 1 12 2 4 
10 1 4 2 22 

1 1
8 1
11 1 40 
20 1 18 
48 1 40 
21 1 48 
43 1 18 
37 1 21 
4 1 9 
15 1 41 

1 1
2 1
30 1 17 
19 1 36 

3 3
3 1
32 2 5 
37 2 5 
49 2 18 
7 1
19 1 3 
22 1 11 
36 1 19 
16 1 3 
20 1 22 
39 1 2 
9 1 7 
8 3
48 1 25 2 22 3 1 
28 1 3 2 5 3 34 
42 1 8 2 5 3 11 
31 1 24 2 2 3 6 
29 1 3 2 2 3 4 
27 1 17 2 10 3 17 
10 1 4 2 28 3 16 
24 1 11 2 6 3 10 

4 2
10 1
25 1 13 
5 1 17 
9 1 35 
11 1 5 
21 1 12 
35 1 13 
10 1 22 
26 1 4 
48 1 33 
6 1 39 
7 1
46 2 11 
31 2 6 
24 2 23 
37 2 13 
39 2 13 
2 2 11 
32 2 12 
6 2
34 1 48 2 1 
14 1 26 2 4 
1 1 5 2 4 
20 1 12 2 15 
29 1 37 2 7 
47 1 10 2 16 
7 2
13 1 7 2 34 
27 1 6 2 2 
18 1 23 2 7 
33 1 5 2 1 
12 1 19 2 28 
16 1 10 2 3 
28 1 43 2 6 

4 2
4 1
43 2 6 
29 2 14 
41 2 41 
7 2 15 
1 1
49 2 20 
7 2
4 1 3 2 4 
19 1 22 2 26 
39 1 24 2 9 
27 1 14 2 29 
8 1 4 2 34 
50 1 12 2 2 
33 1 16 2 10 
10 2
13 1 8 2 15 
42 1 15 2 13 
15 1 28 2 20 
31 1 4 2 5 
32 1 20 2 7 
40 1 6 2 2 
38 1 12 2 29 
1 1 2 2 6 
12 1 6 2 2 
25 1 24 2 10 


