10 20 150 2 2

15
1 1
1 1
1 1 13 

2 1
2 1
12 1 34 
6 1 34 
2 1
17 1 22 
16 1 34 

1 1
2 1
3 1 28 
19 1 42 

1 1
2 1
14 1 41 
10 1 34 

2 1
1 1
3 1 27 
2 1
19 1 25 
9 1 33 

1 1
1 1
7 1 47 

1 1
1 1
18 1 31 

1 1
1 1
1 1 22 

1 1
2 1
15 1 46 
8 1 39 

2 1
1 1
4 1 6 
2 1
6 1 10 
19 1 45 

1 1
1 1
1 1 22 

1 1
1 1
14 1 6 

2 1
2 1
16 1 10 
19 1 15 
2 1
10 1 29 
1 1 26 

1 1
1 1
4 1 26 

2 2
1 2
10 1 8 2 21 
1 1
17 1 33 


15
1 1
1 1
13 1 38 

1 1
2 1
14 1 11 
4 1 8 

2 2
2 2
14 1 3 2 2 
4 1 7 2 42 
2 2
11 1 18 2 8 
20 1 14 2 17 

1 1
2 1
10 1 33 
17 1 45 

2 1
1 1
1 1 37 
1 1
9 1 35 

2 2
2 2
20 1 9 2 9 
12 1 15 2 26 
2 1
4 1 14 
6 1 36 

1 1
1 1
9 1 24 

1 1
2 1
12 1 20 
1 1 6 

2 2
2 2
9 1 4 2 8 
5 1 41 2 6 
2 2
18 1 20 2 29 
8 1 12 2 20 

1 1
2 1
18 1 49 
9 1 34 

2 1
1 1
14 1 48 
1 1
17 1 12 

2 2
2 2
19 1 28 2 14 
13 1 31 2 1 
1 1
4 1 30 

2 1
2 1
17 1 5 
8 1 33 
2 1
14 1 37 
10 1 43 

1 1
2 1
14 1 12 
20 1 17 

1 1
2 1
5 1 16 
12 1 22 


15
2 2
2 1
12 1 6 
17 1 9 
1 2
16 1 17 2 17 

2 2
1 2
6 1 22 2 22 
2 2
15 1 2 2 23 
5 1 33 2 3 

1 1
2 1
19 1 19 
5 1 17 

2 2
2 2
1 1 7 2 13 
9 1 2 2 10 
2 1
15 2 9 
19 2 1 

1 1
1 1
18 1 9 

1 1
2 1
20 1 5 
16 1 31 

1 1
2 1
8 1 20 
18 1 11 

1 1
2 1
17 1 16 
6 1 43 

2 2
1 1
13 1 28 
1 2
15 1 14 2 21 

1 1
2 1
18 1 19 
11 1 14 

1 1
2 1
4 1 48 
8 1 42 

1 1
2 1
9 1 27 
2 1 47 

2 2
1 1
13 1 11 
1 2
17 1 6 2 3 

1 1
1 1
1 1 28 

1 1
2 1
14 1 7 
11 1 20 


15
2 2
1 2
1 1 9 2 3 
2 1
18 2 1 
11 2 6 

2 1
2 1
9 1 32 
2 1 32 
1 1
1 1 12 

2 2
1 2
5 1 2 2 43 
1 2
12 1 11 2 5 

2 1
1 1
12 1 20 
2 1
9 1 17 
1 1 5 

1 1
1 1
19 1 40 

1 1
2 1
18 1 14 
10 1 38 

1 1
2 1
18 1 37 
11 1 41 

1 1
1 1
5 1 21 

2 1
1 1
7 1 38 
2 1
2 1 13 
18 1 30 

2 2
1 2
8 1 7 2 27 
1 1
1 1 7 

1 1
2 1
8 1 15 
3 1 27 

1 1
2 1
16 1 17 
7 1 27 

2 2
2 2
15 1 11 2 6 
14 1 9 2 35 
1 2
10 1 39 2 3 

1 1
1 1
14 1 10 

1 1
2 1
8 1 24 
6 1 42 


15
2 1
1 1
16 1 20 
2 1
9 1 35 
5 1 21 

2 1
2 1
18 1 26 
5 1 33 
2 1
16 1 27 
15 1 9 

2 2
2 2
5 1 14 2 4 
10 1 3 2 43 
2 2
13 1 7 2 13 
20 1 9 2 36 

1 1
1 1
12 1 6 

2 1
1 1
7 1 44 
1 1
3 1 11 

2 2
1 2
9 1 19 2 16 
1 1
17 2 1 

1 1
2 1
7 1 8 
11 1 38 

1 1
2 1
9 1 5 
19 1 29 

2 1
2 1
10 1 11 
14 1 16 
2 1
19 1 6 
5 1 32 

2 1
2 1
9 1 21 
8 1 16 
1 1
11 1 35 

2 1
1 1
12 1 12 
1 1
5 1 49 

2 1
1 1
14 1 14 
1 1
16 1 37 

2 2
1 1
16 1 2 
2 2
6 1 14 2 21 
8 1 9 2 31 

2 2
2 2
19 1 33 2 2 
8 1 38 2 6 
2 2
20 1 2 2 20 
10 1 14 2 23 

2 1
1 1
14 1 25 
1 1
10 1 10 


15
1 1
1 1
9 1 15 

2 1
1 1
1 1 16 
2 1
7 1 45 
19 1 30 

2 2
1 1
14 1 6 
1 2
7 1 30 2 12 

1 1
2 1
14 1 37 
19 1 39 

1 1
1 1
18 1 16 

2 2
2 1
11 2 3 
8 2 19 
1 2
16 1 9 2 15 

2 1
1 1
10 1 33 
2 1
20 1 6 
17 1 48 

1 1
1 1
20 1 15 

2 1
2 1
1 1 24 
8 1 39 
1 1
10 1 9 

2 1
1 1
8 1 28 
2 1
14 1 23 
5 1 16 

1 1
1 1
8 1 17 

2 2
2 2
10 1 6 2 19 
2 1 15 2 2 
2 2
9 1 6 2 4 
13 1 8 2 8 

1 1
2 1
20 1 17 
15 1 48 

2 2
2 2
8 1 4 2 1 
14 1 21 2 5 
2 1
9 1 6 
17 1 9 

2 2
2 2
5 1 27 2 13 
12 1 2 2 3 
2 1
19 2 45 
3 2 6 


15
1 1
2 1
18 1 35 
5 1 19 

1 1
1 1
19 1 21 

2 1
2 1
10 1 37 
11 1 39 
2 1
17 1 13 
5 1 5 

2 2
1 2
20 1 5 2 1 
2 1
12 2 7 
18 2 36 

1 1
2 1
17 1 24 
6 1 15 

2 1
1 1
2 1 41 
2 1
11 1 49 
15 1 37 

1 1
1 1
19 1 33 

2 1
2 1
6 1 43 
3 1 20 
1 1
13 1 30 

2 2
2 2
20 1 11 2 5 
4 1 5 2 10 
2 1
18 1 45 
5 1 10 

1 1
1 1
17 1 26 

2 2
2 2
19 1 31 2 2 
9 1 16 2 6 
2 2
10 1 20 2 24 
7 1 29 2 18 

1 1
2 1
6 1 10 
14 1 37 

2 2
1 1
14 2 4 
2 2
1 1 6 2 14 
4 1 6 2 2 

2 2
2 2
19 1 30 2 5 
13 1 2 2 4 
1 1
10 2 13 

2 2
2 1
12 1 21 
9 1 10 
1 2
10 1 7 2 33 


15
1 1
1 1
12 1 25 

2 2
1 2
6 1 5 2 37 
2 2
9 1 2 2 12 
16 1 6 2 20 

2 2
1 1
18 1 5 
1 2
7 1 7 2 19 

2 2
2 1
16 1 4 
7 1 25 
1 2
3 1 6 2 3 

2 1
2 1
2 1 29 
15 1 39 
1 1
17 1 13 

1 1
1 1
20 1 49 

1 1
2 1
12 1 45 
16 1 23 

2 2
2 1
2 1 9 
9 1 14 
2 2
4 1 16 2 28 
13 1 12 2 5 

2 1
2 1
13 1 37 
14 1 23 
2 1
4 1 15 
18 1 13 

1 1
2 1
2 1 38 
13 1 9 

1 1
2 1
12 1 18 
13 1 21 

2 1
2 1
18 1 16 
19 1 18 
2 1
11 1 29 
15 1 31 

2 1
2 1
10 1 31 
1 1 18 
1 1
19 1 43 

1 1
1 1
3 1 40 

1 1
1 1
9 1 44 


15
2 2
1 1
18 2 19 
2 2
14 1 2 2 10 
9 1 12 2 10 

1 1
2 1
5 1 21 
11 1 22 

1 1
2 1
6 1 26 
19 1 40 

2 1
2 1
16 1 11 
18 1 5 
2 1
8 1 44 
15 1 9 

1 1
2 1
9 1 11 
6 1 24 

2 2
2 2
7 1 3 2 7 
14 1 5 2 4 
2 1
13 1 2 
9 1 27 

1 1
2 1
7 1 5 
14 1 29 

2 1
1 1
14 1 6 
2 1
11 1 29 
10 1 17 

2 1
2 1
1 1 9 
20 1 27 
2 1
14 1 44 
16 1 38 

2 2
1 2
20 1 5 2 21 
2 1
18 2 3 
15 2 10 

2 2
1 2
4 1 33 2 3 
2 1
11 1 13 
8 1 2 

2 1
2 1
18 1 28 
15 1 17 
2 1
11 1 26 
14 1 43 

1 1
1 1
8 1 49 

1 1
1 1
19 1 8 

2 2
2 2
10 1 13 2 1 
20 1 16 2 12 
2 1
9 1 21 
8 1 12 


15
1 1
1 1
4 1 5 

1 1
2 1
19 1 38 
6 1 41 

1 1
2 1
1 1 9 
2 1 14 

2 2
2 2
9 1 23 2 13 
19 1 5 2 1 
2 2
8 1 4 2 22 
13 1 33 2 3 

1 1
2 1
12 1 48 
2 1 40 

2 1
2 1
5 1 28 
7 1 8 
1 1
12 1 10 

1 1
1 1
19 1 8 

1 1
1 1
3 1 42 

2 1
2 1
4 1 11 
5 1 27 
1 1
20 1 7 

1 1
2 1
6 1 27 
10 1 41 

1 1
2 1
3 1 36 
8 1 29 

1 1
1 1
3 1 6 

1 1
1 1
7 1 39 

1 1
1 1
2 1 22 

2 1
2 1
20 1 8 
9 1 33 
1 1
18 1 6 


