10 50 100 5 5

10
3 1
5 1
35 1 5 
26 1 34 
47 1 19 
45 1 41 
17 1 25 
2 1
24 1 29 
42 1 15 
5 1
10 1 33 
40 1 15 
49 1 32 
30 1 49 
18 1 27 

3 3
2 3
30 1 17 2 2 3 26 
29 1 7 2 3 3 2 
6 2
34 1 17 2 13 
39 1 15 2 6 
48 1 7 2 5 
14 1 4 2 2 
20 1 2 2 5 
16 1 7 2 7 
8 1
46 1 2 
2 1 27 
43 1 9 
36 1 15 
23 1 4 
37 1 4 
21 1 6 
6 1 28 

3 2
6 1
32 2 13 
43 2 9 
37 2 18 
22 2 6 
21 2 22 
27 2 40 
5 1
8 2 2 
16 2 3 
36 2 2 
26 2 24 
30 2 14 
9 2
40 1 21 2 14 
18 1 24 2 12 
50 1 3 2 3 
10 1 4 2 4 
39 1 7 2 15 
46 1 2 2 33 
35 1 10 2 35 
15 1 26 2 5 
42 1 9 2 18 

2 1
7 1
25 1 14 
38 1 37 
35 1 40 
11 1 49 
6 1 38 
22 1 19 
48 1 43 
8 1
24 1 43 
29 1 40 
26 1 42 
8 1 8 
9 1 11 
3 1 15 
16 1 12 
5 1 38 

5 4
7 2
31 1 4 2 5 
42 1 13 2 11 
40 1 6 2 4 
3 1 12 2 22 
50 1 6 2 2 
26 1 6 2 11 
18 1 16 2 6 
6 1
6 2 7 
17 2 2 
25 2 17 
16 2 6 
15 2 8 
32 2 2 
7 4
24 1 5 2 10 3 9 4 5 
10 1 3 2 3 3 12 4 1 
37 1 12 2 2 3 9 4 1 
36 1 3 2 1 3 5 4 7 
22 1 19 2 3 3 2 4 1 
38 1 5 2 11 3 2 4 1 
35 1 11 2 8 3 2 4 11 
9 2
47 2 16 3 2 
2 2 6 3 12 
41 2 2 3 3 
30 2 2 3 8 
46 2 3 3 2 
7 2 29 3 2 
49 2 3 3 7 
13 2 2 3 10 
29 2 3 3 4 
1 3
45 1 7 2 16 3 3 

1 1
1 1
33 1 33 

5 2
2 2
28 1 32 2 7 
2 1 2 2 3 
2 2
1 1 7 2 10 
50 1 2 2 3 
10 1
17 1 5 
47 1 14 
30 1 3 
48 1 42 
19 1 12 
38 1 25 
27 1 25 
11 1 7 
13 1 42 
6 1 11 
3 1
32 2 25 
35 2 5 
23 2 10 
2 1
25 2 1 
39 2 19 

2 2
9 2
3 1 3 2 12 
2 1 18 2 8 
18 1 3 2 12 
33 1 14 2 10 
8 1 20 2 28 
7 1 11 2 31 
44 1 8 2 14 
22 1 15 2 2 
43 1 6 2 21 
4 2
36 1 2 2 3 
9 1 14 2 20 
38 1 25 2 9 
11 1 20 2 2 

3 1
5 1
49 1 18 
2 1 49 
47 1 48 
15 1 36 
37 1 7 
7 1
9 1 33 
35 1 45 
33 1 31 
14 1 21 
3 1 42 
12 1 20 
44 1 49 
5 1
1 1 7 
4 1 9 
8 1 42 
40 1 43 
39 1 5 

1 1
9 1
33 1 31 
47 1 9 
45 1 45 
22 1 28 
12 1 46 
38 1 10 
26 1 7 
25 1 48 
18 1 16 


10
5 4
4 1
1 3 24 
24 3 6 
50 3 12 
4 3 1 
10 4
46 1 3 2 11 3 21 4 12 
30 1 2 2 1 3 1 4 1 
21 1 5 2 5 3 2 4 3 
8 1 3 2 1 3 1 4 5 
10 1 14 2 1 3 21 4 1 
22 1 13 2 19 3 11 4 3 
23 1 8 2 15 3 15 4 8 
7 1 2 2 1 3 1 4 1 
15 1 9 2 7 3 2 4 2 
18 1 2 2 1 3 1 4 3 
9 3
39 1 5 2 2 3 8 
3 1 24 2 3 3 5 
9 1 4 2 18 3 15 
38 1 2 2 1 3 4 
5 1 3 2 7 3 27 
47 1 34 2 2 3 3 
26 1 2 2 2 3 1 
20 1 9 2 12 3 8 
43 1 5 2 4 3 4 
1 1
17 1 9 
5 1
16 4 1 
32 4 5 
14 4 1 
33 4 1 
34 4 1 

2 2
2 2
40 1 7 2 6 
5 1 4 2 1 
4 2
49 1 6 2 31 
31 1 19 2 28 
47 1 5 2 6 
24 1 11 2 2 

3 1
4 1
43 1 17 
6 1 38 
16 1 15 
38 1 21 
7 1
34 1 6 
18 1 32 
2 1 15 
23 1 19 
33 1 21 
50 1 45 
35 1 8 
2 1
40 1 10 
36 1 37 

1 1
9 1
5 1 16 
33 1 11 
49 1 5 
37 1 44 
38 1 8 
24 1 48 
10 1 6 
15 1 17 
50 1 21 

2 2
10 2
15 1 28 2 5 
29 1 13 2 2 
27 1 14 2 12 
43 1 7 2 2 
38 1 8 2 5 
4 1 20 2 4 
32 1 11 2 20 
25 1 13 2 8 
2 1 4 2 22 
41 1 28 2 3 
4 1
10 2 2 
37 2 13 
45 2 4 
49 2 13 

3 3
10 2
47 2 5 3 19 
38 2 1 3 3 
36 2 11 3 25 
21 2 3 3 2 
48 2 2 3 32 
43 2 3 3 1 
42 2 2 3 1 
14 2 2 3 2 
28 2 4 3 1 
8 2 1 3 6 
3 2
39 1 10 2 3 
29 1 12 2 1 
6 1 11 2 10 
5 3
4 1 28 2 11 3 1 
37 1 4 2 4 3 11 
15 1 12 2 5 3 6 
41 1 15 2 5 3 4 
50 1 2 2 5 3 1 

2 1
4 1
13 1 15 
48 1 49 
43 1 32 
11 1 22 
8 1
46 1 27 
22 1 34 
27 1 42 
8 1 49 
23 1 49 
12 1 24 
4 1 45 
18 1 17 

3 3
2 3
26 1 4 2 20 3 5 
10 1 6 2 19 3 22 
8 1
3 2 13 
41 2 7 
8 2 6 
48 2 4 
28 2 20 
21 2 20 
25 2 29 
24 2 16 
8 2
9 1 2 2 4 
27 1 2 2 7 
16 1 16 2 16 
1 1 19 2 4 
38 1 10 2 16 
11 1 2 2 9 
42 1 6 2 28 
14 1 21 2 9 

1 1
1 1
31 1 49 

2 2
3 1
49 2 17 
6 2 2 
7 2 41 
9 2
17 1 12 2 5 
3 1 15 2 7 
9 1 24 2 12 
2 1 15 2 12 
13 1 24 2 24 
32 1 5 2 40 
23 1 3 2 6 
14 1 17 2 19 
39 1 13 2 8 


10
4 2
5 1
17 1 48 
44 1 8 
18 1 2 
1 1 2 
6 1 2 
10 1
33 1 44 
31 1 2 
30 1 14 
25 1 13 
40 1 3 
12 1 20 
20 1 23 
42 1 38 
2 1 13 
36 1 3 
1 1
32 2 16 
6 2
39 1 21 2 18 
27 1 10 2 30 
11 1 10 2 33 
10 1 31 2 18 
3 1 39 2 2 
29 1 3 2 9 

3 2
5 1
43 1 20 
40 1 11 
6 1 11 
26 1 33 
35 1 6 
10 2
7 1 7 2 37 
47 1 25 2 17 
30 1 21 2 27 
4 1 8 2 20 
14 1 6 2 1 
39 1 11 2 33 
13 1 3 2 23 
38 1 9 2 3 
45 1 11 2 9 
3 1 2 2 8 
2 1
21 2 5 
15 2 13 

4 4
1 1
15 4 9 
8 4
25 1 2 2 2 3 1 4 1 
49 1 15 2 8 3 5 4 9 
33 1 3 2 9 3 4 4 1 
24 1 3 2 2 3 1 4 1 
42 1 10 2 2 3 3 4 2 
14 1 2 2 11 3 4 4 2 
45 1 2 2 18 3 20 4 8 
40 1 3 2 6 3 1 4 8 
9 4
29 1 10 2 8 3 11 4 2 
28 1 12 2 13 3 18 4 1 
26 1 4 2 25 3 1 4 6 
8 1 7 2 1 3 13 4 9 
11 1 3 2 12 3 8 4 6 
46 1 3 2 10 3 17 4 2 
43 1 6 2 36 3 4 4 1 
20 1 19 2 2 3 5 4 6 
5 1 4 2 6 3 2 4 30 
8 1
23 3 2 
37 3 4 
44 3 4 
19 3 4 
4 3 4 
48 3 5 
1 3 4 
34 3 14 

5 1
7 1
49 1 7 
44 1 32 
48 1 21 
26 1 28 
8 1 22 
28 1 18 
39 1 49 
4 1
22 1 38 
21 1 7 
43 1 14 
34 1 35 
2 1
45 1 29 
6 1 44 
5 1
14 1 46 
17 1 41 
18 1 34 
11 1 44 
30 1 24 
10 1
12 1 40 
5 1 8 
2 1 18 
1 1 48 
23 1 27 
10 1 49 
9 1 39 
25 1 16 
29 1 10 
16 1 19 

3 3
7 3
8 1 11 2 8 3 2 
9 1 21 2 3 3 20 
40 1 8 2 20 3 1 
38 1 4 2 2 3 2 
23 1 9 2 16 3 6 
14 1 10 2 15 3 21 
30 1 9 2 7 3 33 
8 3
25 1 13 2 1 3 3 
26 1 2 2 13 3 10 
48 1 3 2 14 3 3 
46 1 6 2 17 3 13 
32 1 6 2 8 3 1 
33 1 27 2 1 3 11 
43 1 9 2 27 3 1 
3 1 18 2 21 3 2 
4 2
37 2 20 3 5 
36 2 5 3 1 
15 2 9 3 2 
1 2 13 3 10 

3 1
3 1
31 1 34 
2 1 27 
5 1 18 
1 1
43 1 40 
2 1
10 1 36 
25 1 12 

5 2
6 1
27 1 6 
14 1 10 
34 1 4 
30 1 27 
24 1 33 
6 1 23 
1 1
48 1 24 
3 1
17 2 5 
26 2 7 
35 2 6 
7 1
23 1 2 
11 1 16 
39 1 18 
40 1 10 
50 1 2 
13 1 3 
33 1 19 
2 2
43 1 8 2 10 
36 1 5 2 39 

1 1
9 1
17 1 19 
44 1 30 
45 1 34 
39 1 19 
32 1 28 
28 1 20 
50 1 43 
49 1 45 
31 1 27 

2 2
5 2
21 1 30 2 10 
19 1 10 2 9 
10 1 10 2 2 
24 1 17 2 7 
25 1 8 2 3 
3 2
17 1 4 2 1 
46 1 8 2 16 
12 1 10 2 1 

4 2
2 2
3 1 5 2 14 
38 1 17 2 3 
6 2
47 1 5 2 42 
39 1 22 2 20 
15 1 15 2 27 
14 1 28 2 4 
6 1 17 2 7 
2 1 9 2 1 
8 1
18 2 1 
1 2 32 
40 2 9 
4 2 1 
33 2 1 
29 2 4 
10 2 7 
31 2 6 
2 1
30 1 18 
32 1 8 


10
3 3
8 2
47 1 3 2 2 
40 1 21 2 17 
44 1 5 2 14 
15 1 10 2 7 
45 1 11 2 10 
18 1 2 2 9 
37 1 10 2 3 
13 1 5 2 24 
5 2
24 1 8 2 8 
33 1 3 2 2 
10 1 24 2 14 
49 1 2 2 10 
42 1 2 2 12 
9 3
7 1 4 2 5 3 2 
48 1 14 2 9 3 26 
5 1 8 2 3 3 3 
19 1 8 2 3 3 2 
12 1 4 2 7 3 14 
26 1 4 2 1 3 1 
28 1 12 2 5 3 5 
46 1 14 2 26 3 1 
38 1 15 2 6 3 16 

3 1
10 1
48 1 26 
38 1 47 
37 1 9 
46 1 41 
29 1 14 
28 1 46 
11 1 43 
39 1 32 
49 1 5 
22 1 19 
4 1
18 1 12 
32 1 48 
13 1 35 
3 1 49 
2 1
24 1 47 
30 1 43 

5 2
6 1
9 1 3 
39 1 9 
18 1 5 
45 1 21 
29 1 5 
11 1 14 
3 2
27 1 7 2 24 
26 1 6 2 10 
32 1 6 2 2 
6 1
31 1 5 
34 1 21 
15 1 23 
42 1 37 
16 1 17 
3 1 8 
9 1
33 1 28 
5 1 20 
21 1 10 
12 1 20 
14 1 12 
48 1 4 
50 1 27 
49 1 5 
25 1 5 
4 2
28 1 11 2 2 
40 1 6 2 7 
17 1 21 2 5 
46 1 2 2 33 

5 3
4 2
16 1 13 2 23 
33 1 8 2 12 
14 1 21 2 3 
2 1 9 2 4 
4 2
36 2 2 3 11 
31 2 7 3 5 
12 2 1 3 17 
48 2 3 3 10 
6 2
50 1 6 2 33 
27 1 22 2 2 
11 1 8 2 3 
42 1 4 2 3 
20 1 2 2 2 
19 1 3 2 3 
3 3
18 1 3 2 7 3 11 
7 1 19 2 11 3 15 
1 1 26 2 10 3 5 
2 1
15 2 2 
40 2 4 

1 1
6 1
20 1 11 
29 1 5 
7 1 20 
12 1 10 
42 1 35 
21 1 41 

3 1
8 1
32 1 30 
11 1 49 
33 1 46 
36 1 49 
23 1 33 
40 1 5 
18 1 34 
37 1 39 
5 1
46 1 44 
15 1 24 
34 1 42 
31 1 16 
50 1 19 
6 1
35 1 23 
25 1 47 
4 1 46 
5 1 40 
24 1 28 
48 1 15 

2 2
4 2
33 1 33 2 6 
9 1 6 2 15 
22 1 17 2 6 
4 1 30 2 12 
7 2
32 1 19 2 27 
8 1 8 2 8 
41 1 9 2 10 
3 1 20 2 7 
35 1 32 2 11 
38 1 3 2 23 
29 1 5 2 10 

3 1
9 1
45 1 27 
22 1 35 
21 1 13 
33 1 36 
30 1 37 
4 1 49 
17 1 14 
27 1 23 
47 1 28 
2 1
42 1 39 
46 1 24 
1 1
6 1 43 

3 1
6 1
44 1 8 
32 1 6 
23 1 39 
48 1 10 
26 1 7 
43 1 44 
8 1
50 1 49 
15 1 15 
21 1 49 
46 1 12 
35 1 31 
20 1 41 
11 1 46 
6 1 36 
9 1
29 1 47 
5 1 31 
19 1 11 
38 1 8 
17 1 41 
28 1 45 
2 1 35 
3 1 30 
30 1 11 

1 1
6 1
50 1 11 
6 1 30 
18 1 6 
2 1 8 
26 1 11 
13 1 39 


10
5 3
2 1
39 1 4 
47 1 5 
3 1
19 3 14 
12 3 1 
3 3 2 
8 2
15 1 27 2 16 
18 1 5 2 8 
28 1 5 2 10 
21 1 3 2 5 
20 1 5 2 4 
16 1 13 2 2 
45 1 2 2 2 
4 1 4 2 4 
8 1
36 2 5 
24 2 18 
49 2 11 
34 2 1 
38 2 7 
14 2 1 
40 2 8 
23 2 3 
6 3
25 1 2 2 3 3 2 
7 1 3 2 15 3 1 
13 1 17 2 9 3 10 
22 1 4 2 9 3 9 
31 1 3 2 22 3 5 
5 1 9 2 11 3 18 

5 1
9 1
29 1 44 
22 1 24 
46 1 38 
33 1 42 
4 1 14 
50 1 36 
39 1 37 
15 1 36 
41 1 45 
1 1
47 1 43 
4 1
40 1 36 
2 1 5 
21 1 23 
8 1 31 
5 1
31 1 9 
14 1 21 
9 1 49 
32 1 35 
37 1 25 
10 1
25 1 25 
36 1 26 
26 1 19 
27 1 15 
3 1 18 
24 1 29 
35 1 49 
23 1 20 
19 1 5 
6 1 43 

1 1
2 1
32 1 43 
16 1 36 

3 3
8 2
8 1 6 2 7 
38 1 14 2 19 
42 1 3 2 4 
28 1 39 2 9 
26 1 5 2 15 
27 1 5 2 16 
22 1 32 2 2 
16 1 11 2 5 
4 3
7 1 16 2 3 3 12 
35 1 5 2 18 3 6 
41 1 2 2 8 3 5 
44 1 18 2 5 3 14 
5 1
32 1 25 
6 1 18 
50 1 3 
14 1 4 
21 1 9 

4 3
4 1
2 3 1 
4 3 3 
14 3 6 
5 3 3 
2 3
9 1 13 2 7 3 8 
21 1 6 2 30 3 13 
3 2
29 1 4 2 9 
49 1 3 2 7 
47 1 28 2 2 
3 2
1 2 4 3 11 
19 2 5 3 28 
30 2 11 3 4 

3 1
1 1
37 1 19 
6 1
15 1 46 
3 1 7 
1 1 7 
23 1 45 
6 1 25 
39 1 46 
3 1
44 1 39 
25 1 6 
8 1 45 

3 3
9 2
41 2 13 3 1 
36 2 4 3 1 
25 2 14 3 5 
16 2 15 3 23 
10 2 5 3 6 
7 2 3 3 21 
21 2 3 3 1 
1 2 9 3 1 
24 2 2 3 25 
7 1
30 3 17 
32 3 4 
17 3 19 
27 3 19 
50 3 4 
15 3 6 
9 3 20 
1 3
23 1 31 2 5 3 1 

5 3
7 2
16 1 21 2 1 
49 1 7 2 11 
12 1 16 2 2 
8 1 10 2 28 
41 1 5 2 9 
4 1 9 2 1 
29 1 4 2 5 
3 1
27 2 1 
36 2 26 
38 2 22 
1 1
7 3 6 
4 2
5 2 11 3 6 
40 2 6 3 1 
48 2 7 3 9 
44 2 36 3 1 
2 3
31 1 7 2 2 3 35 
20 1 17 2 20 3 12 

2 1
1 1
45 1 24 
8 1
32 1 49 
21 1 10 
24 1 25 
34 1 40 
46 1 19 
23 1 10 
28 1 45 
15 1 25 

2 2
4 2
30 1 5 2 2 
20 1 28 2 6 
32 1 9 2 21 
42 1 29 2 15 
1 2
31 1 5 2 6 


10
3 2
2 1
5 1 19 
44 1 16 
9 2
16 1 31 2 16 
4 1 2 2 3 
23 1 8 2 14 
15 1 10 2 1 
41 1 38 2 1 
28 1 2 2 28 
29 1 2 2 7 
38 1 13 2 5 
12 1 16 2 16 
10 1
3 1 4 
1 1 27 
32 1 19 
39 1 12 
47 1 24 
27 1 22 
33 1 24 
25 1 38 
6 1 21 
40 1 11 

2 1
7 1
13 1 8 
34 1 43 
50 1 36 
5 1 31 
43 1 11 
45 1 43 
36 1 26 
2 1
16 1 28 
4 1 47 

1 1
8 1
7 1 29 
17 1 9 
34 1 37 
16 1 7 
12 1 25 
45 1 38 
43 1 29 
22 1 15 

1 1
1 1
29 1 22 

1 1
3 1
6 1 12 
27 1 5 
5 1 11 

3 1
4 1
49 1 39 
42 1 26 
46 1 46 
35 1 16 
9 1
14 1 18 
45 1 45 
36 1 12 
31 1 14 
38 1 31 
29 1 34 
28 1 14 
43 1 28 
12 1 26 
10 1
48 1 15 
30 1 15 
8 1 12 
5 1 18 
24 1 19 
44 1 25 
10 1 16 
23 1 26 
33 1 36 
4 1 20 

2 2
3 2
22 1 12 2 25 
24 1 9 2 5 
21 1 9 2 28 
6 1
9 1 16 
25 1 3 
50 1 5 
2 1 4 
34 1 14 
37 1 9 

4 2
6 2
31 1 7 2 32 
11 1 22 2 21 
1 1 4 2 1 
26 1 26 2 2 
44 1 11 2 9 
34 1 2 2 4 
10 2
50 1 22 2 17 
27 1 3 2 3 
8 1 5 2 1 
25 1 27 2 21 
2 1 27 2 12 
20 1 21 2 10 
4 1 13 2 21 
19 1 4 2 20 
45 1 37 2 2 
29 1 3 2 25 
6 2
13 1 3 2 41 
49 1 10 2 27 
30 1 40 2 7 
41 1 22 2 5 
14 1 43 2 1 
21 1 23 2 15 
9 1
17 2 7 
28 2 12 
43 2 4 
42 2 18 
15 2 5 
48 2 5 
16 2 4 
35 2 31 
39 2 13 

4 2
7 2
27 1 13 2 20 
3 1 2 2 16 
44 1 29 2 1 
45 1 2 2 6 
17 1 30 2 14 
22 1 25 2 19 
37 1 10 2 10 
10 1
16 2 10 
32 2 10 
39 2 9 
20 2 31 
34 2 7 
40 2 1 
21 2 14 
14 2 4 
46 2 20 
10 2 13 
10 1
25 1 14 
31 1 20 
41 1 12 
48 1 10 
9 1 32 
36 1 29 
18 1 13 
19 1 39 
23 1 13 
7 1 33 
1 1
2 2 36 

2 2
7 1
26 2 13 
46 2 16 
22 2 5 
47 2 6 
38 2 1 
5 2 17 
4 2 20 
9 2
18 1 6 2 1 
50 1 3 2 38 
19 1 15 2 1 
10 1 5 2 41 
35 1 6 2 16 
7 1 4 2 1 
3 1 4 2 3 
36 1 17 2 4 
44 1 9 2 6 


10
5 2
8 2
39 1 18 2 15 
21 1 23 2 24 
6 1 14 2 18 
9 1 6 2 6 
27 1 3 2 34 
30 1 8 2 27 
18 1 21 2 10 
33 1 10 2 17 
5 1
26 2 7 
7 2 13 
23 2 24 
48 2 34 
28 2 33 
10 1
1 2 7 
31 2 1 
16 2 4 
3 2 1 
40 2 22 
49 2 6 
20 2 9 
15 2 4 
8 2 1 
36 2 6 
10 2
44 1 5 2 7 
25 1 24 2 5 
35 1 8 2 4 
14 1 3 2 12 
11 1 30 2 10 
34 1 4 2 12 
2 1 13 2 19 
45 1 13 2 25 
46 1 7 2 18 
5 1 36 2 5 
2 1
24 1 12 
47 1 5 

3 3
3 3
6 1 3 2 1 3 1 
41 1 15 2 2 3 1 
1 1 6 2 13 3 23 
9 3
15 1 4 2 28 3 17 
22 1 16 2 5 3 7 
31 1 2 2 4 3 1 
49 1 10 2 1 3 11 
16 1 6 2 7 3 18 
24 1 4 2 28 3 2 
35 1 6 2 13 3 15 
37 1 24 2 15 3 7 
19 1 4 2 4 3 6 
8 1
50 1 17 
14 1 15 
8 1 20 
3 1 3 
33 1 13 
20 1 3 
39 1 16 
45 1 9 

1 1
7 1
32 1 14 
25 1 25 
45 1 11 
9 1 12 
41 1 14 
31 1 17 
38 1 45 

1 1
5 1
40 1 29 
44 1 8 
23 1 15 
45 1 15 
6 1 11 

4 2
6 1
17 2 10 
30 2 8 
49 2 14 
32 2 12 
19 2 2 
42 2 2 
4 2
14 1 2 2 4 
5 1 21 2 2 
2 1 9 2 7 
37 1 4 2 27 
1 1
44 2 12 
5 1
38 2 4 
45 2 28 
21 2 8 
25 2 1 
29 2 5 

4 1
9 1
1 1 36 
21 1 48 
39 1 39 
2 1 18 
6 1 8 
35 1 14 
10 1 42 
30 1 37 
34 1 21 
1 1
3 1 16 
1 1
15 1 24 
1 1
7 1 9 

4 1
3 1
40 1 18 
28 1 9 
12 1 47 
2 1
11 1 41 
17 1 27 
6 1
15 1 33 
18 1 13 
25 1 19 
24 1 12 
31 1 17 
30 1 48 
6 1
41 1 7 
44 1 16 
23 1 34 
34 1 49 
48 1 29 
39 1 20 

1 1
9 1
22 1 34 
27 1 38 
25 1 48 
23 1 47 
17 1 49 
24 1 46 
32 1 42 
2 1 48 
49 1 7 

2 1
9 1
36 1 29 
45 1 43 
23 1 41 
10 1 47 
22 1 42 
49 1 19 
19 1 14 
20 1 16 
34 1 47 
7 1
27 1 18 
48 1 20 
6 1 35 
24 1 21 
5 1 5 
30 1 7 
28 1 33 

5 2
10 1
40 1 18 
19 1 27 
42 1 3 
39 1 18 
44 1 4 
23 1 4 
6 1 11 
8 1 13 
9 1 6 
4 1 24 
9 1
3 2 8 
2 2 22 
7 2 13 
49 2 10 
30 2 15 
26 2 6 
5 2 2 
20 2 23 
33 2 7 
9 2
46 1 19 2 1 
47 1 32 2 13 
48 1 5 2 2 
45 1 6 2 11 
32 1 3 2 3 
15 1 21 2 14 
10 1 8 2 12 
24 1 13 2 5 
41 1 4 2 40 
3 2
29 1 9 2 15 
12 1 4 2 4 
18 1 2 2 12 
9 1
37 1 2 
34 1 6 
36 1 8 
28 1 20 
17 1 14 
35 1 2 
16 1 3 
21 1 4 
31 1 7 


10
3 3
8 3
32 1 23 2 15 3 9 
44 1 7 2 19 3 9 
29 1 3 2 28 3 2 
28 1 19 2 3 3 10 
45 1 7 2 2 3 17 
24 1 3 2 9 3 3 
10 1 6 2 9 3 17 
21 1 28 2 14 3 5 
2 1
22 3 1 
13 3 19 
7 3
4 1 7 2 4 3 7 
5 1 13 2 7 3 10 
38 1 3 2 3 3 3 
3 1 5 2 1 3 16 
33 1 3 2 1 3 3 
11 1 7 2 3 3 3 
7 1 14 2 4 3 15 

4 2
2 1
49 2 21 
40 2 10 
3 2
4 1 25 2 24 
22 1 3 2 30 
37 1 12 2 9 
9 1
46 2 5 
13 2 2 
26 2 7 
34 2 1 
23 2 3 
12 2 11 
32 2 9 
39 2 4 
25 2 23 
2 1
24 1 25 
5 1 14 

1 1
10 1
6 1 31 
21 1 17 
20 1 21 
39 1 25 
8 1 29 
12 1 13 
31 1 14 
34 1 39 
22 1 43 
40 1 33 

1 1
2 1
11 1 48 
32 1 40 

5 4
8 3
45 1 21 2 19 3 4 
29 1 15 2 1 3 3 
34 1 2 2 7 3 6 
40 1 2 2 2 3 2 
13 1 9 2 1 3 24 
31 1 5 2 3 3 5 
47 1 3 2 1 3 23 
24 1 5 2 7 3 12 
10 4
43 1 8 2 5 3 1 4 2 
19 1 8 2 3 3 16 4 8 
37 1 9 2 10 3 10 4 8 
26 1 2 2 4 3 2 4 1 
18 1 9 2 5 3 4 4 5 
11 1 12 2 3 3 6 4 2 
50 1 2 2 2 3 12 4 1 
42 1 3 2 3 3 4 4 1 
23 1 6 2 22 3 5 4 16 
41 1 10 2 3 3 13 4 7 
1 2
16 3 9 4 10 
5 3
8 1 2 2 2 3 3 
32 1 9 2 14 3 2 
5 1 16 2 2 3 12 
30 1 5 2 10 3 9 
44 1 8 2 3 3 2 
5 1
3 1 4 
10 1 18 
25 1 7 
48 1 17 
15 1 3 

1 1
9 1
29 1 10 
18 1 36 
3 1 38 
35 1 29 
23 1 13 
28 1 26 
1 1 21 
43 1 29 
6 1 7 

2 2
7 2
35 1 38 2 8 
9 1 9 2 6 
19 1 2 2 3 
24 1 10 2 2 
34 1 9 2 37 
22 1 28 2 18 
46 1 35 2 12 
6 2
18 1 6 2 34 
31 1 32 2 14 
40 1 9 2 11 
5 1 5 2 16 
11 1 9 2 13 
23 1 13 2 10 

4 3
1 3
26 1 18 2 5 3 19 
6 2
7 1 2 2 5 
25 1 16 2 4 
31 1 10 2 9 
5 1 17 2 8 
36 1 4 2 32 
9 1 21 2 8 
9 3
17 1 36 2 3 3 9 
50 1 10 2 11 3 23 
30 1 5 2 16 3 26 
14 1 23 2 2 3 18 
47 1 9 2 6 3 7 
41 1 4 2 1 3 3 
4 1 13 2 6 3 1 
42 1 3 2 1 3 1 
16 1 15 2 17 3 17 
9 3
27 1 8 2 2 3 4 
19 1 9 2 6 3 18 
29 1 29 2 3 3 15 
10 1 3 2 13 3 4 
32 1 3 2 18 3 7 
15 1 8 2 22 3 7 
22 1 3 2 5 3 2 
6 1 9 2 4 3 14 
3 1 11 2 24 3 9 

3 3
1 3
3 1 25 2 4 3 6 
6 2
14 1 10 2 6 
32 1 9 2 17 
21 1 3 2 3 
42 1 2 2 3 
16 1 11 2 3 
40 1 7 2 1 
8 3
39 1 24 2 7 3 2 
36 1 5 2 2 3 2 
13 1 9 2 6 3 26 
37 1 4 2 1 3 6 
27 1 2 2 7 3 16 
17 1 7 2 3 3 33 
15 1 4 2 2 3 2 
30 1 26 2 8 3 15 

2 2
1 2
32 1 42 2 4 
7 2
27 1 23 2 14 
42 1 7 2 42 
29 1 19 2 4 
36 1 25 2 3 
11 1 31 2 16 
45 1 3 2 4 
34 1 17 2 20 


10
5 4
2 1
4 2 3 
27 2 12 
5 1
34 2 2 
42 2 1 
12 2 2 
6 2 27 
1 2 18 
7 4
23 1 17 2 9 3 12 4 3 
31 1 10 2 11 3 7 4 20 
45 1 2 2 13 3 13 4 7 
8 1 12 2 4 3 5 4 14 
50 1 4 2 9 3 15 4 4 
36 1 4 2 5 3 3 4 2 
38 1 18 2 10 3 4 4 4 
10 2
39 3 1 4 7 
41 3 4 4 8 
5 3 2 4 7 
35 3 9 4 10 
22 3 9 4 2 
29 3 1 4 1 
15 3 6 4 14 
30 3 3 4 6 
33 3 8 4 16 
24 3 2 4 8 
9 1
20 3 5 
25 3 8 
14 3 18 
7 3 1 
17 3 7 
13 3 8 
43 3 8 
21 3 4 
18 3 4 

3 1
5 1
45 1 44 
14 1 19 
35 1 38 
6 1 8 
36 1 49 
6 1
15 1 26 
47 1 18 
26 1 18 
46 1 5 
25 1 36 
30 1 32 
1 1
48 1 31 

2 2
2 2
48 1 6 2 3 
39 1 16 2 3 
1 1
35 2 15 

3 2
9 1
19 1 20 
7 1 2 
50 1 15 
24 1 5 
6 1 7 
21 1 10 
9 1 11 
36 1 8 
4 1 28 
2 2
3 1 4 2 3 
40 1 36 2 1 
7 1
38 1 16 
26 1 20 
46 1 2 
39 1 4 
45 1 5 
15 1 15 
47 1 6 

3 1
7 1
39 1 49 
44 1 5 
26 1 14 
5 1 18 
9 1 49 
37 1 12 
29 1 10 
3 1
1 1 32 
23 1 7 
40 1 19 
9 1
24 1 6 
13 1 41 
41 1 10 
2 1 28 
10 1 14 
4 1 29 
48 1 41 
30 1 9 
15 1 47 

5 1
6 1
23 1 11 
20 1 39 
30 1 40 
28 1 28 
38 1 49 
12 1 26 
8 1
15 1 27 
9 1 20 
31 1 27 
45 1 19 
49 1 47 
6 1 23 
25 1 15 
39 1 21 
9 1
8 1 29 
18 1 21 
33 1 14 
3 1 8 
1 1 28 
37 1 10 
29 1 27 
24 1 40 
5 1 8 
7 1
14 1 46 
22 1 24 
44 1 37 
13 1 8 
26 1 5 
42 1 8 
46 1 21 
2 1
41 1 7 
17 1 35 

1 1
6 1
2 1 30 
16 1 31 
33 1 29 
25 1 32 
41 1 47 
18 1 11 

1 1
8 1
7 1 11 
21 1 11 
22 1 10 
39 1 38 
4 1 33 
23 1 29 
12 1 43 
47 1 23 

1 1
6 1
6 1 16 
17 1 25 
43 1 46 
23 1 11 
42 1 45 
40 1 10 

5 5
8 5
5 1 6 2 5 3 7 4 1 5 1 
41 1 4 2 7 3 2 4 1 5 1 
8 1 13 2 13 3 8 4 9 5 6 
44 1 2 2 3 3 1 4 2 5 1 
14 1 4 2 2 3 6 4 16 5 7 
46 1 5 2 17 3 12 4 6 5 6 
19 1 2 2 2 3 3 4 1 5 1 
4 1 2 2 1 3 1 4 2 5 1 
7 1
6 4 5 
10 4 1 
43 4 4 
32 4 6 
35 4 1 
22 4 3 
11 4 13 
2 4
40 1 3 2 3 3 16 4 1 
23 1 12 2 2 3 6 4 6 
2 2
7 4 1 5 5 
33 4 1 5 22 
2 1
13 1 9 
28 1 3 


10
3 1
5 1
12 1 42 
45 1 36 
8 1 20 
23 1 15 
46 1 37 
4 1
26 1 37 
13 1 36 
2 1 29 
39 1 27 
5 1
7 1 28 
5 1 18 
24 1 46 
35 1 34 
4 1 11 

3 1
10 1
36 1 10 
30 1 35 
6 1 24 
34 1 16 
11 1 9 
31 1 6 
10 1 10 
16 1 26 
32 1 12 
44 1 23 
3 1
22 1 24 
4 1 23 
27 1 18 
3 1
13 1 46 
33 1 9 
23 1 28 

4 3
10 3
14 1 15 2 8 3 8 
44 1 14 2 3 3 2 
23 1 3 2 3 3 1 
29 1 10 2 16 3 6 
34 1 20 2 16 3 3 
40 1 8 2 5 3 9 
19 1 7 2 18 3 3 
1 1 12 2 6 3 15 
33 1 26 2 4 3 16 
36 1 19 2 2 3 5 
4 1
24 3 2 
30 3 6 
41 3 15 
22 3 5 
9 3
31 1 3 2 5 3 1 
42 1 2 2 24 3 10 
35 1 4 2 16 3 2 
45 1 6 2 7 3 3 
20 1 19 2 11 3 14 
11 1 9 2 4 3 2 
39 1 3 2 10 3 24 
13 1 11 2 1 3 4 
4 1 20 2 7 3 10 
2 1
37 3 1 
6 3 22 

4 3
7 2
45 1 8 2 4 
18 1 4 2 2 
43 1 4 2 3 
15 1 3 2 8 
35 1 13 2 12 
49 1 9 2 2 
28 1 8 2 19 
7 3
50 1 11 2 2 3 9 
10 1 14 2 2 3 1 
9 1 8 2 29 3 9 
24 1 17 2 3 3 10 
48 1 2 2 1 3 16 
33 1 10 2 6 3 10 
19 1 7 2 17 3 8 
3 1
14 2 8 
47 2 4 
41 2 1 
7 1
17 2 18 
36 2 2 
1 2 8 
26 2 17 
3 2 3 
21 2 6 
6 2 6 

3 2
3 2
22 1 8 2 1 
5 1 7 2 17 
32 1 39 2 7 
1 1
8 1 3 
2 2
42 1 7 2 25 
6 1 11 2 6 

2 2
5 1
28 2 1 
36 2 1 
34 2 9 
31 2 7 
44 2 26 
6 2
38 1 33 2 5 
45 1 8 2 19 
39 1 17 2 24 
5 1 25 2 23 
43 1 8 2 17 
20 1 8 2 23 

3 3
1 1
4 2 3 
3 3
27 1 15 2 2 3 4 
34 1 26 2 16 3 6 
47 1 21 2 10 3 12 
2 1
29 1 7 
25 1 17 

3 3
9 3
23 1 9 2 2 3 2 
46 1 2 2 2 3 1 
14 1 9 2 12 3 3 
49 1 6 2 9 3 5 
21 1 17 2 5 3 22 
28 1 23 2 5 3 6 
19 1 5 2 4 3 2 
43 1 2 2 3 3 4 
33 1 8 2 14 3 8 
3 3
3 1 9 2 4 3 10 
39 1 5 2 9 3 14 
16 1 3 2 2 3 5 
8 2
30 1 6 2 2 
11 1 11 2 1 
4 1 6 2 18 
13 1 26 2 5 
27 1 24 2 7 
37 1 7 2 14 
35 1 5 2 1 
41 1 3 2 24 

3 1
7 1
4 1 46 
6 1 26 
46 1 7 
40 1 29 
12 1 39 
33 1 8 
37 1 17 
7 1
45 1 32 
31 1 16 
8 1 11 
3 1 15 
43 1 16 
29 1 15 
28 1 29 
10 1
5 1 22 
26 1 22 
9 1 24 
24 1 29 
34 1 24 
18 1 11 
17 1 16 
50 1 24 
47 1 45 
42 1 10 

3 3
6 1
50 3 6 
6 3 31 
19 3 23 
10 3 6 
26 3 18 
48 3 1 
1 1
18 1 8 
10 3
21 1 2 2 4 3 7 
27 1 10 2 10 3 17 
22 1 4 2 7 3 9 
8 1 2 2 20 3 15 
7 1 3 2 3 3 1 
30 1 11 2 2 3 3 
16 1 4 2 23 3 6 
31 1 6 2 12 3 16 
43 1 3 2 1 3 1 
9 1 6 2 5 3 3 


