10 20 100 2 2

10
2 1
10 1
16 1 40 
8 1 35 
13 1 41 
9 1 22 
2 1 30 
7 1 26 
19 1 16 
11 1 24 
18 1 44 
1 1 19 
6 1
6 1 49 
5 1 31 
17 1 29 
12 1 8 
10 1 46 
15 1 22 

2 2
7 2
6 1 12 2 5 
12 1 32 2 16 
8 1 21 2 27 
9 1 21 2 15 
3 1 2 2 15 
15 1 2 2 6 
14 1 10 2 4 
3 2
5 1 3 2 5 
13 1 5 2 6 
11 1 21 2 6 

2 1
6 1
9 1 40 
19 1 22 
20 1 31 
18 1 38 
4 1 8 
2 1 15 
9 1
7 1 8 
13 1 34 
5 1 11 
11 1 44 
8 1 7 
16 1 30 
14 1 42 
1 1 23 
6 1 35 

2 2
9 2
18 1 3 2 6 
3 1 7 2 4 
12 1 5 2 5 
2 1 4 2 1 
7 1 24 2 5 
13 1 12 2 26 
20 1 8 2 26 
19 1 5 2 3 
6 1 27 2 1 
4 1
4 2 16 
15 2 5 
11 2 8 
17 2 6 

2 1
3 1
17 1 10 
12 1 17 
7 1 9 
10 1
19 1 35 
8 1 34 
15 1 49 
2 1 17 
5 1 40 
13 1 49 
20 1 44 
18 1 23 
6 1 48 
3 1 28 

1 1
6 1
18 1 24 
7 1 14 
16 1 26 
19 1 23 
4 1 29 
17 1 7 

2 1
2 1
17 1 31 
15 1 30 
7 1
18 1 13 
3 1 27 
2 1 45 
16 1 7 
4 1 19 
10 1 16 
6 1 10 

2 2
4 2
18 1 12 2 16 
16 1 13 2 20 
3 1 41 2 7 
7 1 20 2 10 
1 1
20 2 15 

1 1
6 1
12 1 19 
8 1 19 
11 1 13 
13 1 42 
17 1 24 
20 1 9 

2 1
4 1
15 1 24 
10 1 49 
1 1 32 
2 1 46 
1 1
16 1 13 


10
2 1
1 1
9 1 46 
6 1
6 1 16 
8 1 41 
17 1 47 
12 1 40 
20 1 25 
13 1 33 

1 1
2 1
20 1 40 
5 1 13 

2 1
8 1
13 1 22 
1 1 41 
14 1 7 
15 1 23 
19 1 20 
4 1 19 
20 1 44 
6 1 18 
6 1
10 1 9 
8 1 46 
7 1 41 
18 1 24 
3 1 41 
16 1 47 

1 1
8 1
12 1 42 
1 1 49 
9 1 13 
15 1 28 
20 1 8 
16 1 42 
10 1 40 
17 1 10 

1 1
5 1
19 1 40 
15 1 40 
11 1 35 
2 1 31 
18 1 29 

1 1
9 1
8 1 9 
14 1 20 
4 1 8 
1 1 18 
7 1 26 
5 1 46 
13 1 21 
3 1 19 
20 1 43 

2 1
1 1
14 1 29 
9 1
15 1 42 
4 1 16 
6 1 26 
17 1 30 
13 1 30 
3 1 31 
7 1 21 
20 1 22 
11 1 41 

2 1
7 1
1 1 32 
4 1 37 
9 1 8 
20 1 48 
10 1 25 
7 1 6 
3 1 10 
9 1
12 1 45 
2 1 21 
6 1 9 
15 1 21 
8 1 19 
5 1 34 
13 1 25 
19 1 23 
18 1 44 

2 2
4 1
5 1 3 
12 1 10 
18 1 2 
10 1 7 
3 2
19 1 8 2 2 
9 1 4 2 13 
1 1 2 2 39 

2 1
5 1
15 1 10 
14 1 31 
6 1 5 
18 1 37 
13 1 47 
6 1
5 1 23 
19 1 24 
3 1 38 
8 1 40 
17 1 39 
12 1 33 


10
1 1
1 1
14 1 24 

1 1
3 1
13 1 14 
16 1 8 
15 1 35 

2 2
7 1
14 1 9 
10 1 3 
15 1 18 
4 1 4 
20 1 4 
8 1 37 
5 1 17 
9 2
3 1 20 2 12 
7 1 10 2 26 
18 1 21 2 21 
19 1 45 2 4 
11 1 15 2 18 
2 1 14 2 1 
16 1 15 2 14 
13 1 5 2 37 
12 1 15 2 3 

1 1
4 1
8 1 16 
3 1 15 
16 1 41 
20 1 16 

1 1
8 1
17 1 32 
14 1 35 
5 1 35 
15 1 8 
10 1 26 
4 1 48 
16 1 36 
2 1 9 

2 1
1 1
11 1 12 
5 1
12 1 23 
14 1 12 
7 1 16 
3 1 38 
4 1 16 

1 1
5 1
9 1 33 
5 1 12 
6 1 48 
8 1 25 
13 1 47 

1 1
4 1
3 1 12 
8 1 6 
20 1 19 
5 1 28 

1 1
7 1
13 1 5 
18 1 39 
15 1 43 
5 1 23 
11 1 15 
2 1 6 
19 1 32 

2 1
9 1
5 1 17 
19 1 22 
11 1 14 
16 1 5 
6 1 21 
3 1 28 
13 1 31 
20 1 11 
9 1 32 
4 1
7 1 24 
12 1 33 
14 1 12 
1 1 25 


10
2 1
8 1
6 1 45 
7 1 41 
15 1 10 
13 1 23 
19 1 10 
18 1 47 
2 1 42 
3 1 16 
1 1
4 1 11 

2 1
3 1
13 1 36 
1 1 45 
17 1 24 
7 1
11 1 25 
2 1 22 
6 1 23 
5 1 40 
18 1 22 
14 1 7 
20 1 49 

2 1
2 1
1 1 20 
14 1 22 
6 1
5 1 20 
15 1 17 
16 1 36 
7 1 24 
8 1 48 
4 1 14 

2 1
6 1
3 1 35 
13 1 41 
15 1 31 
17 1 47 
16 1 34 
14 1 5 
8 1
12 1 6 
4 1 40 
5 1 16 
9 1 34 
8 1 36 
19 1 20 
1 1 20 
10 1 18 

2 2
3 1
11 1 6 
9 1 2 
6 1 9 
5 2
3 1 33 2 10 
20 1 8 2 15 
19 1 3 2 39 
14 1 2 2 6 
1 1 2 2 10 

2 2
2 2
15 1 13 2 26 
12 1 16 2 7 
4 2
17 1 17 2 5 
11 1 11 2 16 
18 1 6 2 22 
9 1 10 2 2 

1 1
4 1
12 1 9 
3 1 6 
20 1 29 
1 1 42 

1 1
9 1
13 1 44 
10 1 42 
18 1 21 
3 1 7 
4 1 27 
19 1 18 
14 1 20 
16 1 6 
2 1 14 

2 2
9 2
3 1 32 2 15 
11 1 16 2 10 
12 1 29 2 18 
9 1 5 2 5 
2 1 22 2 11 
1 1 8 2 13 
10 1 25 2 12 
5 1 4 2 14 
15 1 3 2 20 
1 2
13 1 7 2 3 

1 1
3 1
1 1 22 
7 1 5 
9 1 25 


10
1 1
7 1
5 1 21 
15 1 43 
2 1 5 
3 1 15 
11 1 47 
6 1 22 
9 1 48 

2 2
9 1
3 2 13 
15 2 2 
18 2 31 
14 2 19 
5 2 29 
20 2 5 
13 2 1 
9 2 20 
8 2 13 
10 2
17 1 16 2 26 
6 1 4 2 21 
7 1 18 2 19 
4 1 8 2 31 
12 1 4 2 10 
10 1 10 2 27 
11 1 6 2 21 
16 1 2 2 30 
19 1 27 2 21 
2 1 13 2 16 

2 2
3 2
15 1 6 2 11 
20 1 14 2 2 
9 1 3 2 3 
10 2
2 1 32 2 6 
17 1 21 2 6 
6 1 23 2 12 
12 1 5 2 19 
13 1 7 2 3 
18 1 12 2 21 
1 1 24 2 23 
16 1 7 2 40 
7 1 18 2 14 
5 1 12 2 13 

1 1
4 1
17 1 20 
4 1 38 
1 1 33 
7 1 11 

2 2
10 2
14 1 2 2 8 
3 1 26 2 14 
8 1 4 2 1 
6 1 2 2 3 
18 1 5 2 11 
9 1 12 2 24 
1 1 7 2 5 
10 1 5 2 17 
15 1 37 2 4 
5 1 5 2 2 
7 2
19 1 23 2 4 
2 1 12 2 5 
17 1 16 2 8 
20 1 10 2 14 
13 1 15 2 5 
12 1 22 2 19 
16 1 11 2 27 

1 1
6 1
12 1 42 
13 1 12 
4 1 31 
19 1 19 
18 1 5 
3 1 36 

2 1
8 1
13 1 29 
18 1 18 
16 1 31 
7 1 37 
2 1 18 
6 1 35 
4 1 9 
20 1 37 
10 1
15 1 7 
12 1 48 
5 1 38 
10 1 30 
14 1 22 
8 1 38 
9 1 10 
3 1 27 
11 1 44 
17 1 49 

2 2
6 2
13 1 31 2 8 
10 1 6 2 6 
20 1 25 2 10 
12 1 5 2 35 
3 1 4 2 13 
15 1 5 2 2 
9 1
5 2 36 
1 2 15 
16 2 40 
18 2 2 
17 2 12 
7 2 29 
14 2 8 
4 2 21 
11 2 25 

2 1
8 1
8 1 21 
11 1 9 
12 1 45 
14 1 19 
4 1 44 
3 1 34 
10 1 19 
9 1 41 
3 1
19 1 28 
18 1 45 
13 1 31 

2 2
7 1
20 2 36 
6 2 10 
18 2 14 
12 2 2 
4 2 4 
2 2 5 
15 2 15 
7 2
10 1 5 2 4 
7 1 45 2 2 
14 1 30 2 3 
1 1 17 2 18 
3 1 7 2 6 
16 1 35 2 1 
19 1 23 2 5 


10
2 1
9 1
6 1 13 
8 1 41 
11 1 19 
12 1 40 
3 1 19 
18 1 33 
20 1 30 
5 1 25 
16 1 14 
5 1
14 1 10 
7 1 9 
9 1 29 
4 1 11 
1 1 41 

2 2
7 2
5 1 7 2 20 
17 1 14 2 11 
8 1 7 2 7 
10 1 16 2 9 
12 1 15 2 30 
20 1 12 2 11 
9 1 24 2 4 
5 1
1 1 17 
18 1 12 
16 1 28 
7 1 6 
6 1 2 

2 2
6 2
20 1 5 2 1 
3 1 3 2 6 
9 1 19 2 6 
2 1 4 2 24 
8 1 20 2 18 
1 1 44 2 3 
1 2
17 1 31 2 13 

2 2
8 2
8 1 17 2 11 
7 1 3 2 19 
3 1 11 2 4 
17 1 34 2 5 
13 1 10 2 4 
15 1 26 2 11 
16 1 37 2 3 
19 1 37 2 2 
4 2
6 1 4 2 30 
4 1 20 2 16 
18 1 6 2 9 
11 1 8 2 22 

2 1
3 1
1 1 46 
6 1 25 
20 1 25 
4 1
18 1 14 
13 1 9 
9 1 8 
2 1 25 

1 1
3 1
18 1 28 
12 1 34 
15 1 38 

1 1
4 1
11 1 7 
18 1 34 
10 1 26 
16 1 14 

1 1
8 1
10 1 6 
12 1 40 
17 1 42 
16 1 32 
4 1 35 
9 1 22 
2 1 21 
14 1 30 

2 2
4 1
4 1 11 
9 1 3 
5 1 2 
14 1 10 
10 2
17 1 5 2 3 
2 1 33 2 2 
20 1 16 2 1 
8 1 13 2 4 
16 1 17 2 29 
7 1 26 2 8 
6 1 14 2 22 
13 1 6 2 12 
15 1 16 2 28 
3 1 19 2 26 

2 2
8 2
5 1 33 2 5 
3 1 5 2 3 
9 1 2 2 4 
4 1 15 2 2 
19 1 10 2 2 
7 1 13 2 34 
2 1 11 2 17 
8 1 3 2 3 
3 2
1 1 35 2 1 
12 1 4 2 5 
17 1 27 2 9 


10
2 2
1 2
3 1 7 2 14 
2 1
16 1 44 
7 1 5 

1 1
2 1
7 1 17 
11 1 26 

1 1
4 1
8 1 22 
2 1 43 
20 1 36 
10 1 7 

2 1
6 1
14 1 5 
17 1 14 
12 1 45 
9 1 35 
19 1 25 
10 1 12 
9 1
18 1 8 
13 1 11 
20 1 44 
8 1 47 
6 1 41 
3 1 7 
11 1 39 
4 1 36 
16 1 13 

2 1
3 1
14 1 36 
7 1 22 
15 1 48 
9 1
11 1 10 
5 1 47 
4 1 36 
2 1 31 
16 1 5 
3 1 49 
1 1 29 
8 1 16 
10 1 49 

1 1
3 1
1 1 29 
15 1 18 
17 1 42 

2 2
4 2
13 1 10 2 22 
6 1 29 2 20 
10 1 3 2 16 
3 1 19 2 1 
7 2
17 1 27 2 6 
1 1 11 2 31 
18 1 9 2 6 
2 1 9 2 13 
9 1 13 2 24 
14 1 17 2 4 
16 1 29 2 10 

1 1
10 1
9 1 8 
13 1 29 
19 1 19 
1 1 9 
2 1 42 
17 1 41 
3 1 26 
18 1 21 
5 1 6 
7 1 43 

1 1
2 1
16 1 16 
1 1 11 

2 2
2 2
18 1 27 2 6 
9 1 3 2 17 
10 1
7 2 4 
14 2 1 
11 2 21 
17 2 21 
16 2 9 
20 2 13 
6 2 14 
15 2 19 
19 2 2 
1 2 4 


10
2 1
9 1
17 1 36 
19 1 45 
8 1 40 
2 1 18 
7 1 15 
14 1 39 
1 1 16 
10 1 28 
11 1 11 
4 1
15 1 12 
9 1 12 
16 1 7 
3 1 47 

1 1
4 1
7 1 19 
15 1 40 
12 1 12 
1 1 9 

2 1
9 1
4 1 21 
8 1 37 
18 1 5 
17 1 12 
11 1 23 
13 1 24 
1 1 43 
19 1 22 
3 1 47 
3 1
7 1 37 
9 1 49 
5 1 40 

2 2
9 2
14 1 6 2 1 
1 1 21 2 7 
11 1 5 2 12 
12 1 33 2 3 
19 1 11 2 2 
20 1 14 2 1 
9 1 3 2 5 
8 1 2 2 6 
2 1 15 2 4 
3 2
16 1 13 2 6 
15 1 6 2 40 
18 1 2 2 17 

2 2
7 1
10 2 2 
20 2 15 
16 2 26 
17 2 9 
5 2 12 
3 2 6 
7 2 7 
7 2
11 1 3 2 2 
13 1 2 2 11 
6 1 9 2 16 
18 1 40 2 5 
19 1 22 2 8 
8 1 4 2 22 
2 1 3 2 12 

2 2
2 2
4 1 18 2 13 
9 1 30 2 9 
1 1
7 1 24 

1 1
6 1
11 1 40 
19 1 18 
13 1 36 
6 1 36 
4 1 47 
14 1 32 

1 1
10 1
17 1 9 
2 1 41 
9 1 5 
18 1 40 
5 1 32 
4 1 7 
11 1 18 
16 1 42 
14 1 40 
7 1 41 

2 1
7 1
7 1 37 
4 1 17 
16 1 6 
5 1 32 
8 1 40 
12 1 6 
6 1 6 
10 1
15 1 36 
2 1 19 
17 1 43 
13 1 33 
10 1 49 
11 1 29 
18 1 49 
20 1 42 
9 1 39 
14 1 12 

2 2
6 2
8 1 38 2 8 
14 1 7 2 4 
18 1 13 2 5 
6 1 7 2 42 
7 1 40 2 6 
4 1 17 2 3 
8 2
9 1 38 2 10 
5 1 2 2 5 
17 1 26 2 10 
19 1 6 2 1 
3 1 8 2 32 
10 1 23 2 3 
20 1 4 2 10 
2 1 13 2 1 


10
1 1
3 1
13 1 16 
20 1 6 
11 1 24 

2 2
9 2
13 1 7 2 4 
1 1 19 2 16 
16 1 4 2 9 
10 1 30 2 6 
11 1 37 2 2 
18 1 12 2 26 
14 1 3 2 5 
4 1 8 2 4 
2 1 5 2 20 
5 1
19 2 6 
6 2 24 
15 2 2 
8 2 10 
5 2 7 

2 1
6 1
13 1 39 
8 1 45 
3 1 33 
20 1 40 
11 1 47 
2 1 26 
9 1
6 1 25 
18 1 16 
10 1 16 
15 1 32 
4 1 34 
17 1 40 
1 1 23 
14 1 30 
7 1 26 

1 1
2 1
7 1 30 
11 1 19 

1 1
2 1
20 1 33 
4 1 14 

2 1
10 1
11 1 28 
8 1 34 
20 1 6 
18 1 48 
17 1 9 
1 1 48 
19 1 37 
7 1 23 
3 1 35 
14 1 28 
6 1
9 1 38 
15 1 34 
4 1 42 
13 1 21 
16 1 49 
5 1 14 

2 1
7 1
4 1 7 
17 1 48 
18 1 48 
2 1 12 
13 1 45 
1 1 8 
7 1 25 
9 1
16 1 36 
10 1 47 
3 1 31 
14 1 8 
11 1 18 
20 1 19 
8 1 6 
5 1 7 
19 1 40 

2 2
9 1
17 1 4 
3 1 5 
18 1 11 
19 1 7 
4 1 24 
16 1 10 
6 1 15 
15 1 9 
14 1 6 
5 2
2 1 8 2 29 
20 1 7 2 1 
13 1 25 2 3 
8 1 23 2 1 
1 1 18 2 14 

2 1
8 1
15 1 46 
9 1 24 
16 1 33 
14 1 43 
18 1 18 
17 1 31 
4 1 25 
7 1 19 
2 1
11 1 32 
6 1 24 

2 1
2 1
14 1 10 
12 1 43 
10 1
3 1 35 
8 1 16 
2 1 37 
18 1 33 
6 1 37 
4 1 19 
9 1 8 
11 1 41 
7 1 20 
19 1 47 


10
2 1
4 1
15 1 40 
4 1 10 
14 1 34 
10 1 31 
6 1
12 1 27 
19 1 16 
11 1 25 
8 1 36 
20 1 13 
1 1 45 

2 2
6 2
16 1 4 2 9 
5 1 21 2 3 
15 1 12 2 22 
19 1 16 2 4 
10 1 4 2 2 
2 1 22 2 10 
10 1
11 1 37 
18 1 12 
9 1 8 
20 1 5 
1 1 25 
7 1 32 
12 1 27 
17 1 3 
6 1 10 
8 1 26 

1 1
4 1
4 1 15 
8 1 15 
15 1 40 
19 1 16 

2 1
9 1
13 1 43 
8 1 19 
5 1 31 
2 1 11 
11 1 30 
9 1 6 
14 1 15 
15 1 19 
1 1 31 
1 1
7 1 49 

2 2
3 2
4 1 34 2 6 
12 1 5 2 38 
8 1 6 2 1 
7 2
15 1 2 2 8 
14 1 17 2 18 
7 1 3 2 5 
19 1 4 2 13 
1 1 15 2 1 
20 1 26 2 1 
10 1 14 2 3 

2 1
8 1
20 1 10 
10 1 35 
7 1 22 
4 1 33 
12 1 13 
2 1 25 
17 1 24 
8 1 20 
10 1
1 1 33 
11 1 20 
16 1 26 
18 1 30 
19 1 47 
3 1 18 
13 1 11 
6 1 47 
15 1 18 
9 1 36 

2 2
8 1
13 2 9 
10 2 11 
14 2 33 
3 2 36 
2 2 34 
6 2 5 
8 2 3 
15 2 1 
1 2
19 1 2 2 6 

1 1
2 1
15 1 46 
12 1 44 

2 2
7 2
5 1 13 2 18 
1 1 9 2 17 
14 1 29 2 16 
3 1 16 2 3 
11 1 2 2 4 
2 1 8 2 1 
9 1 2 2 33 
2 1
12 1 14 
19 1 10 

2 1
10 1
5 1 21 
18 1 20 
8 1 42 
11 1 30 
4 1 39 
16 1 11 
10 1 12 
12 1 37 
13 1 44 
7 1 42 
2 1
17 1 24 
19 1 29 


