10 30 150 5 5

15
1 1
1 1
12 1 30 

2 2
10 2
15 1 24 2 21 
30 1 21 2 1 
29 1 19 2 15 
21 1 31 2 2 
28 1 6 2 10 
14 1 35 2 8 
9 1 12 2 27 
10 1 7 2 3 
19 1 8 2 10 
16 1 8 2 38 
6 2
7 1 15 2 16 
27 1 20 2 13 
30 1 44 2 4 
14 1 7 2 28 
25 1 12 2 21 
15 1 4 2 8 

2 1
8 1
22 1 20 
24 1 44 
1 1 27 
29 1 9 
26 1 33 
20 1 39 
10 1 13 
27 1 13 
8 1
21 1 48 
23 1 16 
14 1 24 
8 1 14 
27 1 44 
2 1 37 
28 1 25 
20 1 44 

2 2
10 2
3 1 8 2 12 
8 1 4 2 5 
30 1 6 2 1 
10 1 24 2 13 
1 1 36 2 7 
19 1 5 2 14 
25 1 16 2 23 
29 1 4 2 2 
16 1 2 2 40 
14 1 11 2 7 
8 2
14 1 4 2 36 
20 1 27 2 3 
7 1 23 2 22 
29 1 7 2 24 
12 1 4 2 44 
30 1 2 2 23 
8 1 7 2 6 
27 1 21 2 14 

5 3
2 2
28 2 31 3 4 
19 2 3 3 1 
3 1
17 2 2 
22 2 4 
30 2 7 
5 3
19 1 8 2 26 3 9 
14 1 8 2 4 3 17 
4 1 5 2 19 3 2 
10 1 20 2 3 3 7 
26 1 8 2 4 3 5 
2 3
10 1 2 2 7 3 3 
17 1 4 2 10 3 1 
9 2
23 1 20 2 2 
14 1 2 2 2 
30 1 20 2 7 
8 1 20 2 7 
9 1 4 2 8 
16 1 5 2 11 
15 1 3 2 1 
28 1 11 2 4 
17 1 10 2 12 

1 1
9 1
21 1 41 
30 1 10 
1 1 37 
20 1 15 
7 1 45 
29 1 13 
12 1 41 
19 1 17 
6 1 15 

5 4
4 1
16 1 4 
17 1 10 
2 1 11 
29 1 10 
2 2
25 1 3 2 14 
27 1 9 2 2 
4 2
10 1 7 2 13 
14 1 3 2 15 
13 1 6 2 2 
24 1 2 2 1 
2 1
21 3 2 
24 3 3 
6 4
28 1 2 2 10 3 2 4 5 
6 1 4 2 1 3 2 4 1 
3 1 11 2 15 3 16 4 2 
8 1 7 2 2 3 16 4 22 
12 1 16 2 2 3 3 4 2 
17 1 2 2 3 3 3 4 2 

3 3
3 1
5 2 3 
7 2 21 
24 2 1 
5 3
11 1 29 2 3 3 8 
30 1 9 2 2 3 16 
10 1 15 2 5 3 3 
2 1 23 2 3 3 15 
27 1 26 2 8 3 6 
8 3
7 1 7 2 1 3 7 
24 1 9 2 6 3 3 
21 1 7 2 38 3 1 
25 1 11 2 1 3 5 
13 1 23 2 5 3 2 
11 1 6 2 15 3 11 
18 1 18 2 25 3 5 
3 1 10 2 18 3 4 

2 2
7 2
12 1 16 2 9 
14 1 21 2 3 
29 1 2 2 9 
10 1 2 2 9 
5 1 5 2 1 
25 1 39 2 10 
18 1 35 2 8 
3 2
29 1 7 2 35 
7 1 7 2 20 
5 1 6 2 10 

1 1
3 1
27 1 10 
7 1 36 
29 1 48 

3 2
7 2
1 1 13 2 13 
6 1 24 2 19 
11 1 6 2 11 
3 1 10 2 19 
14 1 8 2 33 
22 1 4 2 10 
13 1 8 2 9 
9 1
27 2 20 
13 2 7 
29 2 2 
18 2 37 
23 2 16 
3 2 25 
20 2 13 
6 2 30 
9 2 8 
1 1
5 1 9 

3 3
5 1
1 1 4 
2 1 8 
19 1 12 
26 1 31 
20 1 2 
10 3
22 1 14 2 18 3 6 
12 1 3 2 2 3 1 
16 1 4 2 19 3 4 
7 1 11 2 9 3 4 
14 1 19 2 9 3 2 
26 1 8 2 5 3 4 
24 1 4 2 20 3 9 
4 1 6 2 7 3 2 
30 1 25 2 3 3 10 
19 1 3 2 3 3 11 
3 2
9 1 13 2 3 
30 1 7 2 13 
2 1 4 2 1 

1 1
9 1
1 1 25 
28 1 36 
25 1 48 
5 1 19 
27 1 25 
6 1 37 
29 1 34 
3 1 27 
11 1 36 

1 1
4 1
21 1 30 
9 1 28 
13 1 14 
25 1 44 

1 1
5 1
26 1 15 
4 1 7 
7 1 37 
13 1 42 
22 1 22 


15
5 4
1 4
19 1 25 2 17 3 1 4 2 
4 1
9 1 6 
27 1 2 
30 1 5 
26 1 4 
9 4
9 1 2 2 2 3 4 4 1 
28 1 11 2 1 3 3 4 4 
7 1 7 2 7 3 7 4 5 
11 1 27 2 3 3 9 4 3 
6 1 15 2 7 3 12 4 1 
18 1 2 2 2 3 9 4 1 
12 1 5 2 1 3 7 4 1 
22 1 4 2 2 3 18 4 8 
25 1 2 2 2 3 1 4 2 
5 4
18 1 3 2 8 3 11 4 22 
15 1 4 2 20 3 11 4 7 
27 1 10 2 7 3 12 4 4 
9 1 6 2 7 3 3 4 2 
23 1 5 2 2 3 5 4 6 
4 3
30 2 7 3 3 4 2 
29 2 7 3 2 4 24 
10 2 11 3 2 4 8 
4 2 6 3 2 4 4 

1 1
4 1
14 1 35 
30 1 27 
28 1 30 
1 1 38 

2 1
5 1
22 1 13 
25 1 32 
7 1 12 
16 1 48 
9 1 34 
10 1
22 1 31 
29 1 49 
10 1 25 
2 1 34 
12 1 32 
27 1 49 
5 1 27 
21 1 26 
16 1 28 
17 1 6 

3 1
8 1
19 1 25 
7 1 15 
12 1 11 
29 1 18 
30 1 38 
28 1 38 
15 1 29 
3 1 10 
3 1
18 1 36 
30 1 31 
7 1 5 
8 1
11 1 7 
25 1 34 
20 1 24 
1 1 31 
27 1 24 
5 1 38 
17 1 7 
18 1 22 

2 1
3 1
9 1 6 
11 1 38 
1 1 49 
4 1
12 1 25 
15 1 10 
1 1 22 
18 1 24 

5 4
3 1
14 4 23 
30 4 4 
23 4 5 
1 1
20 1 24 
1 4
19 1 2 2 1 3 1 4 1 
9 1
9 4 13 
15 4 9 
27 4 5 
3 4 3 
11 4 3 
30 4 4 
17 4 11 
6 4 1 
23 4 3 
10 4
23 1 17 2 2 3 22 4 6 
18 1 5 2 4 3 12 4 4 
15 1 2 2 1 3 1 4 1 
12 1 2 2 2 3 1 4 6 
13 1 16 2 3 3 4 4 12 
25 1 7 2 4 3 5 4 5 
2 1 5 2 5 3 3 4 5 
29 1 16 2 6 3 14 4 5 
20 1 3 2 4 3 4 4 1 
17 1 2 2 6 3 29 4 2 

3 3
4 3
1 1 10 2 1 3 11 
29 1 6 2 9 3 27 
18 1 9 2 4 3 14 
17 1 17 2 8 3 15 
4 1
14 2 3 
28 2 1 
5 2 9 
16 2 1 
8 2
4 2 2 3 1 
11 2 11 3 11 
17 2 5 3 7 
26 2 8 3 5 
12 2 5 3 1 
16 2 13 3 3 
25 2 14 3 6 
2 2 8 3 29 

1 1
2 1
23 1 44 
6 1 45 

5 1
5 1
22 1 23 
18 1 15 
8 1 22 
3 1 18 
27 1 44 
9 1
10 1 47 
21 1 44 
28 1 5 
17 1 11 
26 1 8 
15 1 37 
13 1 26 
27 1 49 
9 1 13 
3 1
6 1 30 
10 1 11 
21 1 7 
3 1
18 1 22 
14 1 48 
30 1 45 
4 1
6 1 16 
3 1 9 
12 1 21 
20 1 5 

1 1
6 1
19 1 18 
6 1 41 
16 1 18 
27 1 28 
8 1 22 
15 1 14 

3 2
4 1
4 2 6 
13 2 19 
6 2 39 
2 2 1 
5 2
2 1 18 2 7 
29 1 20 2 20 
30 1 5 2 1 
22 1 2 2 8 
12 1 12 2 37 
2 2
4 1 7 2 4 
20 1 5 2 33 

1 1
2 1
27 1 24 
28 1 30 

3 2
8 2
25 1 18 2 14 
14 1 16 2 6 
13 1 3 2 4 
1 1 5 2 32 
30 1 21 2 5 
23 1 3 2 16 
29 1 12 2 20 
9 1 2 2 21 
1 2
17 1 21 2 19 
6 2
16 1 3 2 37 
2 1 12 2 10 
8 1 43 2 4 
11 1 14 2 6 
25 1 2 2 36 
26 1 6 2 9 

1 1
8 1
18 1 28 
5 1 36 
6 1 26 
15 1 34 
11 1 41 
3 1 34 
17 1 29 
23 1 34 

5 1
5 1
7 1 44 
1 1 9 
30 1 11 
10 1 22 
29 1 32 
9 1
19 1 9 
7 1 5 
24 1 39 
9 1 35 
14 1 47 
18 1 35 
16 1 26 
21 1 21 
30 1 19 
6 1
4 1 9 
29 1 42 
20 1 28 
10 1 46 
15 1 26 
12 1 48 
4 1
14 1 40 
18 1 20 
15 1 38 
9 1 47 
10 1
26 1 10 
4 1 33 
17 1 12 
11 1 45 
7 1 22 
27 1 16 
14 1 28 
10 1 46 
29 1 27 
28 1 15 


15
5 2
4 2
14 1 8 2 1 
21 1 3 2 2 
8 1 2 2 3 
19 1 34 2 4 
10 1
2 2 2 
16 2 14 
17 2 13 
28 2 13 
20 2 23 
30 2 1 
24 2 2 
10 2 14 
15 2 2 
19 2 8 
2 2
14 1 14 2 14 
5 1 8 2 11 
6 1
10 1 8 
14 1 8 
6 1 8 
17 1 3 
12 1 9 
5 1 15 
7 1
10 1 4 
14 1 17 
27 1 36 
11 1 21 
15 1 9 
24 1 5 
13 1 9 

4 3
7 2
22 2 2 3 1 
26 2 20 3 15 
4 2 15 3 13 
30 2 8 3 1 
24 2 2 3 10 
27 2 12 3 19 
29 2 20 3 6 
6 1
16 3 4 
11 3 2 
3 3 3 
19 3 11 
9 3 7 
15 3 12 
6 3
4 1 3 2 1 3 1 
27 1 2 2 5 3 5 
28 1 2 2 2 3 1 
15 1 3 2 6 3 1 
26 1 4 2 2 3 1 
30 1 13 2 16 3 8 
4 1
6 2 4 
30 2 2 
15 2 8 
5 2 3 

3 3
4 3
29 1 15 2 8 3 11 
5 1 2 2 3 3 1 
23 1 2 2 6 3 19 
2 1 23 2 1 3 18 
3 2
26 2 1 3 19 
2 2 4 3 2 
23 2 11 3 9 
8 2
11 1 4 2 14 
1 1 7 2 22 
23 1 9 2 14 
20 1 13 2 8 
17 1 6 2 14 
13 1 17 2 18 
22 1 3 2 9 
28 1 2 2 5 

4 3
6 2
17 1 21 2 3 
13 1 3 2 8 
18 1 2 2 5 
16 1 15 2 21 
22 1 18 2 13 
29 1 4 2 2 
9 1
24 1 4 
16 1 10 
2 1 14 
4 1 6 
23 1 17 
13 1 13 
5 1 5 
29 1 2 
20 1 37 
9 1
5 3 20 
26 3 3 
18 3 11 
22 3 1 
6 3 6 
25 3 1 
30 3 8 
16 3 10 
29 3 10 
1 3
23 1 8 2 2 3 4 

2 2
7 1
26 1 4 
11 1 20 
2 1 11 
15 1 8 
18 1 4 
14 1 35 
25 1 3 
7 2
1 1 9 2 35 
28 1 5 2 7 
30 1 26 2 3 
6 1 18 2 25 
27 1 26 2 8 
4 1 3 2 37 
15 1 15 2 15 

2 2
3 1
20 2 27 
11 2 4 
17 2 2 
9 2
6 1 4 2 20 
13 1 31 2 12 
17 1 13 2 23 
23 1 7 2 1 
4 1 26 2 2 
28 1 18 2 14 
2 1 25 2 13 
7 1 3 2 3 
16 1 13 2 10 

4 4
5 1
11 1 3 
6 1 10 
8 1 5 
5 1 3 
16 1 22 
10 4
4 1 3 2 10 3 5 4 13 
20 1 6 2 10 3 4 4 11 
10 1 8 2 4 3 12 4 3 
30 1 13 2 5 3 17 4 4 
21 1 18 2 13 3 9 4 8 
1 1 8 2 4 3 6 4 11 
28 1 5 2 4 3 5 4 5 
3 1 5 2 7 3 13 4 2 
14 1 2 2 2 3 1 4 1 
17 1 4 2 11 3 1 4 13 
7 1
21 4 2 
10 4 1 
16 4 7 
4 4 11 
14 4 2 
17 4 4 
26 4 1 
4 1
27 1 2 
11 1 26 
12 1 17 
13 1 8 

3 3
7 2
23 1 18 2 4 
27 1 2 2 16 
19 1 6 2 18 
24 1 6 2 35 
4 1 12 2 5 
16 1 2 2 2 
20 1 21 2 8 
6 1
20 1 10 
5 1 35 
22 1 5 
4 1 8 
29 1 10 
16 1 8 
9 3
1 1 19 2 11 3 2 
20 1 11 2 7 3 2 
5 1 19 2 4 3 16 
12 1 8 2 29 3 10 
14 1 2 2 4 3 1 
10 1 3 2 1 3 1 
9 1 9 2 2 3 6 
15 1 5 2 4 3 8 
13 1 12 2 3 3 3 

3 2
4 1
12 2 2 
27 2 23 
7 2 12 
5 2 6 
10 1
8 1 3 
15 1 3 
16 1 11 
24 1 5 
29 1 3 
27 1 13 
14 1 9 
5 1 14 
21 1 9 
28 1 10 
10 2
7 1 43 2 2 
15 1 4 2 35 
13 1 13 2 5 
23 1 9 2 5 
2 1 9 2 1 
6 1 3 2 46 
20 1 10 2 28 
17 1 9 2 11 
28 1 13 2 34 
18 1 33 2 8 

3 1
2 1
8 1 46 
18 1 23 
4 1
30 1 7 
13 1 16 
23 1 43 
4 1 44 
3 1
21 1 19 
25 1 24 
4 1 26 

4 2
1 1
23 2 8 
10 1
16 2 39 
24 2 2 
11 2 3 
20 2 2 
23 2 7 
21 2 1 
19 2 8 
5 2 8 
3 2 20 
28 2 33 
2 1
11 1 2 
16 1 16 
7 2
26 1 13 2 17 
27 1 25 2 1 
21 1 20 2 6 
9 1 4 2 1 
23 1 30 2 2 
12 1 14 2 35 
30 1 4 2 20 

2 1
5 1
11 1 5 
16 1 10 
7 1 21 
30 1 40 
10 1 36 
2 1
5 1 38 
12 1 41 

4 1
4 1
8 1 17 
11 1 14 
16 1 14 
27 1 38 
3 1
13 1 49 
15 1 42 
25 1 36 
9 1
18 1 43 
14 1 31 
30 1 35 
10 1 19 
25 1 15 
6 1 8 
24 1 13 
8 1 45 
22 1 8 
5 1
28 1 23 
10 1 32 
22 1 17 
21 1 36 
20 1 10 

2 2
8 1
19 1 6 
21 1 22 
25 1 13 
5 1 21 
28 1 36 
10 1 25 
6 1 19 
22 1 24 
3 2
14 1 16 2 24 
25 1 5 2 1 
7 1 19 2 11 

3 2
1 2
27 1 13 2 13 
9 2
28 1 18 2 29 
16 1 12 2 8 
19 1 6 2 1 
24 1 2 2 3 
13 1 3 2 6 
18 1 6 2 1 
23 1 25 2 4 
27 1 9 2 2 
25 1 22 2 20 
1 2
18 1 4 2 13 


15
5 4
6 4
2 1 2 2 4 3 8 4 3 
28 1 6 2 2 3 8 4 5 
5 1 28 2 8 3 1 4 3 
15 1 2 2 12 3 4 4 21 
18 1 2 2 1 3 4 4 9 
27 1 17 2 8 3 8 4 13 
7 1
29 4 11 
4 4 2 
21 4 11 
7 4 1 
20 4 4 
12 4 5 
23 4 1 
2 2
27 2 4 3 18 
23 2 1 3 1 
2 1
8 3 14 
13 3 2 
1 1
26 1 15 

4 3
9 3
23 1 3 2 1 3 1 
20 1 11 2 19 3 6 
19 1 8 2 7 3 3 
21 1 10 2 6 3 30 
7 1 5 2 20 3 13 
8 1 11 2 3 3 28 
18 1 3 2 7 3 11 
15 1 15 2 9 3 17 
24 1 11 2 5 3 3 
6 1
21 3 3 
25 3 3 
4 3 20 
20 3 13 
27 3 5 
16 3 21 
5 1
17 1 5 
24 1 3 
3 1 2 
8 1 9 
5 1 36 
8 1
26 2 20 
6 2 6 
15 2 3 
18 2 18 
5 2 4 
22 2 18 
2 2 7 
14 2 1 

5 3
1 3
13 1 22 2 2 3 2 
7 2
12 1 17 2 10 
24 1 2 2 7 
13 1 12 2 4 
8 1 5 2 2 
30 1 7 2 1 
1 1 4 2 16 
26 1 4 2 4 
9 3
4 1 7 2 16 3 5 
29 1 5 2 9 3 4 
30 1 4 2 8 3 9 
22 1 9 2 7 3 10 
5 1 5 2 9 3 14 
2 1 22 2 19 3 1 
8 1 10 2 16 3 6 
12 1 2 2 13 3 19 
3 1 8 2 24 3 1 
3 1
5 2 17 
19 2 1 
21 2 21 
6 2
9 1 2 2 2 
1 1 38 2 6 
3 1 12 2 19 
29 1 5 2 13 
7 1 9 2 4 
5 1 2 2 1 

5 2
6 2
29 1 8 2 8 
21 1 14 2 11 
23 1 2 2 9 
28 1 30 2 12 
25 1 16 2 18 
4 1 40 2 4 
9 1
13 1 27 
12 1 2 
21 1 21 
26 1 17 
9 1 42 
11 1 2 
20 1 32 
16 1 5 
22 1 13 
10 1
25 1 3 
28 1 29 
12 1 16 
8 1 11 
9 1 2 
7 1 11 
3 1 12 
20 1 7 
1 1 7 
29 1 6 
2 1
27 1 32 
18 1 6 
2 1
20 1 33 
18 1 5 

2 1
1 1
21 1 25 
9 1
17 1 37 
4 1 47 
9 1 20 
2 1 48 
7 1 29 
11 1 9 
30 1 16 
12 1 17 
8 1 14 

3 3
2 1
21 2 2 
11 2 1 
7 2
29 2 1 3 3 
22 2 20 3 7 
30 2 19 3 21 
10 2 14 3 13 
21 2 9 3 4 
6 2 10 3 11 
13 2 10 3 11 
9 3
8 1 7 2 2 3 4 
23 1 14 2 5 3 19 
19 1 3 2 3 3 25 
26 1 2 2 28 3 1 
20 1 8 2 13 3 26 
29 1 2 2 5 3 1 
11 1 11 2 7 3 3 
3 1 14 2 7 3 7 
13 1 8 2 2 3 5 

4 2
3 1
20 2 37 
7 2 34 
10 2 29 
2 2
9 1 23 2 7 
22 1 24 2 3 
10 1
22 1 2 
30 1 15 
3 1 6 
21 1 18 
7 1 12 
1 1 23 
18 1 19 
9 1 28 
11 1 5 
4 1 11 
9 2
27 1 9 2 6 
10 1 19 2 4 
11 1 29 2 6 
12 1 16 2 18 
5 1 28 2 2 
17 1 6 2 3 
28 1 6 2 18 
16 1 41 2 2 
20 1 4 2 23 

1 1
7 1
14 1 46 
22 1 32 
15 1 26 
2 1 39 
17 1 33 
4 1 24 
7 1 11 

1 1
6 1
16 1 19 
17 1 44 
2 1 13 
30 1 48 
10 1 47 
1 1 42 

1 1
5 1
16 1 5 
15 1 45 
5 1 22 
17 1 34 
7 1 48 

3 2
5 2
14 1 3 2 2 
1 1 4 2 29 
4 1 24 2 7 
10 1 15 2 15 
7 1 7 2 19 
7 1
23 1 8 
8 1 22 
9 1 2 
6 1 32 
10 1 7 
16 1 8 
22 1 16 
4 1
19 2 10 
4 2 10 
24 2 1 
11 2 14 

5 5
1 4
28 2 5 3 16 4 2 5 2 
9 3
26 1 2 2 9 3 1 
8 1 2 2 1 3 1 
1 1 6 2 4 3 15 
7 1 2 2 2 3 2 
12 1 10 2 4 3 4 
5 1 2 2 2 3 1 
20 1 3 2 7 3 16 
24 1 6 2 8 3 6 
25 1 8 2 3 3 3 
9 1
26 4 2 
10 4 6 
27 4 15 
20 4 2 
7 4 14 
15 4 4 
12 4 3 
5 4 4 
25 4 1 
1 1
27 1 13 
4 5
21 1 3 2 4 3 3 4 5 5 10 
20 1 3 2 9 3 5 4 6 5 5 
14 1 2 2 1 3 1 4 1 5 1 
13 1 4 2 11 3 1 4 4 5 1 

5 4
7 1
19 3 1 
30 3 5 
2 3 5 
21 3 5 
29 3 7 
18 3 6 
12 3 2 
9 2
9 3 20 4 4 
20 3 4 4 9 
17 3 1 4 7 
18 3 8 4 2 
5 3 1 4 1 
6 3 1 4 2 
7 3 4 4 6 
27 3 2 4 1 
15 3 17 4 1 
2 1
7 4 1 
24 4 3 
9 3
3 1 5 2 4 3 10 
4 1 3 2 2 3 1 
7 1 11 2 2 3 20 
25 1 6 2 10 3 3 
26 1 3 2 1 3 2 
6 1 14 2 3 3 8 
9 1 2 2 1 3 1 
14 1 4 2 1 3 5 
18 1 4 2 13 3 5 
2 4
1 1 3 2 1 3 6 4 10 
18 1 12 2 31 3 1 4 5 

3 1
5 1
12 1 8 
7 1 18 
23 1 36 
28 1 43 
19 1 40 
6 1
12 1 38 
26 1 46 
14 1 10 
27 1 35 
20 1 13 
24 1 31 
2 1
24 1 40 
27 1 24 

1 1
5 1
4 1 22 
23 1 17 
21 1 23 
18 1 21 
16 1 38 


15
2 2
1 2
8 1 6 2 6 
2 1
11 1 9 
20 1 2 

2 2
9 2
10 1 4 2 13 
18 1 25 2 13 
28 1 23 2 5 
17 1 8 2 8 
24 1 21 2 12 
20 1 2 2 8 
30 1 32 2 1 
3 1 2 2 4 
29 1 18 2 3 
7 1
23 1 11 
13 1 5 
16 1 17 
3 1 22 
8 1 16 
11 1 18 
2 1 2 

5 1
1 1
15 1 23 
3 1
18 1 45 
17 1 40 
11 1 25 
7 1
23 1 6 
27 1 40 
12 1 42 
10 1 46 
3 1 40 
14 1 20 
5 1 39 
7 1
3 1 41 
8 1 38 
24 1 37 
20 1 21 
10 1 8 
17 1 16 
7 1 29 
4 1
28 1 18 
23 1 16 
27 1 8 
11 1 14 

1 1
1 1
1 1 5 

4 4
1 2
4 3 5 4 4 
2 2
20 3 2 4 3 
16 3 5 4 16 
3 2
28 3 2 4 5 
9 3 3 4 1 
10 3 2 4 3 
2 4
13 1 3 2 4 3 2 4 1 
19 1 8 2 5 3 8 4 18 

5 2
1 2
20 1 6 2 30 
7 1
1 2 35 
26 2 16 
15 2 3 
30 2 12 
20 2 13 
9 2 5 
18 2 19 
8 2
15 1 5 2 2 
22 1 27 2 9 
7 1 3 2 17 
2 1 2 2 8 
20 1 22 2 26 
27 1 9 2 12 
19 1 39 2 2 
9 1 27 2 18 
2 2
13 1 5 2 9 
30 1 2 2 3 
8 1
15 1 11 
1 1 18 
13 1 23 
21 1 13 
18 1 14 
5 1 13 
29 1 4 
23 1 17 

1 1
8 1
29 1 49 
15 1 14 
11 1 45 
16 1 41 
22 1 40 
23 1 27 
6 1 47 
26 1 18 

3 2
8 1
29 1 21 
13 1 7 
9 1 20 
2 1 9 
19 1 3 
12 1 4 
4 1 2 
21 1 9 
6 2
15 1 6 2 31 
11 1 16 2 27 
25 1 3 2 8 
22 1 3 2 22 
26 1 17 2 2 
4 1 6 2 36 
8 2
23 1 3 2 5 
25 1 11 2 8 
4 1 16 2 24 
26 1 4 2 42 
28 1 4 2 2 
19 1 10 2 6 
1 1 16 2 14 
24 1 15 2 3 

4 1
4 1
29 1 26 
3 1 41 
21 1 16 
23 1 14 
5 1
4 1 5 
15 1 34 
8 1 21 
29 1 38 
3 1 29 
1 1
4 1 12 
6 1
27 1 9 
6 1 49 
21 1 26 
19 1 25 
9 1 24 
13 1 46 

4 4
8 1
12 2 4 
17 2 11 
1 2 28 
29 2 1 
6 2 1 
4 2 4 
27 2 10 
16 2 6 
6 4
4 1 2 2 8 3 7 4 14 
15 1 2 2 1 3 1 4 1 
29 1 4 2 1 3 4 4 11 
2 1 6 2 3 3 18 4 8 
6 1 7 2 7 3 6 4 14 
24 1 3 2 3 3 6 4 8 
6 3
19 2 3 3 1 4 1 
21 2 4 3 1 4 12 
20 2 2 3 2 4 1 
14 2 5 3 3 4 18 
1 2 2 3 1 4 1 
4 2 1 3 2 4 1 
5 1
10 1 14 
11 1 4 
14 1 5 
20 1 8 
19 1 4 

4 2
4 1
16 1 2 
11 1 18 
23 1 3 
6 1 8 
3 2
13 1 5 2 3 
9 1 24 2 22 
29 1 27 2 6 
8 1
11 1 6 
14 1 19 
23 1 4 
25 1 8 
16 1 32 
3 1 5 
27 1 32 
19 1 4 
5 1
21 2 29 
12 2 10 
23 2 10 
19 2 30 
24 2 3 

3 3
9 3
24 1 8 2 5 3 30 
13 1 2 2 2 3 4 
26 1 3 2 3 3 1 
28 1 20 2 8 3 12 
19 1 3 2 4 3 9 
3 1 12 2 7 3 20 
15 1 3 2 1 3 1 
23 1 5 2 2 3 1 
10 1 6 2 3 3 3 
3 1
30 3 7 
13 3 13 
21 3 5 
7 1
8 1 15 
20 1 18 
17 1 5 
5 1 16 
9 1 7 
10 1 6 
11 1 3 

2 2
2 2
21 1 18 2 25 
10 1 4 2 1 
3 1
7 1 10 
11 1 7 
15 1 4 

4 3
2 3
11 1 20 2 15 3 3 
27 1 4 2 1 3 3 
4 3
8 1 9 2 34 3 5 
10 1 3 2 22 3 2 
7 1 3 2 2 3 10 
18 1 31 2 1 3 1 
9 3
5 1 5 2 18 3 1 
8 1 9 2 2 3 10 
4 1 21 2 2 3 11 
14 1 8 2 2 3 2 
28 1 12 2 16 3 3 
15 1 10 2 10 3 12 
24 1 11 2 3 3 2 
3 1 3 2 3 3 2 
23 1 5 2 29 3 12 
9 1
18 1 12 
1 1 5 
25 1 2 
9 1 28 
3 1 4 
10 1 9 
5 1 2 
20 1 35 
4 1 2 

3 1
7 1
20 1 9 
26 1 9 
12 1 22 
9 1 6 
15 1 25 
27 1 31 
7 1 6 
4 1
6 1 26 
23 1 44 
29 1 35 
2 1 17 
2 1
2 1 25 
29 1 13 


15
2 2
8 2
2 1 7 2 5 
22 1 30 2 5 
26 1 17 2 5 
12 1 11 2 13 
25 1 5 2 14 
8 1 22 2 8 
13 1 8 2 15 
4 1 10 2 25 
8 1
7 2 2 
8 2 4 
3 2 27 
20 2 16 
16 2 4 
29 2 42 
2 2 10 
15 2 20 

2 1
4 1
2 1 14 
26 1 36 
13 1 5 
9 1 10 
5 1
14 1 33 
7 1 46 
6 1 31 
9 1 12 
17 1 25 

2 2
6 2
7 1 43 2 1 
14 1 4 2 2 
4 1 14 2 29 
2 1 3 2 9 
23 1 21 2 1 
11 1 39 2 10 
4 2
28 1 6 2 2 
12 1 8 2 7 
2 1 3 2 16 
18 1 4 2 8 

5 4
2 4
13 1 3 2 2 3 1 4 1 
4 1 13 2 4 3 1 4 12 
4 4
26 1 6 2 4 3 7 4 18 
11 1 3 2 2 3 1 4 1 
20 1 19 2 5 3 4 4 15 
27 1 17 2 8 3 10 4 1 
2 1
17 3 4 
9 3 11 
1 4
20 1 2 2 1 3 15 4 5 
10 2
24 3 14 4 7 
9 3 6 4 5 
19 3 1 4 6 
25 3 3 4 1 
3 3 5 4 7 
7 3 17 4 12 
11 3 12 4 3 
17 3 18 4 7 
23 3 17 4 6 
5 3 2 4 3 

1 1
9 1
25 1 19 
6 1 48 
18 1 36 
21 1 40 
3 1 44 
24 1 24 
4 1 18 
19 1 9 
2 1 41 

4 1
3 1
19 1 23 
11 1 49 
27 1 46 
10 1
18 1 16 
22 1 38 
3 1 19 
21 1 40 
6 1 13 
10 1 44 
14 1 35 
4 1 21 
8 1 49 
9 1 37 
10 1
5 1 29 
13 1 25 
15 1 7 
1 1 11 
27 1 33 
23 1 32 
11 1 26 
22 1 22 
26 1 46 
3 1 31 
3 1
6 1 22 
25 1 12 
22 1 44 

5 1
3 1
10 1 11 
4 1 28 
8 1 25 
2 1
8 1 18 
19 1 49 
4 1
4 1 20 
6 1 22 
9 1 20 
13 1 5 
7 1
23 1 6 
27 1 18 
1 1 17 
10 1 5 
24 1 30 
3 1 28 
29 1 32 
10 1
1 1 32 
6 1 37 
18 1 45 
20 1 40 
24 1 18 
5 1 36 
11 1 15 
15 1 15 
13 1 6 
27 1 28 

2 2
9 2
15 1 5 2 29 
9 1 7 2 12 
26 1 19 2 7 
2 1 3 2 22 
19 1 15 2 26 
6 1 9 2 5 
21 1 10 2 35 
4 1 17 2 20 
7 1 34 2 11 
3 1
1 1 24 
28 1 2 
16 1 9 

1 1
5 1
3 1 24 
9 1 23 
6 1 38 
2 1 18 
30 1 29 

2 2
9 1
23 2 1 
27 2 29 
24 2 6 
10 2 26 
7 2 21 
12 2 3 
16 2 12 
15 2 19 
11 2 10 
3 2
22 1 17 2 23 
4 1 11 2 9 
11 1 6 2 7 

2 1
10 1
26 1 20 
7 1 12 
11 1 30 
28 1 48 
27 1 5 
10 1 28 
6 1 34 
13 1 27 
15 1 40 
20 1 10 
9 1
17 1 46 
21 1 15 
7 1 25 
3 1 46 
24 1 25 
9 1 44 
16 1 30 
18 1 43 
1 1 23 

5 1
9 1
29 1 14 
16 1 25 
5 1 33 
27 1 38 
18 1 9 
6 1 43 
26 1 42 
11 1 8 
8 1 19 
6 1
7 1 42 
19 1 33 
6 1 27 
10 1 5 
16 1 46 
8 1 30 
6 1
19 1 20 
4 1 20 
5 1 26 
14 1 32 
7 1 37 
26 1 46 
7 1
20 1 40 
30 1 28 
19 1 33 
6 1 27 
8 1 18 
25 1 15 
16 1 6 
1 1
11 1 10 

3 3
7 3
21 1 10 2 22 3 7 
11 1 8 2 3 3 18 
24 1 14 2 24 3 5 
20 1 5 2 1 3 1 
2 1 2 2 4 3 3 
25 1 3 2 2 3 1 
13 1 2 2 3 3 3 
1 2
11 2 7 3 23 
3 1
26 1 6 
2 1 11 
22 1 9 

2 2
9 2
2 1 2 2 27 
15 1 16 2 4 
30 1 16 2 4 
29 1 40 2 9 
19 1 13 2 7 
17 1 15 2 1 
7 1 2 2 4 
14 1 4 2 18 
8 1 9 2 6 
7 1
24 1 14 
10 1 19 
3 1 2 
17 1 8 
9 1 5 
16 1 21 
26 1 12 

1 1
4 1
1 1 8 
28 1 43 
8 1 15 
14 1 43 


15
4 4
5 3
27 1 3 2 7 3 3 
13 1 2 2 2 3 1 
7 1 5 2 1 3 5 
25 1 2 2 2 3 2 
24 1 3 2 31 3 3 
8 1
1 4 4 
22 4 1 
14 4 5 
18 4 5 
11 4 3 
23 4 4 
26 4 10 
15 4 9 
5 1
10 2 4 
15 2 9 
14 2 2 
24 2 5 
29 2 11 
9 4
6 1 8 2 22 3 18 4 1 
23 1 9 2 9 3 2 4 17 
15 1 2 2 5 3 5 4 2 
11 1 5 2 30 3 2 4 2 
27 1 3 2 2 3 1 4 3 
3 1 10 2 8 3 3 4 2 
16 1 12 2 1 3 1 4 14 
28 1 5 2 5 3 4 4 21 
4 1 12 2 5 3 2 4 18 

3 1
5 1
21 1 37 
1 1 43 
23 1 7 
2 1 42 
29 1 43 
7 1
19 1 15 
21 1 22 
27 1 40 
23 1 43 
30 1 27 
7 1 31 
18 1 25 
6 1
11 1 44 
21 1 30 
4 1 20 
25 1 33 
1 1 33 
20 1 30 

3 1
4 1
21 1 25 
1 1 12 
8 1 30 
19 1 23 
8 1
20 1 7 
10 1 49 
9 1 46 
14 1 23 
3 1 5 
17 1 34 
4 1 16 
1 1 13 
10 1
12 1 13 
29 1 31 
3 1 37 
14 1 32 
1 1 21 
22 1 30 
13 1 30 
27 1 41 
5 1 10 
11 1 39 

4 3
2 1
16 2 7 
22 2 2 
10 2
2 2 20 3 3 
15 2 16 3 2 
19 2 1 3 14 
30 2 2 3 8 
12 2 2 3 5 
23 2 24 3 9 
10 2 9 3 17 
22 2 3 3 22 
18 2 25 3 13 
29 2 3 3 19 
8 1
27 1 10 
8 1 9 
3 1 12 
24 1 17 
13 1 15 
22 1 16 
14 1 4 
26 1 3 
6 3
28 1 9 2 6 3 20 
7 1 8 2 10 3 18 
2 1 13 2 3 3 13 
17 1 14 2 3 3 1 
24 1 25 2 10 3 4 
13 1 10 2 10 3 12 

1 1
7 1
11 1 36 
2 1 16 
25 1 47 
26 1 10 
6 1 40 
5 1 18 
14 1 38 

1 1
7 1
24 1 24 
15 1 34 
14 1 10 
22 1 23 
6 1 31 
20 1 13 
29 1 24 

3 3
7 1
21 2 13 
12 2 7 
6 2 15 
24 2 5 
22 2 4 
7 2 8 
8 2 14 
2 3
1 1 14 2 18 3 3 
2 1 10 2 6 3 2 
6 2
27 2 1 3 17 
6 2 11 3 8 
3 2 29 3 9 
16 2 30 3 1 
13 2 13 3 1 
9 2 22 3 5 

4 2
10 2
1 1 3 2 4 
11 1 23 2 25 
25 1 3 2 2 
28 1 7 2 3 
13 1 3 2 2 
8 1 31 2 16 
23 1 5 2 10 
5 1 16 2 1 
29 1 43 2 1 
24 1 23 2 11 
5 1
4 1 30 
9 1 30 
15 1 19 
12 1 15 
22 1 9 
4 1
2 2 6 
28 2 4 
26 2 4 
29 2 7 
3 2
8 1 8 2 10 
27 1 17 2 1 
4 1 10 2 9 

4 4
3 3
28 2 1 3 3 4 1 
3 2 7 3 21 4 6 
4 2 3 3 13 4 4 
5 1
4 4 2 
6 4 1 
19 4 8 
17 4 6 
27 4 9 
4 4
3 1 4 2 4 3 6 4 2 
30 1 2 2 4 3 1 4 3 
22 1 8 2 2 3 10 4 13 
26 1 2 2 5 3 3 4 1 
8 4
6 1 4 2 7 3 3 4 1 
9 1 9 2 2 3 14 4 5 
18 1 11 2 10 3 5 4 23 
4 1 4 2 9 3 10 4 3 
30 1 2 2 5 3 12 4 4 
28 1 6 2 2 3 11 4 1 
14 1 5 2 5 3 5 4 3 
7 1 17 2 9 3 4 4 15 

4 4
4 1
7 1 10 
5 1 15 
25 1 2 
24 1 3 
4 1
12 2 2 
25 2 4 
24 2 3 
28 2 7 
3 4
25 1 18 2 6 3 14 4 2 
9 1 9 2 2 3 17 4 10 
20 1 12 2 1 3 5 4 17 
1 3
4 2 2 3 4 4 11 

1 1
9 1
27 1 19 
6 1 24 
14 1 42 
15 1 24 
10 1 12 
28 1 22 
1 1 8 
25 1 16 
12 1 16 

3 3
10 3
5 1 20 2 15 3 13 
26 1 5 2 19 3 1 
19 1 26 2 11 3 3 
4 1 2 2 16 3 1 
7 1 19 2 2 3 18 
22 1 5 2 33 3 5 
8 1 26 2 1 3 13 
23 1 2 2 3 3 1 
10 1 2 2 10 3 1 
15 1 5 2 7 3 20 
10 1
29 1 14 
26 1 17 
1 1 3 
24 1 11 
21 1 3 
4 1 9 
28 1 8 
11 1 2 
6 1 23 
25 1 11 
7 2
28 1 8 2 12 
16 1 20 2 21 
6 1 17 2 22 
7 1 6 2 21 
17 1 5 2 5 
25 1 5 2 10 
15 1 8 2 5 

2 1
4 1
11 1 46 
19 1 47 
3 1 17 
5 1 8 
9 1
5 1 21 
19 1 8 
30 1 23 
17 1 27 
14 1 48 
20 1 41 
16 1 5 
6 1 20 
28 1 30 

5 3
4 1
27 1 6 
30 1 13 
28 1 3 
3 1 13 
1 2
19 2 16 3 13 
10 1
17 1 17 
10 1 19 
13 1 11 
18 1 2 
9 1 24 
23 1 10 
11 1 15 
2 1 4 
14 1 4 
1 1 10 
8 3
27 1 2 2 10 3 37 
16 1 4 2 1 3 4 
1 1 17 2 6 3 19 
12 1 15 2 23 3 6 
5 1 8 2 19 3 16 
7 1 11 2 9 3 1 
21 1 4 2 5 3 22 
6 1 21 2 9 3 7 
5 3
9 1 7 2 8 3 19 
24 1 13 2 4 3 5 
29 1 5 2 21 3 4 
22 1 20 2 3 3 26 
16 1 16 2 15 3 10 

5 3
4 1
17 2 9 
12 2 5 
15 2 8 
21 2 5 
6 3
14 1 19 2 2 3 18 
28 1 3 2 2 3 1 
15 1 4 2 30 3 2 
22 1 2 2 1 3 2 
9 1 18 2 2 3 2 
20 1 17 2 7 3 6 
1 2
7 1 3 2 2 
9 3
4 1 26 2 1 3 4 
30 1 9 2 8 3 9 
20 1 4 2 2 3 1 
12 1 2 2 3 3 1 
13 1 7 2 10 3 9 
28 1 3 2 5 3 4 
22 1 6 2 3 3 7 
15 1 2 2 6 3 16 
5 1 7 2 2 3 1 
7 3
2 1 3 2 15 3 2 
4 1 9 2 34 3 2 
20 1 4 2 7 3 1 
10 1 12 2 1 3 1 
12 1 3 2 6 3 1 
16 1 2 2 1 3 6 
26 1 6 2 20 3 5 


15
4 4
9 1
2 2 14 
10 2 1 
3 2 16 
21 2 13 
20 2 4 
13 2 2 
25 2 1 
16 2 2 
23 2 3 
8 4
4 1 16 2 3 3 5 4 23 
8 1 11 2 1 3 26 4 10 
5 1 4 2 3 3 5 4 15 
10 1 21 2 5 3 9 4 5 
21 1 2 2 3 3 6 4 2 
26 1 4 2 13 3 6 4 13 
11 1 2 2 1 3 5 4 2 
6 1 6 2 2 3 4 4 1 
5 2
11 2 1 3 2 
5 2 3 3 7 
28 2 3 3 6 
27 2 4 3 7 
21 2 10 3 7 
10 3
10 2 1 3 3 4 1 
21 2 5 3 6 4 2 
6 2 8 3 4 4 9 
8 2 8 3 18 4 2 
7 2 3 3 2 4 11 
26 2 3 3 4 4 4 
30 2 6 3 6 4 2 
29 2 1 3 3 4 3 
19 2 7 3 24 4 3 
25 2 18 3 4 4 3 

5 1
2 1
9 1 24 
14 1 33 
10 1
12 1 42 
9 1 49 
28 1 24 
27 1 6 
15 1 5 
16 1 18 
22 1 43 
19 1 7 
4 1 34 
6 1 31 
7 1
28 1 33 
29 1 26 
25 1 22 
18 1 49 
23 1 32 
13 1 48 
9 1 33 
2 1
20 1 21 
14 1 41 
1 1
1 1 12 

3 3
9 3
14 1 13 2 8 3 4 
22 1 4 2 2 3 2 
17 1 5 2 7 3 6 
2 1 2 2 10 3 3 
30 1 22 2 11 3 2 
26 1 6 2 2 3 6 
7 1 5 2 4 3 1 
16 1 2 2 7 3 2 
5 1 14 2 6 3 1 
4 1
19 1 3 
14 1 3 
20 1 11 
15 1 17 
2 3
10 1 10 2 5 3 25 
21 1 16 2 2 3 1 

2 2
9 2
29 1 2 2 7 
3 1 15 2 18 
12 1 6 2 11 
5 1 16 2 19 
21 1 36 2 6 
22 1 19 2 20 
17 1 8 2 16 
9 1 4 2 32 
4 1 7 2 19 
9 2
16 1 14 2 6 
29 1 5 2 26 
17 1 19 2 27 
9 1 11 2 24 
4 1 13 2 17 
15 1 13 2 35 
7 1 18 2 2 
24 1 2 2 3 
22 1 9 2 3 

3 3
6 3
4 1 22 2 20 3 5 
14 1 25 2 19 3 2 
21 1 26 2 10 3 2 
12 1 7 2 3 3 2 
5 1 3 2 2 3 6 
29 1 5 2 2 3 39 
8 1
24 2 33 
12 2 10 
28 2 8 
15 2 2 
4 2 4 
25 2 13 
7 2 5 
23 2 13 
3 1
24 3 8 
12 3 6 
17 3 6 

1 1
10 1
1 1 49 
13 1 19 
20 1 36 
12 1 34 
30 1 12 
9 1 24 
3 1 9 
26 1 44 
17 1 39 
25 1 48 

4 1
7 1
26 1 30 
20 1 25 
11 1 6 
22 1 22 
23 1 26 
15 1 46 
19 1 41 
3 1
29 1 42 
7 1 36 
8 1 12 
4 1
12 1 16 
20 1 14 
11 1 34 
19 1 12 
1 1
6 1 5 

2 2
3 2
4 1 5 2 43 
24 1 7 2 3 
25 1 10 2 1 
8 1
10 2 7 
23 2 5 
17 2 8 
16 2 18 
29 2 43 
13 2 22 
14 2 9 
22 2 23 

3 1
7 1
6 1 8 
30 1 46 
11 1 49 
1 1 35 
22 1 31 
28 1 6 
29 1 49 
2 1
3 1 14 
23 1 11 
3 1
13 1 38 
11 1 40 
29 1 30 

1 1
10 1
2 1 31 
17 1 46 
19 1 16 
4 1 42 
25 1 19 
30 1 15 
3 1 41 
21 1 6 
29 1 12 
18 1 31 

3 3
5 1
25 2 1 
8 2 23 
6 2 3 
14 2 2 
1 2 2 
5 3
1 1 5 2 4 3 1 
12 1 11 2 19 3 12 
18 1 2 2 14 3 15 
23 1 5 2 2 3 2 
13 1 26 2 2 3 15 
9 2
22 2 25 3 5 
17 2 15 3 31 
23 2 6 3 1 
24 2 2 3 19 
1 2 1 3 2 
26 2 5 3 14 
8 2 10 3 16 
21 2 2 3 6 
5 2 3 3 7 

3 1
5 1
12 1 12 
2 1 10 
21 1 46 
26 1 22 
30 1 46 
6 1
24 1 26 
7 1 44 
6 1 20 
9 1 33 
8 1 14 
1 1 18 
9 1
23 1 40 
20 1 31 
27 1 34 
22 1 34 
13 1 43 
11 1 9 
7 1 35 
24 1 21 
14 1 42 

5 3
1 1
8 3 2 
10 1
3 3 1 
12 3 4 
2 3 5 
30 3 37 
16 3 20 
17 3 24 
4 3 2 
7 3 3 
13 3 1 
14 3 4 
4 3
20 1 5 2 5 3 2 
13 1 5 2 7 3 6 
9 1 10 2 3 3 13 
7 1 9 2 33 3 5 
5 3
5 1 7 2 9 3 2 
15 1 29 2 7 3 3 
2 1 20 2 11 3 2 
20 1 14 2 2 3 9 
7 1 8 2 8 3 25 
4 1
10 3 2 
1 3 3 
3 3 9 
19 3 12 

5 5
4 2
13 3 10 4 4 
7 3 8 4 7 
9 3 27 4 4 
24 3 8 4 9 
1 3
26 2 2 3 2 4 1 
1 2
4 2 2 3 2 
3 5
26 1 2 2 3 3 12 4 12 5 5 
18 1 7 2 2 3 2 4 2 5 4 
20 1 2 2 2 3 1 4 2 5 1 
2 3
7 2 1 3 1 4 11 
4 2 4 3 14 4 3 

5 3
6 2
6 1 22 2 4 
8 1 27 2 7 
14 1 10 2 29 
10 1 2 2 4 
22 1 2 2 1 
12 1 4 2 10 
8 1
11 2 5 
29 2 3 
27 2 2 
13 2 3 
24 2 3 
17 2 6 
7 2 1 
2 2 2 
3 1
15 3 4 
11 3 4 
6 3 3 
3 1
30 2 3 
5 2 3 
6 2 7 
10 3
13 1 3 2 4 3 5 
23 1 12 2 9 3 28 
2 1 15 2 4 3 19 
6 1 11 2 14 3 12 
20 1 5 2 2 3 9 
18 1 18 2 16 3 5 
28 1 8 2 9 3 6 
14 1 4 2 22 3 9 
22 1 8 2 3 3 4 
10 1 10 2 12 3 5 


15
4 3
4 3
28 1 2 2 12 3 2 
2 1 3 2 5 3 6 
3 1 3 2 2 3 12 
1 1 11 2 5 3 26 
8 1
20 3 3 
22 3 6 
4 3 15 
14 3 12 
21 3 2 
30 3 5 
27 3 2 
26 3 1 
6 1
19 1 2 
29 1 3 
12 1 2 
27 1 5 
30 1 4 
23 1 2 
2 3
1 1 7 2 35 3 4 
16 1 2 2 25 3 4 

4 1
4 1
14 1 42 
28 1 10 
7 1 21 
29 1 38 
8 1
24 1 7 
14 1 39 
13 1 14 
29 1 36 
6 1 38 
10 1 26 
3 1 43 
28 1 45 
7 1
21 1 18 
19 1 25 
8 1 40 
30 1 6 
25 1 19 
2 1 15 
9 1 43 
6 1
25 1 31 
23 1 39 
11 1 26 
7 1 25 
13 1 41 
14 1 36 

4 2
9 1
14 1 2 
3 1 12 
20 1 3 
6 1 2 
22 1 9 
29 1 13 
11 1 10 
10 1 7 
30 1 2 
4 2
11 1 31 2 8 
8 1 19 2 25 
1 1 28 2 9 
27 1 25 2 4 
1 1
26 1 31 
1 2
6 1 24 2 21 

2 2
10 1
17 2 3 
22 2 1 
2 2 11 
23 2 7 
5 2 3 
27 2 16 
14 2 4 
9 2 9 
30 2 37 
13 2 4 
9 2
25 1 10 2 13 
28 1 26 2 19 
1 1 7 2 13 
7 1 21 2 27 
21 1 5 2 5 
30 1 7 2 3 
15 1 26 2 3 
19 1 8 2 9 
24 1 14 2 4 

3 1
8 1
18 1 18 
12 1 18 
30 1 27 
26 1 47 
2 1 49 
4 1 45 
14 1 42 
1 1 27 
7 1
18 1 19 
8 1 25 
22 1 9 
7 1 11 
23 1 31 
19 1 34 
5 1 13 
9 1
20 1 12 
10 1 48 
17 1 10 
23 1 46 
6 1 5 
4 1 21 
28 1 6 
18 1 34 
13 1 31 

5 5
6 2
27 1 6 2 2 
20 1 9 2 1 
4 1 4 2 5 
15 1 5 2 3 
7 1 10 2 9 
23 1 2 2 4 
7 5
8 1 6 2 4 3 8 4 2 5 5 
29 1 2 2 3 3 7 4 1 5 2 
24 1 2 2 14 3 9 4 3 5 15 
15 1 3 2 5 3 4 4 1 5 1 
22 1 4 2 8 3 9 4 3 5 2 
25 1 15 2 4 3 13 4 12 5 1 
28 1 2 2 1 3 1 4 1 5 1 
4 2
5 1 2 2 1 
23 1 3 2 1 
18 1 3 2 2 
22 1 6 2 2 
4 2
7 1 2 2 3 
8 1 2 2 9 
11 1 7 2 4 
12 1 2 2 1 
5 1
1 1 2 
17 1 11 
6 1 5 
23 1 5 
3 1 3 

4 2
6 1
21 1 5 
1 1 34 
22 1 4 
26 1 27 
10 1 5 
14 1 28 
6 1
11 2 14 
14 2 8 
26 2 13 
18 2 22 
20 2 24 
28 2 29 
5 1
16 2 7 
30 2 15 
11 2 1 
25 2 17 
17 2 26 
4 2
5 1 21 2 8 
6 1 23 2 26 
2 1 12 2 2 
30 1 4 2 5 

1 1
3 1
23 1 21 
25 1 44 
20 1 19 

4 2
3 1
21 1 2 
5 1 3 
4 1 8 
4 1
7 1 14 
6 1 45 
8 1 2 
13 1 15 
10 2
6 1 26 2 10 
20 1 22 2 20 
26 1 21 2 27 
9 1 15 2 18 
10 1 6 2 36 
17 1 8 2 17 
25 1 4 2 9 
27 1 32 2 14 
3 1 3 2 9 
24 1 10 2 35 
2 2
24 1 5 2 9 
28 1 6 2 37 

4 1
9 1
23 1 6 
13 1 31 
4 1 28 
2 1 40 
1 1 20 
16 1 24 
19 1 24 
15 1 5 
18 1 39 
9 1
21 1 28 
3 1 33 
7 1 26 
30 1 37 
29 1 33 
20 1 18 
16 1 15 
6 1 14 
25 1 47 
2 1
24 1 41 
13 1 31 
8 1
28 1 49 
15 1 43 
29 1 25 
13 1 6 
9 1 5 
2 1 36 
21 1 23 
1 1 39 

4 4
6 2
19 2 2 3 11 
16 2 8 3 9 
30 2 1 3 1 
28 2 7 3 22 
11 2 6 3 3 
18 2 5 3 9 
6 1
19 3 1 
24 3 10 
25 3 19 
29 3 2 
17 3 29 
2 3 12 
6 4
1 1 11 2 8 3 10 4 9 
21 1 6 2 2 3 5 4 9 
10 1 4 2 5 3 2 4 5 
16 1 9 2 5 3 4 4 8 
13 1 2 2 2 3 9 4 1 
23 1 6 2 9 3 6 4 6 
5 1
18 4 12 
27 4 2 
15 4 6 
22 4 4 
7 4 1 

1 1
3 1
14 1 25 
22 1 32 
12 1 30 

3 1
9 1
5 1 39 
25 1 26 
13 1 13 
3 1 29 
11 1 43 
30 1 18 
1 1 41 
29 1 9 
21 1 24 
8 1
27 1 23 
7 1 36 
3 1 35 
20 1 10 
6 1 17 
13 1 43 
8 1 25 
29 1 38 
5 1
3 1 18 
9 1 35 
11 1 27 
30 1 23 
22 1 49 

1 1
2 1
19 1 8 
15 1 22 

5 4
2 4
15 1 2 2 6 3 2 4 1 
13 1 2 2 3 3 8 4 1 
3 1
14 3 2 
17 3 1 
9 3 23 
4 1
23 2 9 
20 2 2 
10 2 3 
15 2 13 
7 1
2 2 1 
23 2 12 
16 2 12 
11 2 3 
6 2 4 
26 2 25 
12 2 17 
5 2
19 3 11 4 2 
21 3 2 4 7 
12 3 10 4 19 
10 3 13 4 16 
28 3 9 4 2 


15
5 4
10 4
12 1 4 2 11 3 6 4 2 
15 1 4 2 15 3 5 4 23 
24 1 5 2 2 3 22 4 12 
21 1 4 2 23 3 6 4 15 
10 1 21 2 8 3 3 4 7 
4 1 2 2 2 3 4 4 1 
18 1 3 2 6 3 5 4 12 
8 1 2 2 20 3 14 4 4 
17 1 2 2 1 3 1 4 2 
25 1 5 2 7 3 13 4 3 
4 4
27 1 2 2 1 3 2 4 1 
11 1 5 2 15 3 6 4 8 
8 1 3 2 2 3 3 4 1 
17 1 4 2 2 3 1 4 1 
10 1
29 3 1 
7 3 1 
12 3 13 
1 3 13 
11 3 4 
22 3 2 
4 3 1 
25 3 4 
30 3 28 
24 3 4 
7 2
23 1 7 2 1 
26 1 2 2 5 
27 1 13 2 2 
13 1 4 2 32 
9 1 2 2 3 
29 1 4 2 1 
15 1 2 2 11 
3 4
1 1 5 2 17 3 3 4 2 
7 1 6 2 14 3 14 4 8 
29 1 4 2 7 3 2 4 4 

3 1
5 1
29 1 26 
26 1 32 
2 1 26 
23 1 49 
28 1 5 
9 1
8 1 29 
26 1 30 
20 1 27 
2 1 30 
14 1 10 
12 1 27 
18 1 37 
23 1 20 
17 1 40 
10 1
24 1 49 
7 1 8 
17 1 12 
8 1 23 
18 1 5 
4 1 6 
29 1 32 
30 1 48 
2 1 9 
12 1 42 

5 4
9 1
18 4 21 
7 4 9 
29 4 23 
20 4 2 
8 4 5 
2 4 5 
22 4 1 
10 4 2 
27 4 3 
6 2
18 3 22 4 9 
30 3 1 4 6 
13 3 12 4 7 
25 3 14 4 7 
19 3 10 4 6 
3 3 3 4 4 
3 4
17 1 3 2 3 3 6 4 21 
30 1 14 2 1 3 14 4 12 
24 1 3 2 27 3 8 4 7 
5 1
27 1 7 
12 1 5 
9 1 5 
3 1 2 
6 1 17 
8 4
30 1 5 2 10 3 3 4 8 
11 1 15 2 21 3 3 4 6 
25 1 6 2 6 3 3 4 2 
20 1 2 2 1 3 1 4 2 
26 1 7 2 1 3 7 4 3 
3 1 3 2 6 3 6 4 4 
8 1 19 2 13 3 4 4 1 
16 1 10 2 4 3 15 4 18 

3 2
6 2
17 1 17 2 3 
8 1 24 2 5 
13 1 16 2 2 
12 1 11 2 7 
27 1 34 2 10 
19 1 7 2 2 
10 1
20 1 8 
17 1 17 
4 1 7 
19 1 3 
27 1 6 
2 1 20 
30 1 15 
9 1 26 
15 1 6 
6 1 20 
2 2
26 1 21 2 20 
1 1 2 2 4 

1 1
8 1
4 1 6 
11 1 5 
1 1 38 
12 1 26 
5 1 47 
13 1 23 
17 1 8 
28 1 48 

2 2
9 2
16 1 2 2 10 
27 1 12 2 22 
19 1 7 2 24 
14 1 19 2 24 
9 1 5 2 2 
4 1 5 2 31 
1 1 6 2 27 
12 1 8 2 29 
20 1 10 2 20 
6 2
13 1 2 2 5 
3 1 6 2 11 
15 1 4 2 3 
27 1 16 2 33 
9 1 3 2 3 
29 1 5 2 2 

2 1
3 1
10 1 15 
1 1 43 
3 1 44 
5 1
22 1 46 
12 1 33 
30 1 16 
7 1 49 
17 1 28 

1 1
10 1
7 1 47 
8 1 10 
19 1 45 
4 1 31 
22 1 41 
30 1 30 
29 1 22 
26 1 15 
10 1 22 
14 1 28 

1 1
1 1
27 1 15 

2 1
10 1
13 1 45 
5 1 13 
23 1 5 
16 1 12 
24 1 26 
10 1 31 
18 1 20 
28 1 8 
17 1 44 
12 1 25 
7 1
3 1 16 
14 1 32 
30 1 14 
13 1 43 
29 1 10 
24 1 45 
4 1 33 

5 4
7 3
12 1 17 2 5 3 11 
15 1 3 2 7 3 21 
27 1 4 2 29 3 8 
3 1 15 2 14 3 7 
8 1 2 2 2 3 3 
29 1 4 2 11 3 8 
2 1 7 2 2 3 10 
1 3
16 1 19 2 16 3 2 
7 4
16 1 2 2 1 3 12 4 26 
23 1 3 2 1 3 1 4 1 
7 1 15 2 2 3 8 4 11 
28 1 5 2 22 3 8 4 3 
24 1 7 2 12 3 3 4 18 
12 1 26 2 14 3 3 4 5 
8 1 5 2 2 3 2 4 1 
2 4
1 1 2 2 12 3 28 4 2 
21 1 2 2 2 3 2 4 1 
6 1
12 4 7 
7 4 11 
13 4 1 
21 4 6 
29 4 4 
9 4 19 

5 1
1 1
25 1 47 
1 1
1 1 13 
7 1
21 1 27 
14 1 24 
12 1 22 
18 1 36 
29 1 7 
25 1 44 
6 1 47 
2 1
13 1 22 
20 1 32 
6 1
21 1 33 
16 1 6 
29 1 13 
27 1 20 
26 1 29 
11 1 15 

2 1
10 1
27 1 49 
28 1 29 
21 1 9 
17 1 9 
5 1 28 
23 1 46 
15 1 31 
16 1 18 
9 1 5 
12 1 39 
7 1
21 1 15 
4 1 15 
8 1 32 
14 1 22 
17 1 12 
5 1 45 
2 1 32 

3 3
2 1
1 3 7 
12 3 5 
8 3
1 1 4 2 20 3 7 
25 1 5 2 2 3 20 
3 1 4 2 2 3 18 
22 1 13 2 1 3 11 
20 1 8 2 15 3 2 
26 1 4 2 30 3 8 
5 1 31 2 4 3 6 
27 1 7 2 12 3 5 
8 3
20 1 3 2 2 3 4 
30 1 7 2 5 3 16 
22 1 3 2 4 3 1 
21 1 10 2 16 3 8 
1 1 6 2 4 3 5 
12 1 19 2 22 3 5 
19 1 2 2 36 3 1 
25 1 7 2 2 3 7 

1 1
10 1
27 1 39 
11 1 31 
3 1 29 
19 1 31 
18 1 38 
1 1 17 
20 1 41 
14 1 41 
9 1 8 
8 1 39 


