10 20 100 2 2

10
1 1
7 1
11 1 35 
1 1 22 
3 1 5 
19 1 5 
16 1 43 
13 1 41 
18 1 8 

1 1
2 1
17 1 9 
1 1 28 

2 1
7 1
12 1 16 
15 1 28 
14 1 25 
16 1 18 
2 1 27 
18 1 34 
11 1 22 
6 1
4 1 48 
6 1 23 
16 1 49 
1 1 22 
14 1 26 
15 1 21 

2 2
4 2
7 1 18 2 15 
10 1 7 2 4 
19 1 33 2 10 
2 1 21 2 8 
3 1
13 1 5 
11 1 2 
8 1 18 

2 1
9 1
10 1 43 
13 1 38 
19 1 41 
6 1 41 
14 1 28 
9 1 40 
12 1 7 
3 1 18 
11 1 36 
2 1
13 1 24 
17 1 5 

1 1
9 1
7 1 17 
3 1 17 
17 1 46 
4 1 49 
11 1 11 
18 1 27 
16 1 48 
12 1 45 
14 1 23 

2 1
1 1
12 1 36 
4 1
16 1 47 
13 1 41 
11 1 45 
2 1 49 

2 1
4 1
16 1 44 
19 1 5 
4 1 7 
17 1 10 
10 1
15 1 13 
1 1 16 
3 1 29 
14 1 21 
19 1 33 
8 1 36 
10 1 6 
2 1 45 
13 1 11 
20 1 21 

2 1
3 1
2 1 8 
13 1 38 
3 1 20 
10 1
10 1 30 
7 1 32 
8 1 8 
15 1 8 
6 1 34 
13 1 20 
17 1 22 
5 1 30 
18 1 23 
4 1 21 

2 2
6 1
11 1 30 
20 1 6 
4 1 8 
3 1 6 
7 1 32 
15 1 9 
6 2
10 1 15 2 23 
13 1 8 2 15 
1 1 15 2 19 
14 1 10 2 2 
8 1 9 2 5 
4 1 38 2 9 


10
2 2
8 2
19 1 5 2 22 
6 1 2 2 5 
10 1 8 2 14 
20 1 2 2 29 
16 1 4 2 9 
18 1 36 2 8 
1 1 16 2 20 
13 1 16 2 20 
9 1
11 1 13 
1 1 3 
14 1 5 
12 1 11 
4 1 7 
8 1 7 
7 1 2 
9 1 12 
3 1 18 

2 2
4 2
19 1 4 2 9 
7 1 21 2 4 
2 1 6 2 11 
20 1 11 2 22 
8 1
8 2 12 
16 2 17 
7 2 8 
15 2 7 
3 2 5 
1 2 7 
19 2 24 
4 2 16 

2 1
6 1
12 1 25 
7 1 19 
3 1 37 
6 1 13 
2 1 6 
4 1 46 
4 1
19 1 21 
7 1 27 
9 1 14 
1 1 39 

2 1
7 1
15 1 14 
11 1 30 
16 1 46 
1 1 39 
20 1 33 
6 1 47 
8 1 37 
5 1
7 1 5 
1 1 28 
10 1 15 
8 1 41 
15 1 13 

2 2
4 2
8 1 8 2 14 
2 1 2 2 3 
19 1 25 2 22 
3 1 7 2 5 
7 2
8 1 5 2 4 
19 1 17 2 1 
11 1 27 2 10 
15 1 2 2 17 
17 1 12 2 25 
2 1 6 2 3 
6 1 2 2 19 

2 2
4 2
1 1 21 2 12 
17 1 7 2 12 
4 1 10 2 17 
10 1 5 2 5 
3 2
1 1 3 2 18 
17 1 4 2 2 
19 1 16 2 13 

1 1
9 1
19 1 42 
1 1 26 
16 1 32 
8 1 20 
11 1 19 
7 1 34 
2 1 31 
12 1 29 
3 1 16 

2 1
5 1
16 1 34 
4 1 28 
20 1 30 
18 1 19 
15 1 17 
7 1
19 1 7 
2 1 35 
1 1 25 
11 1 24 
3 1 42 
7 1 18 
14 1 49 

1 1
4 1
4 1 10 
8 1 25 
19 1 7 
2 1 39 

1 1
8 1
19 1 49 
8 1 28 
13 1 36 
6 1 24 
9 1 36 
16 1 15 
10 1 35 
14 1 48 


10
1 1
3 1
11 1 41 
2 1 47 
19 1 34 

2 1
2 1
5 1 35 
3 1 34 
2 1
1 1 46 
9 1 34 

2 1
10 1
3 1 9 
18 1 15 
5 1 26 
16 1 25 
11 1 18 
12 1 45 
17 1 28 
7 1 13 
1 1 10 
10 1 49 
7 1
14 1 25 
8 1 20 
9 1 15 
3 1 48 
20 1 32 
13 1 24 
11 1 10 

2 1
1 1
11 1 25 
1 1
13 1 41 

2 1
8 1
16 1 36 
13 1 24 
19 1 42 
3 1 28 
12 1 9 
2 1 37 
5 1 19 
7 1 10 
7 1
9 1 20 
15 1 24 
1 1 14 
20 1 31 
17 1 35 
7 1 38 
5 1 15 

1 1
4 1
2 1 23 
5 1 9 
15 1 8 
16 1 17 

2 2
3 2
18 1 36 2 11 
4 1 10 2 6 
9 1 2 2 13 
10 1
3 2 20 
11 2 13 
19 2 28 
1 2 4 
16 2 2 
4 2 6 
8 2 23 
20 2 15 
18 2 3 
13 2 31 

1 1
8 1
7 1 41 
8 1 42 
14 1 37 
13 1 39 
11 1 17 
17 1 41 
2 1 30 
3 1 38 

1 1
6 1
20 1 41 
9 1 39 
5 1 49 
3 1 9 
18 1 49 
7 1 43 

2 2
10 2
10 1 3 2 5 
18 1 25 2 11 
14 1 11 2 5 
5 1 6 2 6 
3 1 19 2 7 
17 1 5 2 6 
4 1 14 2 2 
9 1 15 2 22 
1 1 9 2 14 
19 1 4 2 4 
2 2
6 1 7 2 22 
12 1 2 2 43 


10
1 1
3 1
4 1 13 
16 1 27 
14 1 27 

2 1
2 1
9 1 44 
18 1 7 
5 1
16 1 12 
12 1 21 
5 1 22 
15 1 38 
6 1 48 

1 1
1 1
16 1 8 

2 1
6 1
2 1 46 
1 1 26 
6 1 28 
16 1 37 
18 1 13 
13 1 26 
8 1
20 1 48 
9 1 45 
11 1 29 
4 1 43 
14 1 36 
6 1 24 
10 1 40 
17 1 12 

1 1
8 1
6 1 36 
9 1 46 
11 1 32 
19 1 27 
16 1 35 
15 1 21 
7 1 28 
14 1 45 

1 1
6 1
14 1 41 
9 1 37 
8 1 8 
17 1 12 
10 1 45 
7 1 25 

1 1
2 1
2 1 47 
17 1 32 

2 1
5 1
1 1 42 
19 1 35 
3 1 45 
10 1 27 
6 1 47 
6 1
14 1 26 
2 1 21 
8 1 18 
3 1 48 
11 1 44 
13 1 41 

2 1
6 1
11 1 28 
18 1 24 
6 1 30 
17 1 46 
8 1 25 
12 1 24 
8 1
2 1 27 
20 1 12 
11 1 40 
9 1 46 
5 1 48 
17 1 24 
10 1 37 
6 1 39 

2 1
8 1
13 1 35 
1 1 23 
16 1 18 
7 1 44 
2 1 19 
18 1 43 
14 1 49 
3 1 5 
3 1
11 1 40 
6 1 26 
15 1 17 


10
2 2
7 1
20 2 13 
7 2 11 
13 2 25 
18 2 17 
3 2 15 
4 2 13 
16 2 17 
9 2
14 1 7 2 9 
3 1 21 2 2 
20 1 2 2 30 
2 1 24 2 7 
1 1 22 2 7 
7 1 27 2 9 
16 1 32 2 10 
19 1 5 2 18 
5 1 26 2 3 

2 1
6 1
15 1 15 
9 1 32 
12 1 14 
7 1 16 
3 1 43 
8 1 18 
10 1
4 1 9 
14 1 26 
19 1 35 
20 1 28 
7 1 28 
9 1 14 
12 1 27 
13 1 41 
5 1 19 
18 1 35 

1 1
9 1
4 1 44 
17 1 47 
19 1 37 
2 1 6 
12 1 23 
18 1 6 
1 1 24 
9 1 35 
13 1 17 

2 1
6 1
3 1 42 
6 1 23 
20 1 11 
13 1 16 
16 1 27 
1 1 35 
7 1
17 1 18 
2 1 33 
1 1 36 
18 1 43 
19 1 49 
11 1 37 
15 1 23 

1 1
3 1
8 1 24 
9 1 9 
4 1 24 

1 1
8 1
18 1 11 
14 1 35 
3 1 39 
6 1 24 
20 1 40 
4 1 43 
5 1 31 
2 1 9 

1 1
3 1
2 1 44 
15 1 29 
10 1 32 

1 1
9 1
9 1 49 
1 1 19 
5 1 16 
16 1 18 
14 1 42 
7 1 27 
2 1 5 
19 1 32 
20 1 37 

2 2
5 2
16 1 13 2 9 
19 1 21 2 28 
20 1 14 2 9 
10 1 8 2 21 
2 1 9 2 16 
2 1
10 2 10 
6 2 10 

1 1
3 1
15 1 38 
19 1 48 
5 1 29 


10
1 1
4 1
9 1 47 
2 1 48 
11 1 14 
12 1 11 

1 1
6 1
7 1 17 
13 1 5 
17 1 40 
5 1 10 
20 1 6 
12 1 33 

1 1
3 1
11 1 33 
16 1 48 
18 1 11 

1 1
7 1
4 1 17 
2 1 12 
3 1 45 
17 1 11 
9 1 32 
6 1 9 
18 1 17 

1 1
5 1
11 1 47 
9 1 37 
13 1 47 
10 1 10 
19 1 5 

2 2
2 2
17 1 17 2 6 
7 1 8 2 7 
9 1
19 1 10 
6 1 19 
8 1 8 
16 1 3 
7 1 8 
18 1 4 
15 1 4 
11 1 13 
1 1 5 

2 1
2 1
17 1 27 
11 1 38 
1 1
2 1 30 

1 1
1 1
12 1 25 

1 1
10 1
6 1 34 
10 1 23 
5 1 47 
18 1 5 
7 1 33 
12 1 19 
8 1 16 
14 1 18 
11 1 7 
13 1 49 

2 2
9 2
3 1 9 2 5 
17 1 3 2 7 
11 1 11 2 3 
8 1 11 2 23 
14 1 16 2 30 
7 1 6 2 9 
19 1 3 2 42 
6 1 2 2 4 
4 1 27 2 7 
4 1
2 2 3 
4 2 25 
11 2 11 
13 2 5 


10
2 2
4 1
6 1 14 
12 1 7 
19 1 20 
10 1 3 
10 2
16 1 5 2 36 
20 1 9 2 6 
4 1 29 2 2 
12 1 12 2 18 
9 1 29 2 13 
7 1 4 2 1 
3 1 2 2 13 
1 1 8 2 29 
8 1 2 2 45 
2 1 4 2 5 

1 1
4 1
4 1 28 
15 1 40 
16 1 41 
10 1 43 

1 1
5 1
6 1 48 
15 1 35 
16 1 24 
9 1 48 
14 1 31 

2 2
10 1
17 2 21 
15 2 13 
7 2 7 
20 2 14 
10 2 1 
9 2 16 
3 2 4 
8 2 32 
1 2 5 
18 2 9 
2 2
1 1 8 2 35 
4 1 39 2 8 

2 1
9 1
3 1 15 
17 1 13 
7 1 11 
6 1 24 
9 1 18 
2 1 12 
19 1 23 
10 1 23 
14 1 7 
9 1
8 1 21 
13 1 27 
14 1 30 
16 1 6 
20 1 38 
12 1 22 
2 1 31 
1 1 13 
3 1 47 

1 1
5 1
4 1 21 
7 1 43 
10 1 46 
9 1 49 
18 1 43 

2 2
10 2
7 1 31 2 5 
2 1 11 2 5 
9 1 26 2 1 
12 1 14 2 3 
10 1 14 2 8 
14 1 16 2 22 
5 1 4 2 6 
19 1 24 2 16 
17 1 3 2 11 
13 1 31 2 2 
6 2
12 1 2 2 18 
5 1 16 2 21 
7 1 12 2 14 
16 1 2 2 32 
19 1 13 2 26 
20 1 20 2 15 

1 1
1 1
8 1 10 

2 2
8 2
3 1 12 2 8 
7 1 9 2 25 
6 1 45 2 1 
12 1 2 2 5 
20 1 29 2 6 
2 1 8 2 30 
1 1 6 2 8 
10 1 32 2 7 
4 1
20 2 21 
1 2 1 
2 2 35 
4 2 14 

1 1
2 1
5 1 26 
15 1 45 


10
1 1
4 1
3 1 47 
6 1 14 
15 1 47 
7 1 21 

2 2
2 2
6 1 8 2 4 
18 1 5 2 13 
1 2
12 1 7 2 39 

1 1
8 1
2 1 44 
16 1 28 
10 1 47 
15 1 11 
4 1 9 
12 1 35 
9 1 49 
18 1 12 

1 1
9 1
5 1 28 
2 1 6 
9 1 30 
15 1 15 
4 1 16 
3 1 7 
7 1 44 
6 1 37 
20 1 43 

2 1
2 1
15 1 48 
8 1 34 
1 1
1 1 43 

2 2
1 1
6 2 4 
2 2
18 1 5 2 1 
17 1 38 2 11 

2 1
1 1
1 1 36 
1 1
12 1 6 

1 1
4 1
8 1 36 
9 1 37 
13 1 29 
4 1 44 

2 1
4 1
9 1 31 
11 1 17 
4 1 38 
8 1 17 
10 1
17 1 45 
20 1 39 
13 1 9 
14 1 48 
6 1 18 
3 1 20 
9 1 43 
19 1 27 
8 1 7 
4 1 33 

1 1
8 1
10 1 10 
4 1 41 
1 1 38 
13 1 41 
9 1 44 
20 1 27 
3 1 33 
17 1 21 


10
2 1
6 1
16 1 26 
4 1 40 
12 1 7 
11 1 32 
2 1 12 
5 1 11 
10 1
17 1 16 
2 1 12 
15 1 19 
6 1 7 
9 1 39 
5 1 32 
7 1 24 
14 1 23 
1 1 32 
12 1 43 

1 1
9 1
5 1 5 
10 1 9 
20 1 36 
12 1 33 
4 1 48 
19 1 28 
11 1 43 
3 1 20 
17 1 43 

2 1
10 1
17 1 24 
4 1 45 
1 1 11 
7 1 10 
19 1 9 
9 1 39 
18 1 9 
20 1 19 
10 1 17 
2 1 21 
1 1
7 1 38 

2 2
1 1
7 1 15 
5 2
12 1 29 2 19 
8 1 22 2 7 
11 1 4 2 1 
9 1 46 2 2 
13 1 33 2 9 

2 2
2 2
16 1 39 2 3 
7 1 12 2 10 
4 1
5 2 25 
6 2 3 
12 2 1 
14 2 4 

2 1
6 1
13 1 19 
4 1 14 
12 1 5 
18 1 24 
1 1 13 
3 1 26 
6 1
10 1 46 
2 1 13 
5 1 22 
8 1 30 
19 1 34 
1 1 36 

1 1
1 1
6 1 28 

1 1
8 1
17 1 26 
12 1 31 
15 1 28 
18 1 33 
13 1 46 
19 1 38 
9 1 9 
2 1 34 

2 1
2 1
17 1 9 
6 1 28 
7 1
11 1 37 
1 1 42 
16 1 18 
7 1 40 
13 1 16 
3 1 16 
17 1 18 

1 1
6 1
16 1 35 
1 1 12 
11 1 17 
9 1 31 
6 1 17 
20 1 15 


10
2 1
3 1
15 1 26 
12 1 34 
20 1 11 
9 1
5 1 24 
13 1 25 
7 1 36 
9 1 24 
10 1 42 
8 1 48 
14 1 20 
16 1 43 
12 1 22 

2 2
6 1
15 1 7 
10 1 37 
7 1 21 
16 1 24 
4 1 2 
11 1 16 
6 2
12 1 11 2 12 
17 1 10 2 11 
13 1 6 2 41 
9 1 9 2 21 
2 1 14 2 19 
20 1 3 2 11 

1 1
1 1
20 1 9 

1 1
7 1
2 1 26 
1 1 34 
13 1 34 
15 1 27 
18 1 19 
19 1 31 
17 1 27 

1 1
4 1
11 1 31 
12 1 15 
2 1 35 
13 1 23 

1 1
3 1
18 1 27 
12 1 46 
2 1 13 

1 1
5 1
3 1 11 
5 1 39 
19 1 45 
12 1 26 
10 1 41 

1 1
3 1
15 1 39 
19 1 48 
8 1 41 

1 1
6 1
4 1 16 
15 1 29 
18 1 9 
11 1 10 
10 1 29 
8 1 12 

2 2
8 2
20 1 3 2 6 
1 1 6 2 15 
5 1 4 2 1 
13 1 2 2 40 
19 1 13 2 11 
2 1 13 2 9 
4 1 9 2 13 
14 1 4 2 26 
8 1
20 1 8 
12 1 22 
14 1 4 
17 1 3 
9 1 7 
4 1 10 
7 1 6 
15 1 29 


