10 20 150 5 5

15
3 1
1 1
11 1 5 
1 1
9 1 25 
2 1
2 1 9 
1 1 32 

1 1
2 1
8 1 22 
12 1 25 

5 2
2 2
10 1 4 2 3 
5 1 3 2 3 
2 1
8 1 15 
6 1 2 
1 1
12 2 27 
1 1
9 2 9 
2 1
1 2 6 
2 2 4 

1 1
2 1
16 1 37 
13 1 25 

2 1
2 1
18 1 5 
12 1 21 
2 1
2 1 47 
14 1 11 

4 2
1 2
15 1 7 2 14 
2 2
2 1 27 2 19 
5 1 4 2 7 
1 2
16 1 24 2 20 
1 1
17 2 1 

2 1
1 1
9 1 10 
1 1
17 1 42 

4 2
1 2
5 1 30 2 6 
2 1
4 2 16 
15 2 4 
2 1
3 1 31 
16 1 31 
2 2
9 1 21 2 12 
2 1 17 2 9 

1 1
1 1
14 1 44 

5 1
1 1
8 1 45 
2 1
15 1 7 
7 1 25 
2 1
5 1 22 
6 1 39 
1 1
16 1 6 
2 1
18 1 12 
11 1 18 

1 1
1 1
8 1 22 

3 2
2 1
9 2 10 
14 2 18 
1 2
17 1 7 2 16 
2 2
13 1 15 2 24 
3 1 4 2 1 

3 1
1 1
4 1 19 
2 1
17 1 16 
18 1 27 
1 1
5 1 23 

3 3
2 1
15 2 2 
20 2 7 
1 3
19 1 4 2 7 3 2 
2 3
5 1 10 2 11 3 8 
14 1 7 2 25 3 9 

5 5
1 4
3 2 22 3 1 4 3 5 3 
1 1
8 1 22 
1 5
16 1 3 2 2 3 1 4 1 5 2 
1 5
1 1 3 2 12 3 10 4 5 5 2 
2 3
12 2 3 3 14 4 4 
4 2 1 3 3 4 6 


15
2 1
2 1
9 1 30 
15 1 26 
1 1
3 1 22 

2 1
1 1
20 1 14 
2 1
18 1 18 
5 1 11 

2 2
2 2
11 1 11 2 24 
4 1 36 2 13 
1 2
10 1 25 2 16 

4 3
1 3
6 1 6 2 1 3 23 
2 3
10 1 12 2 6 3 15 
20 1 3 2 14 3 18 
2 1
8 2 30 
7 2 24 
1 1
12 2 10 

1 1
1 1
4 1 10 

4 2
1 2
15 1 22 2 2 
1 1
14 1 4 
2 1
19 1 2 
3 1 8 
2 1
8 1 9 
7 1 3 

3 1
2 1
20 1 30 
18 1 41 
1 1
19 1 20 
2 1
10 1 5 
17 1 8 

4 2
2 2
14 1 7 2 27 
2 1 12 2 19 
1 1
16 1 22 
1 1
20 1 5 
1 2
1 1 19 2 20 

5 1
2 1
17 1 40 
9 1 42 
2 1
5 1 18 
19 1 29 
1 1
14 1 47 
2 1
6 1 43 
2 1 38 
2 1
15 1 9 
12 1 25 

3 1
2 1
11 1 38 
16 1 46 
2 1
20 1 23 
1 1 42 
2 1
18 1 44 
14 1 46 

4 3
1 3
17 1 6 2 16 3 14 
2 1
1 1 5 
12 1 8 
2 3
19 1 4 2 1 3 1 
10 1 12 2 17 3 3 
2 3
8 1 31 2 10 3 4 
15 1 12 2 11 3 2 

5 4
2 2
8 1 3 2 2 
10 1 3 2 2 
2 4
15 1 4 2 3 3 1 4 2 
18 1 2 2 5 3 19 4 20 
2 2
14 1 12 2 1 
1 1 15 2 3 
1 2
13 2 2 3 1 
2 2
2 1 14 2 4 
7 1 5 2 4 

2 2
2 2
3 1 5 2 19 
14 1 12 2 8 
2 1
20 2 1 
16 2 9 

4 1
2 1
13 1 49 
14 1 39 
2 1
9 1 39 
10 1 31 
1 1
7 1 11 
2 1
8 1 23 
11 1 42 

2 2
1 1
2 2 20 
1 2
3 1 6 2 13 


15
1 1
2 1
20 1 38 
5 1 41 

2 2
2 2
16 1 26 2 3 
15 1 2 2 3 
2 2
13 1 4 2 39 
12 1 9 2 10 

1 1
1 1
18 1 37 

4 3
2 3
16 1 3 2 2 3 6 
1 1 4 2 6 3 17 
2 3
3 1 2 2 10 3 8 
8 1 12 2 5 3 6 
2 1
14 2 5 
10 2 5 
2 1
2 2 6 
20 2 5 

3 2
2 2
5 1 3 2 4 
1 1 3 2 5 
2 2
19 1 3 2 10 
3 1 3 2 31 
1 2
7 1 11 2 12 

1 1
1 1
10 1 28 

4 2
2 2
9 1 11 2 22 
11 1 2 2 8 
2 2
4 1 6 2 13 
6 1 27 2 15 
2 1
5 2 11 
17 2 1 
1 1
16 2 11 

4 1
1 1
17 1 21 
1 1
18 1 38 
1 1
12 1 48 
1 1
16 1 23 

1 1
1 1
16 1 23 

4 1
1 1
4 1 31 
2 1
12 1 38 
10 1 5 
1 1
7 1 35 
2 1
14 1 12 
19 1 27 

4 4
1 4
16 1 26 2 10 3 3 4 2 
1 3
15 1 9 2 4 3 4 
1 1
10 1 4 
2 3
5 1 4 2 3 3 5 
2 1 13 2 5 3 4 

4 4
1 3
3 2 1 3 1 4 1 
2 4
12 1 5 2 7 3 1 4 3 
11 1 12 2 7 3 7 4 1 
1 1
5 4 1 
2 2
10 2 4 3 14 
15 2 5 3 1 

1 1
1 1
5 1 40 

3 1
1 1
3 1 45 
2 1
14 1 23 
15 1 34 
1 1
13 1 7 

4 4
1 3
2 2 19 3 10 4 3 
1 1
13 4 1 
1 4
7 1 2 2 21 3 5 4 7 
2 2
11 3 1 4 4 
9 3 2 4 1 


15
4 2
2 1
15 2 4 
4 2 23 
2 1
12 2 37 
14 2 16 
1 1
1 2 5 
1 2
6 1 31 2 15 

2 2
1 1
9 2 4 
1 2
10 1 17 2 1 

1 1
2 1
8 1 40 
9 1 16 

1 1
2 1
11 1 43 
8 1 22 

4 3
2 1
18 1 2 
17 1 2 
2 3
10 1 10 2 19 3 12 
19 1 2 2 22 3 1 
1 3
3 1 4 2 29 3 5 
1 2
2 1 12 2 1 

5 1
2 1
5 1 28 
3 1 40 
2 1
2 1 46 
9 1 12 
2 1
18 1 10 
4 1 9 
2 1
1 1 5 
17 1 39 
1 1
20 1 32 

3 2
2 2
13 1 14 2 32 
20 1 18 2 24 
1 1
2 2 2 
2 2
14 1 8 2 7 
3 1 16 2 28 

3 3
2 3
10 1 2 2 22 3 17 
11 1 6 2 2 3 28 
1 2
20 2 6 3 1 
1 3
14 1 3 2 4 3 6 

3 2
2 2
14 1 18 2 7 
6 1 10 2 3 
2 2
12 1 13 2 28 
8 1 6 2 15 
1 1
9 1 20 

2 2
2 1
16 1 2 
6 1 3 
1 2
7 1 8 2 32 

1 1
2 1
14 1 30 
18 1 6 

3 2
1 1
4 2 19 
2 2
11 1 21 2 1 
10 1 7 2 8 
2 2
12 1 11 2 1 
20 1 5 2 4 

1 1
1 1
4 1 6 

3 1
1 1
7 1 29 
2 1
3 1 6 
9 1 28 
2 1
12 1 7 
15 1 39 

3 2
1 1
3 1 6 
1 2
1 1 2 2 27 
1 1
8 1 5 


15
4 1
2 1
18 1 46 
14 1 33 
1 1
9 1 46 
2 1
11 1 46 
6 1 32 
1 1
4 1 28 

1 1
1 1
12 1 9 

2 2
1 2
10 1 4 2 2 
2 1
1 1 7 
11 1 4 

2 2
2 1
5 2 2 
9 2 9 
1 2
7 1 12 2 19 

5 2
1 2
8 1 14 2 5 
1 2
13 1 21 2 14 
1 2
7 1 38 2 2 
1 1
12 1 20 
2 2
18 1 7 2 28 
9 1 17 2 10 

2 2
1 2
14 1 6 2 6 
2 2
4 1 5 2 13 
12 1 10 2 6 

2 2
1 1
2 2 8 
1 2
14 1 3 2 2 

5 1
1 1
16 1 34 
2 1
6 1 16 
10 1 13 
2 1
2 1 28 
4 1 49 
1 1
19 1 11 
1 1
13 1 15 

3 2
1 2
9 1 13 2 21 
2 1
10 1 14 
12 1 24 
1 1
14 2 4 

5 2
2 2
16 1 2 2 6 
15 1 8 2 4 
1 1
8 2 7 
2 1
4 2 26 
11 2 21 
1 2
19 1 8 2 23 
1 2
9 1 5 2 3 

2 1
1 1
15 1 39 
2 1
8 1 8 
16 1 46 

5 1
2 1
7 1 31 
16 1 35 
2 1
14 1 40 
5 1 11 
2 1
17 1 10 
12 1 47 
1 1
19 1 16 
2 1
2 1 40 
6 1 22 

2 2
1 2
7 1 7 2 27 
2 1
16 1 14 
20 1 15 

1 1
1 1
19 1 27 

3 1
1 1
5 1 30 
2 1
1 1 47 
7 1 40 
1 1
11 1 43 


15
5 1
2 1
3 1 33 
6 1 38 
2 1
12 1 39 
4 1 11 
1 1
10 1 5 
1 1
2 1 46 
1 1
20 1 6 

3 1
2 1
1 1 22 
16 1 22 
2 1
12 1 22 
19 1 7 
1 1
18 1 44 

1 1
2 1
18 1 34 
13 1 35 

5 1
1 1
7 1 9 
2 1
18 1 17 
14 1 26 
2 1
20 1 11 
8 1 29 
2 1
4 1 10 
2 1 26 
1 1
5 1 18 

3 2
1 2
2 1 2 2 17 
1 1
11 2 12 
2 1
14 1 27 
3 1 16 

5 2
2 2
17 1 6 2 13 
4 1 15 2 17 
2 2
10 1 19 2 17 
15 1 37 2 4 
1 1
19 1 9 
1 1
16 1 16 
1 2
13 1 3 2 29 

1 1
2 1
16 1 20 
6 1 38 

2 2
1 2
10 1 7 2 35 
2 2
3 1 13 2 30 
8 1 3 2 20 

5 3
1 2
3 2 12 3 12 
1 1
12 3 6 
1 3
13 1 15 2 5 3 2 
1 3
8 1 5 2 5 3 3 
2 2
17 2 18 3 5 
19 2 11 3 9 

4 2
2 1
11 2 9 
7 2 4 
1 2
9 1 13 2 1 
2 1
10 2 13 
1 2 10 
1 2
3 1 20 2 21 

3 3
1 3
5 1 2 2 8 3 26 
1 1
6 1 18 
1 1
16 2 21 

1 1
2 1
8 1 6 
17 1 22 

4 3
1 2
13 1 11 2 14 
1 1
3 2 16 
2 2
15 2 12 3 2 
16 2 2 3 4 
2 3
17 1 6 2 1 3 8 
4 1 9 2 4 3 25 

1 1
1 1
3 1 14 

4 3
2 2
7 1 6 2 1 
17 1 4 2 2 
2 3
10 1 26 2 1 3 7 
19 1 2 2 2 3 1 
2 2
6 1 4 2 10 
14 1 5 2 8 
1 2
12 2 1 3 2 


15
4 1
1 1
1 1 39 
1 1
19 1 26 
1 1
18 1 22 
2 1
6 1 5 
5 1 12 

4 1
1 1
10 1 24 
1 1
2 1 49 
1 1
9 1 19 
1 1
8 1 35 

1 1
1 1
3 1 47 

1 1
1 1
8 1 29 

3 2
1 1
20 2 2 
2 2
12 1 16 2 2 
6 1 11 2 5 
1 2
8 1 12 2 2 

3 2
2 2
13 1 25 2 2 
3 1 6 2 1 
2 1
17 2 25 
18 2 18 
1 2
11 1 15 2 4 

4 1
2 1
13 1 44 
6 1 16 
1 1
9 1 9 
2 1
10 1 22 
1 1 16 
1 1
11 1 5 

5 3
1 3
7 1 6 2 2 3 3 
2 1
2 1 3 
12 1 11 
2 3
6 1 2 2 2 3 1 
14 1 15 2 28 3 4 
2 1
5 2 2 
16 2 6 
1 3
19 1 29 2 11 3 7 

5 5
1 1
12 4 3 
2 4
3 2 3 3 4 4 2 5 3 
2 2 13 3 8 4 12 5 1 
1 4
4 1 9 2 12 3 3 4 1 
2 3
5 3 3 4 2 5 1 
10 3 1 4 2 5 6 
2 5
15 1 15 2 8 3 12 4 5 5 5 
18 1 6 2 6 3 3 4 4 5 3 

4 1
2 1
11 1 15 
5 1 45 
1 1
6 1 16 
2 1
8 1 26 
16 1 31 
1 1
19 1 48 

1 1
2 1
20 1 25 
15 1 20 

2 1
2 1
11 1 32 
20 1 39 
2 1
14 1 23 
13 1 47 

5 2
1 1
10 2 36 
1 1
14 2 4 
2 2
5 1 15 2 2 
3 1 5 2 1 
2 2
18 1 6 2 5 
4 1 27 2 15 
2 2
19 1 22 2 9 
1 1 11 2 32 

5 1
2 1
9 1 32 
2 1 17 
2 1
20 1 5 
1 1 33 
2 1
19 1 13 
13 1 26 
1 1
18 1 14 
2 1
16 1 46 
17 1 28 

4 3
1 1
16 2 7 
1 3
18 1 16 2 4 3 2 
2 1
2 1 9 
12 1 7 
2 2
20 2 5 3 3 
9 2 3 3 3 


15
5 4
1 1
20 3 3 
2 1
8 4 6 
15 4 1 
1 4
9 1 14 2 9 3 4 4 5 
2 2
2 1 5 2 2 
6 1 3 2 1 
1 3
16 1 6 2 7 3 1 

3 2
1 1
17 2 9 
2 1
13 2 20 
19 2 30 
2 2
11 1 36 2 3 
16 1 25 2 1 

3 2
1 2
16 1 35 2 1 
2 1
6 1 40 
5 1 3 
2 1
15 2 1 
11 2 9 

1 1
2 1
5 1 35 
2 1 15 

3 1
1 1
20 1 32 
1 1
7 1 20 
1 1
3 1 27 

5 4
1 2
4 1 2 2 5 
1 1
13 3 2 
2 1
15 1 4 
16 1 5 
1 4
14 1 5 2 2 3 7 4 2 
2 2
6 3 6 4 6 
9 3 11 4 2 

5 5
2 5
13 1 3 2 3 3 10 4 1 5 6 
20 1 8 2 4 3 4 4 6 5 4 
1 2
16 3 2 4 6 
2 4
6 1 2 2 1 3 2 4 1 
5 1 6 2 7 3 19 4 5 
2 4
15 2 2 3 4 4 2 5 1 
7 2 3 3 4 4 3 5 24 
2 1
19 4 2 
17 4 1 

4 4
2 2
5 1 7 2 2 
4 1 12 2 6 
2 2
7 2 9 3 1 
16 2 3 3 1 
1 1
20 4 3 
2 4
18 1 5 2 17 3 3 4 13 
15 1 8 2 10 3 9 4 21 

1 1
1 1
13 1 43 

1 1
1 1
20 1 34 

5 3
1 2
4 2 11 3 19 
2 3
16 1 11 2 3 3 9 
8 1 2 2 17 3 11 
1 3
6 1 8 2 1 3 3 
2 3
19 1 27 2 11 3 3 
13 1 5 2 3 3 1 
1 2
9 2 20 3 11 

2 2
2 1
7 1 9 
18 1 8 
2 2
12 1 11 2 3 
8 1 2 2 4 

3 1
2 1
2 1 47 
12 1 11 
2 1
11 1 32 
18 1 48 
2 1
5 1 32 
19 1 49 

5 3
2 1
5 2 1 
12 2 15 
1 3
7 1 24 2 11 3 4 
2 1
2 3 3 
9 3 27 
1 3
13 1 5 2 6 3 6 
2 2
4 2 8 3 30 
19 2 14 3 6 

2 1
1 1
10 1 16 
2 1
5 1 39 
8 1 32 


15
1 1
1 1
9 1 10 

3 2
2 1
10 1 41 
9 1 16 
2 1
11 2 4 
5 2 7 
1 2
3 1 19 2 1 

1 1
1 1
2 1 45 

1 1
2 1
5 1 6 
7 1 36 

1 1
2 1
6 1 24 
13 1 13 

5 2
1 1
4 2 12 
1 1
18 1 5 
1 2
7 1 27 2 5 
1 1
2 2 3 
1 1
13 1 4 

4 2
1 2
6 1 16 2 7 
2 1
5 2 15 
4 2 4 
2 1
14 1 17 
7 1 8 
2 1
9 1 29 
19 1 13 

5 2
2 2
16 1 46 2 3 
6 1 16 2 7 
2 1
9 2 20 
13 2 6 
1 1
2 2 18 
1 2
19 1 15 2 28 
2 1
1 1 18 
3 1 20 

2 2
2 2
20 1 15 2 25 
15 1 4 2 21 
1 1
6 1 4 

1 1
1 1
13 1 20 

1 1
1 1
2 1 42 

5 4
1 1
15 3 19 
2 4
19 1 7 2 10 3 1 4 8 
9 1 2 2 2 3 2 4 1 
2 1
11 1 31 
2 1 4 
2 3
3 1 2 2 5 3 3 
6 1 11 2 2 3 17 
1 1
1 1 12 

2 2
2 2
12 1 24 2 5 
17 1 5 2 17 
1 2
19 1 10 2 31 

4 1
1 1
3 1 43 
2 1
18 1 40 
11 1 16 
1 1
19 1 41 
1 1
12 1 27 

5 1
2 1
17 1 25 
14 1 23 
1 1
8 1 39 
1 1
20 1 18 
1 1
3 1 7 
1 1
13 1 37 


15
5 2
1 1
7 2 21 
1 1
20 2 17 
2 1
12 1 3 
11 1 17 
2 2
5 1 41 2 2 
15 1 2 2 41 
2 2
14 1 13 2 23 
13 1 21 2 5 

1 1
1 1
11 1 18 

3 2
2 2
7 1 11 2 10 
18 1 3 2 14 
2 1
17 2 2 
14 2 7 
1 1
8 1 8 

3 3
2 3
1 1 10 2 3 3 18 
6 1 15 2 1 3 15 
1 1
10 3 9 
1 1
2 2 3 

1 1
2 1
17 1 35 
9 1 23 

2 1
1 1
3 1 18 
1 1
20 1 38 

4 1
1 1
4 1 8 
2 1
6 1 27 
14 1 29 
2 1
2 1 9 
19 1 10 
2 1
1 1 46 
20 1 19 

4 3
1 3
10 1 11 2 2 3 2 
2 2
14 1 11 2 6 
5 1 15 2 25 
2 2
15 1 12 2 16 
20 1 2 2 6 
1 2
17 1 2 2 32 

2 1
1 1
20 1 41 
2 1
10 1 48 
12 1 16 

5 3
1 1
1 1 4 
2 1
2 1 21 
15 1 2 
2 3
18 1 6 2 4 3 9 
8 1 13 2 10 3 12 
2 2
12 2 19 3 5 
10 2 10 3 4 
1 3
17 1 7 2 4 3 1 

1 1
2 1
19 1 7 
4 1 12 

1 1
2 1
9 1 28 
17 1 39 

3 1
1 1
19 1 18 
2 1
7 1 16 
17 1 15 
1 1
5 1 25 

4 1
1 1
7 1 19 
2 1
12 1 18 
1 1 7 
1 1
19 1 23 
1 1
8 1 24 

2 2
2 1
3 1 5 
14 1 2 
1 2
16 1 22 2 3 


