10 50 150 5 5

15
3 2
2 2
29 1 6 2 12 
9 1 16 2 4 
6 1
39 2 2 
32 2 1 
49 2 11 
3 2 7 
27 2 8 
8 2 1 
9 2
7 1 12 2 22 
18 1 10 2 4 
42 1 10 2 18 
45 1 10 2 19 
40 1 15 2 9 
20 1 3 2 12 
38 1 12 2 3 
44 1 24 2 1 
23 1 9 2 18 

2 1
3 1
7 1 42 
11 1 35 
27 1 49 
6 1
40 1 43 
4 1 28 
31 1 48 
28 1 13 
9 1 24 
45 1 32 

1 1
2 1
15 1 17 
42 1 5 

3 1
4 1
1 1 38 
35 1 22 
30 1 39 
5 1 30 
7 1
49 1 48 
11 1 35 
18 1 11 
42 1 18 
3 1 28 
44 1 34 
23 1 35 
4 1
32 1 32 
7 1 48 
22 1 31 
41 1 8 

1 1
2 1
29 1 42 
39 1 26 

1 1
1 1
23 1 45 

4 4
2 4
11 1 2 2 22 3 16 4 8 
5 1 20 2 8 3 10 4 2 
7 3
46 2 3 3 5 4 2 
37 2 32 3 5 4 4 
14 2 1 3 10 4 3 
32 2 11 3 2 4 13 
17 2 33 3 4 4 7 
19 2 2 3 1 4 5 
31 2 10 3 3 4 7 
4 2
13 3 4 4 21 
16 3 5 4 1 
20 3 11 4 8 
50 3 23 4 1 
3 4
21 1 9 2 5 3 3 4 1 
4 1 5 2 1 3 5 4 14 
36 1 3 2 6 3 2 4 8 

4 4
8 2
36 1 5 2 3 
44 1 4 2 15 
13 1 2 2 5 
24 1 20 2 4 
30 1 6 2 8 
45 1 5 2 5 
47 1 5 2 7 
2 1 2 2 2 
2 4
12 1 5 2 1 3 3 4 1 
1 1 5 2 3 3 23 4 7 
2 2
35 3 6 4 9 
14 3 5 4 3 
1 1
33 1 9 

1 1
6 1
1 1 27 
22 1 15 
5 1 27 
50 1 19 
41 1 24 
28 1 27 

1 1
4 1
49 1 39 
46 1 40 
10 1 22 
29 1 41 

5 3
8 1
38 2 5 
20 2 10 
35 2 12 
22 2 5 
7 2 8 
32 2 16 
45 2 1 
34 2 19 
6 2
11 2 2 3 5 
9 2 1 3 2 
40 2 3 3 7 
29 2 5 3 9 
30 2 2 3 2 
36 2 6 3 2 
1 1
28 3 10 
1 3
31 1 4 2 1 3 3 
4 1
50 3 2 
5 3 2 
46 3 10 
25 3 2 

1 1
2 1
47 1 23 
36 1 38 

5 1
2 1
4 1 42 
45 1 17 
6 1
34 1 22 
46 1 45 
50 1 17 
47 1 46 
23 1 29 
40 1 44 
4 1
5 1 14 
27 1 40 
25 1 16 
36 1 39 
4 1
7 1 18 
10 1 13 
14 1 22 
1 1 29 
6 1
20 1 23 
37 1 47 
17 1 8 
3 1 11 
13 1 9 
48 1 46 

5 1
1 1
48 1 24 
5 1
21 1 19 
25 1 49 
22 1 25 
12 1 44 
36 1 46 
5 1
42 1 18 
43 1 47 
46 1 18 
32 1 35 
47 1 9 
2 1
33 1 43 
3 1 11 
4 1
39 1 42 
9 1 31 
45 1 21 
7 1 30 

5 3
6 3
48 1 8 2 10 3 9 
44 1 12 2 3 3 9 
12 1 6 2 22 3 11 
18 1 8 2 15 3 14 
1 1 15 2 5 3 2 
15 1 14 2 19 3 4 
8 1
7 2 6 
5 2 13 
17 2 1 
29 2 4 
8 2 12 
27 2 2 
46 2 3 
36 2 2 
4 1
32 1 12 
23 1 14 
33 1 27 
24 1 3 
7 1
22 1 5 
10 1 4 
47 1 21 
40 1 6 
3 1 6 
2 1 23 
14 1 19 
3 2
38 2 12 3 6 
25 2 11 3 7 
35 2 1 3 2 


15
2 1
6 1
13 1 16 
24 1 32 
50 1 22 
15 1 6 
29 1 6 
20 1 45 
3 1
46 1 36 
35 1 23 
17 1 44 

5 5
2 3
29 1 4 2 2 3 2 
13 1 2 2 1 3 2 
4 5
15 1 13 2 25 3 1 4 6 5 3 
7 1 9 2 5 3 6 4 3 5 22 
23 1 3 2 8 3 8 4 12 5 6 
19 1 2 2 2 3 8 4 10 5 1 
2 3
11 2 12 3 4 4 18 
12 2 1 3 4 4 14 
4 4
32 2 9 3 2 4 12 5 1 
36 2 8 3 19 4 4 5 1 
1 2 3 3 2 4 1 5 6 
8 2 4 3 5 4 5 5 8 
2 4
44 2 3 3 3 4 10 5 2 
42 2 1 3 14 4 3 5 3 

2 2
6 2
9 1 3 2 46 
45 1 2 2 20 
25 1 11 2 14 
22 1 36 2 11 
8 1 21 2 6 
35 1 36 2 8 
3 1
33 2 4 
10 2 1 
19 2 25 

1 1
8 1
47 1 16 
48 1 27 
4 1 18 
26 1 26 
33 1 41 
36 1 8 
2 1 16 
31 1 35 

1 1
3 1
35 1 8 
27 1 6 
25 1 32 

2 1
3 1
31 1 21 
9 1 14 
22 1 7 
7 1
32 1 21 
19 1 31 
2 1 9 
42 1 25 
24 1 38 
16 1 5 
43 1 9 

3 2
3 2
43 1 8 2 11 
13 1 6 2 1 
40 1 7 2 9 
8 1
4 1 11 
25 1 40 
17 1 31 
33 1 16 
47 1 8 
45 1 34 
44 1 20 
6 1 12 
7 2
34 1 17 2 6 
24 1 32 2 13 
8 1 16 2 30 
23 1 20 2 26 
31 1 23 2 8 
42 1 12 2 8 
5 1 4 2 8 

4 3
2 3
28 1 3 2 1 3 3 
50 1 8 2 8 3 5 
2 2
33 1 10 2 2 
30 1 24 2 4 
1 3
34 1 9 2 17 3 3 
9 3
19 1 2 2 1 3 2 
17 1 2 2 1 3 2 
27 1 11 2 4 3 1 
44 1 3 2 8 3 29 
12 1 14 2 1 3 6 
18 1 2 2 2 3 2 
16 1 20 2 12 3 3 
48 1 8 2 4 3 12 
3 1 12 2 22 3 9 

1 1
2 1
10 1 46 
26 1 33 

4 1
6 1
29 1 15 
14 1 33 
1 1 48 
46 1 17 
33 1 15 
42 1 30 
7 1
39 1 26 
36 1 7 
6 1 13 
3 1 6 
9 1 45 
18 1 13 
15 1 23 
1 1
21 1 35 
8 1
11 1 25 
7 1 38 
25 1 47 
13 1 41 
34 1 34 
44 1 45 
2 1 45 
43 1 32 

1 1
7 1
34 1 10 
41 1 31 
16 1 7 
20 1 28 
46 1 38 
18 1 18 
31 1 30 

4 1
8 1
17 1 29 
4 1 41 
29 1 34 
30 1 14 
42 1 30 
28 1 43 
15 1 39 
47 1 13 
1 1
9 1 31 
4 1
35 1 49 
25 1 49 
50 1 15 
11 1 28 
3 1
3 1 5 
12 1 13 
19 1 8 

2 2
9 1
12 2 1 
45 2 18 
20 2 6 
11 2 7 
31 2 19 
35 2 8 
42 2 34 
10 2 1 
41 2 11 
1 2
9 1 14 2 3 

5 3
4 3
25 1 9 2 11 3 8 
50 1 9 2 5 3 16 
31 1 8 2 21 3 18 
43 1 18 2 13 3 2 
9 3
46 1 5 2 8 3 14 
4 1 20 2 4 3 10 
42 1 4 2 18 3 2 
27 1 4 2 5 3 36 
29 1 3 2 1 3 1 
13 1 4 2 2 3 1 
12 1 23 2 6 3 14 
44 1 28 2 5 3 13 
30 1 8 2 14 3 2 
1 1
35 1 19 
2 1
15 3 9 
33 3 9 
2 1
45 3 14 
10 3 19 

2 1
7 1
7 1 36 
13 1 41 
10 1 5 
1 1 9 
9 1 14 
35 1 18 
31 1 24 
7 1
30 1 13 
19 1 25 
8 1 31 
22 1 48 
23 1 13 
40 1 30 
5 1 24 


15
5 2
2 1
41 2 6 
6 2 7 
5 1
13 1 40 
50 1 12 
26 1 2 
23 1 22 
34 1 30 
8 1
7 2 8 
44 2 9 
48 2 5 
9 2 14 
12 2 13 
32 2 27 
14 2 9 
18 2 3 
3 2
8 1 18 2 7 
29 1 7 2 26 
36 1 17 2 8 
5 2
11 1 8 2 9 
35 1 13 2 30 
20 1 23 2 10 
46 1 4 2 7 
49 1 10 2 23 

2 1
8 1
28 1 19 
9 1 42 
40 1 14 
26 1 38 
12 1 37 
29 1 49 
44 1 39 
19 1 33 
1 1
37 1 23 

1 1
8 1
11 1 17 
20 1 12 
26 1 19 
14 1 21 
2 1 49 
18 1 32 
29 1 30 
10 1 40 

2 1
1 1
27 1 33 
5 1
34 1 15 
38 1 36 
19 1 20 
37 1 48 
14 1 18 

3 3
6 2
26 2 8 3 2 
21 2 6 3 11 
30 2 3 3 10 
13 2 2 3 1 
42 2 14 3 8 
50 2 13 3 21 
4 3
23 1 33 2 9 3 2 
24 1 8 2 11 3 4 
47 1 8 2 33 3 5 
17 1 19 2 12 3 16 
8 2
40 1 3 2 3 
37 1 5 2 22 
32 1 9 2 12 
15 1 10 2 3 
22 1 5 2 3 
5 1 4 2 16 
48 1 9 2 3 
25 1 7 2 5 

3 2
3 1
37 2 6 
3 2 28 
7 2 30 
5 1
48 2 8 
41 2 19 
5 2 4 
32 2 22 
28 2 7 
8 2
17 1 20 2 7 
34 1 10 2 14 
31 1 9 2 3 
9 1 24 2 7 
25 1 43 2 6 
6 1 3 2 2 
20 1 3 2 19 
43 1 2 2 6 

4 4
4 3
40 2 2 3 11 4 15 
18 2 1 3 2 4 1 
49 2 4 3 31 4 8 
12 2 3 3 12 4 2 
5 1
43 3 3 
5 3 4 
11 3 8 
32 3 8 
30 3 2 
8 1
20 2 6 
27 2 1 
22 2 5 
37 2 6 
3 2 2 
13 2 3 
10 2 2 
8 2 3 
8 4
2 1 3 2 1 3 15 4 9 
19 1 2 2 5 3 3 4 2 
6 1 2 2 2 3 1 4 1 
7 1 3 2 9 3 4 4 2 
39 1 6 2 6 3 11 4 18 
44 1 4 2 14 3 3 4 6 
9 1 8 2 9 3 5 4 8 
24 1 8 2 5 3 17 4 1 

3 3
2 1
21 2 4 
30 2 2 
6 3
14 1 14 2 13 3 13 
8 1 2 2 5 3 4 
22 1 15 2 16 3 17 
2 1 7 2 8 3 29 
18 1 35 2 8 3 4 
3 1 14 2 4 3 4 
6 1
12 3 1 
17 3 17 
27 3 2 
37 3 13 
41 3 32 
38 3 6 

5 5
5 1
14 5 1 
39 5 2 
34 5 7 
16 5 11 
1 5 16 
2 3
3 3 1 4 3 5 17 
21 3 4 4 1 5 1 
1 2
49 3 6 4 4 
7 1
20 4 7 
44 4 1 
26 4 1 
6 4 12 
43 4 2 
27 4 4 
9 4 16 
4 5
7 1 5 2 4 3 2 4 1 5 1 
30 1 6 2 2 3 1 4 11 5 2 
35 1 4 2 9 3 1 4 4 5 3 
13 1 6 2 1 3 7 4 2 5 3 

3 3
2 2
14 2 16 3 23 
36 2 12 3 1 
2 3
6 1 16 2 13 3 5 
25 1 5 2 8 3 4 
9 1
35 1 3 
50 1 25 
8 1 27 
39 1 3 
29 1 16 
28 1 9 
17 1 3 
20 1 25 
42 1 5 

4 1
6 1
39 1 15 
12 1 22 
2 1 24 
27 1 48 
37 1 28 
45 1 43 
5 1
16 1 38 
31 1 41 
41 1 29 
50 1 38 
30 1 47 
7 1
3 1 11 
19 1 30 
24 1 9 
11 1 24 
36 1 36 
35 1 37 
22 1 34 
6 1
38 1 7 
32 1 12 
10 1 29 
20 1 41 
15 1 30 
49 1 31 

4 1
8 1
49 1 12 
32 1 23 
22 1 7 
2 1 15 
50 1 41 
1 1 24 
39 1 10 
18 1 36 
7 1
23 1 30 
8 1 28 
26 1 40 
46 1 40 
36 1 10 
34 1 21 
35 1 39 
6 1
9 1 19 
38 1 7 
47 1 15 
6 1 38 
41 1 36 
37 1 24 
2 1
48 1 9 
33 1 8 

2 1
1 1
5 1 35 
9 1
43 1 24 
21 1 27 
23 1 12 
28 1 15 
45 1 42 
7 1 42 
19 1 29 
37 1 8 
36 1 49 

2 1
10 1
23 1 25 
4 1 9 
21 1 35 
17 1 21 
27 1 39 
26 1 21 
32 1 37 
8 1 24 
7 1 12 
9 1 10 
9 1
14 1 6 
25 1 40 
34 1 10 
45 1 24 
36 1 25 
50 1 18 
40 1 7 
12 1 37 
31 1 22 

4 3
2 2
32 1 5 2 2 
27 1 7 2 24 
10 1
45 3 2 
40 3 21 
33 3 12 
2 3 23 
48 3 2 
35 3 1 
36 3 12 
8 3 2 
44 3 23 
6 3 2 
5 3
47 1 4 2 4 3 8 
5 1 28 2 5 3 12 
38 1 4 2 6 3 1 
50 1 7 2 18 3 13 
43 1 3 2 9 3 7 
9 2
13 1 2 2 12 
31 1 19 2 2 
42 1 15 2 19 
34 1 22 2 5 
22 1 2 2 23 
14 1 4 2 2 
20 1 6 2 6 
19 1 9 2 4 
1 1 5 2 27 


15
4 2
8 2
17 1 15 2 22 
29 1 2 2 13 
25 1 11 2 13 
36 1 4 2 12 
47 1 5 2 3 
41 1 15 2 12 
13 1 3 2 38 
11 1 13 2 7 
6 1
32 2 7 
7 2 13 
6 2 6 
15 2 32 
12 2 3 
21 2 2 
5 2
8 1 3 2 13 
26 1 20 2 16 
46 1 39 2 9 
9 1 12 2 37 
49 1 17 2 10 
7 1
2 2 5 
35 2 5 
4 2 30 
38 2 3 
10 2 18 
45 2 20 
48 2 4 

4 2
6 1
28 2 1 
31 2 10 
18 2 32 
22 2 2 
33 2 4 
8 2 23 
8 1
6 1 18 
15 1 31 
32 1 27 
17 1 35 
13 1 4 
14 1 33 
29 1 5 
35 1 2 
6 2
16 1 2 2 12 
21 1 3 2 4 
19 1 2 2 7 
41 1 45 2 3 
7 1 3 2 28 
1 1 8 2 8 
8 2
9 1 14 2 10 
43 1 29 2 6 
5 1 4 2 12 
2 1 4 2 37 
48 1 15 2 1 
47 1 9 2 24 
11 1 15 2 5 
38 1 31 2 11 

2 1
6 1
42 1 34 
14 1 42 
48 1 43 
13 1 10 
34 1 18 
11 1 8 
7 1
19 1 18 
7 1 17 
31 1 31 
35 1 22 
41 1 38 
33 1 33 
5 1 25 

4 2
3 1
3 2 17 
17 2 12 
35 2 3 
8 1
42 1 21 
43 1 27 
24 1 15 
19 1 7 
39 1 25 
25 1 4 
4 1 32 
23 1 3 
10 2
7 1 3 2 6 
31 1 35 2 12 
32 1 12 2 24 
29 1 6 2 5 
50 1 33 2 1 
27 1 14 2 6 
34 1 18 2 8 
36 1 31 2 3 
26 1 19 2 7 
21 1 13 2 6 
4 2
14 1 25 2 16 
49 1 34 2 14 
13 1 9 2 9 
30 1 4 2 1 

5 3
8 2
43 2 12 3 25 
42 2 3 3 16 
35 2 8 3 2 
2 2 26 3 11 
23 2 9 3 20 
29 2 25 3 11 
45 2 1 3 13 
33 2 13 3 1 
2 3
26 1 23 2 4 3 10 
28 1 5 2 26 3 2 
5 1
13 2 5 
1 2 17 
4 2 7 
10 2 7 
32 2 7 
7 1
18 3 24 
9 3 4 
38 3 1 
27 3 1 
5 3 6 
19 3 17 
34 3 6 
8 1
50 2 15 
24 2 4 
46 2 25 
39 2 20 
49 2 12 
20 2 3 
41 2 4 
21 2 8 

1 1
8 1
15 1 34 
1 1 42 
2 1 15 
28 1 8 
19 1 10 
31 1 37 
9 1 11 
27 1 22 

3 1
10 1
10 1 43 
5 1 17 
44 1 32 
2 1 47 
23 1 33 
12 1 47 
24 1 22 
25 1 7 
17 1 42 
49 1 49 
3 1
27 1 18 
33 1 14 
34 1 9 
1 1
43 1 34 

3 3
4 3
9 1 5 2 13 3 1 
31 1 9 2 15 3 7 
38 1 6 2 3 3 6 
49 1 11 2 17 3 6 
1 1
4 3 4 
4 2
3 2 12 3 23 
41 2 10 3 23 
28 2 3 3 11 
30 2 2 3 1 

2 2
1 2
15 1 9 2 35 
5 1
44 2 1 
49 2 4 
9 2 3 
32 2 2 
30 2 9 

4 2
1 2
6 1 15 2 13 
7 1
38 1 29 
49 1 10 
5 1 18 
26 1 4 
3 1 26 
14 1 11 
33 1 13 
1 1
30 2 20 
2 2
15 1 6 2 40 
45 1 16 2 13 

1 1
3 1
35 1 45 
12 1 7 
10 1 47 

1 1
10 1
22 1 11 
32 1 21 
18 1 27 
37 1 7 
1 1 21 
21 1 17 
15 1 34 
19 1 30 
47 1 33 
40 1 36 

5 4
4 4
33 1 12 2 4 3 3 4 9 
49 1 12 2 6 3 20 4 8 
3 1 5 2 3 3 4 4 6 
47 1 3 2 8 3 1 4 1 
5 4
36 1 4 2 2 3 8 4 1 
28 1 10 2 1 3 2 4 4 
38 1 5 2 4 3 4 4 2 
21 1 30 2 1 3 11 4 2 
4 1 4 2 25 3 15 4 2 
2 2
12 2 1 3 2 
16 2 6 3 7 
6 2
17 3 10 4 8 
14 3 6 4 22 
9 3 1 4 1 
31 3 6 4 3 
35 3 14 4 8 
15 3 2 4 3 
8 1
8 1 18 
50 1 3 
24 1 2 
25 1 11 
43 1 2 
32 1 12 
18 1 2 
27 1 2 

4 1
6 1
8 1 40 
35 1 27 
46 1 38 
16 1 29 
33 1 19 
9 1 32 
10 1
27 1 17 
28 1 25 
48 1 42 
19 1 33 
13 1 21 
2 1 36 
37 1 15 
38 1 14 
42 1 46 
5 1 33 
4 1
24 1 47 
43 1 27 
45 1 44 
21 1 6 
1 1
32 1 34 

3 1
3 1
37 1 10 
28 1 21 
13 1 39 
8 1
6 1 16 
10 1 43 
46 1 46 
5 1 11 
12 1 23 
1 1 13 
3 1 41 
11 1 37 
8 1
45 1 7 
31 1 39 
21 1 28 
26 1 19 
9 1 39 
2 1 45 
16 1 13 
19 1 31 


15
3 1
3 1
30 1 10 
8 1 27 
44 1 27 
8 1
25 1 8 
11 1 31 
50 1 18 
45 1 49 
1 1 38 
16 1 7 
42 1 49 
15 1 6 
8 1
48 1 44 
13 1 47 
38 1 44 
20 1 24 
27 1 12 
18 1 40 
2 1 26 
47 1 17 

2 2
6 2
45 1 6 2 23 
37 1 33 2 5 
6 1 9 2 26 
27 1 28 2 2 
29 1 30 2 12 
48 1 16 2 2 
4 2
31 1 7 2 16 
23 1 3 2 5 
22 1 3 2 13 
2 1 4 2 33 

3 2
10 1
49 1 3 
5 1 23 
16 1 8 
11 1 21 
44 1 32 
26 1 36 
21 1 3 
25 1 8 
38 1 10 
3 1 9 
1 1
28 2 2 
6 2
35 1 2 2 11 
12 1 7 2 2 
18 1 4 2 20 
2 1 7 2 2 
22 1 27 2 7 
41 1 10 2 21 

4 4
1 4
37 1 2 2 1 3 3 4 2 
6 2
32 3 2 4 3 
44 3 5 4 25 
47 3 2 4 2 
25 3 9 4 4 
11 3 19 4 7 
21 3 4 4 11 
7 4
24 1 2 2 5 3 5 4 1 
35 1 6 2 10 3 17 4 7 
40 1 3 2 16 3 4 4 10 
41 1 4 2 4 3 10 4 6 
10 1 3 2 7 3 1 4 1 
46 1 8 2 2 3 13 4 2 
19 1 10 2 15 3 5 4 11 
4 2
45 3 3 4 2 
3 3 2 4 1 
26 3 7 4 7 
18 3 1 4 1 

3 3
5 2
4 2 12 3 26 
26 2 8 3 4 
31 2 33 3 2 
35 2 18 3 4 
40 2 3 3 1 
4 1
3 2 3 
25 2 16 
50 2 23 
33 2 3 
2 3
10 1 5 2 1 3 6 
37 1 6 2 21 3 3 

5 2
7 1
18 2 14 
49 2 7 
28 2 4 
22 2 4 
43 2 17 
10 2 4 
48 2 2 
2 2
32 1 28 2 2 
46 1 4 2 20 
8 1
27 2 43 
36 2 9 
29 2 5 
21 2 9 
24 2 3 
17 2 8 
38 2 5 
2 2 9 
4 1
40 2 3 
8 2 8 
16 2 3 
15 2 15 
6 2
6 1 4 2 1 
19 1 3 2 8 
30 1 10 2 13 
42 1 37 2 8 
35 1 33 2 2 
45 1 18 2 6 

5 3
5 1
2 1 4 
46 1 2 
27 1 3 
35 1 8 
10 1 3 
1 1
24 1 22 
9 3
30 1 11 2 15 3 22 
41 1 15 2 12 3 9 
39 1 3 2 10 3 2 
8 1 4 2 12 3 1 
40 1 5 2 8 3 2 
45 1 3 2 8 3 19 
42 1 8 2 4 3 2 
37 1 3 2 28 3 2 
21 1 39 2 8 3 1 
5 3
16 1 2 2 4 3 2 
1 1 18 2 3 3 20 
32 1 8 2 9 3 8 
47 1 3 2 13 3 13 
29 1 2 2 7 3 16 
6 3
3 1 30 2 4 3 8 
26 1 15 2 4 3 3 
25 1 3 2 1 3 1 
15 1 6 2 1 3 9 
33 1 15 2 9 3 22 
11 1 11 2 3 3 9 

3 1
1 1
10 1 45 
6 1
14 1 35 
32 1 38 
13 1 34 
9 1 41 
48 1 24 
6 1 19 
5 1
19 1 39 
21 1 20 
22 1 49 
29 1 48 
42 1 9 

4 3
10 2
16 1 2 2 2 
42 1 3 2 15 
7 1 9 2 5 
39 1 5 2 5 
50 1 11 2 25 
12 1 10 2 32 
4 1 27 2 2 
6 1 3 2 1 
21 1 8 2 17 
9 1 3 2 13 
5 1
28 3 3 
49 3 9 
47 3 4 
38 3 13 
10 3 4 
10 3
27 1 2 2 2 3 1 
25 1 7 2 2 3 2 
18 1 12 2 2 3 4 
33 1 5 2 14 3 21 
2 1 13 2 2 3 11 
37 1 21 2 14 3 5 
13 1 5 2 12 3 5 
15 1 2 2 29 3 6 
17 1 4 2 2 3 10 
36 1 2 2 2 3 1 
5 1
44 3 13 
5 3 1 
19 3 2 
45 3 1 
43 3 16 

4 3
3 3
6 1 7 2 11 3 22 
33 1 14 2 9 3 3 
24 1 7 2 13 3 5 
3 3
37 1 2 2 5 3 8 
28 1 4 2 1 3 18 
23 1 24 2 2 3 2 
1 1
32 3 2 
9 1
20 1 6 
22 1 2 
46 1 11 
30 1 3 
25 1 6 
27 1 4 
3 1 3 
15 1 29 
31 1 4 

3 2
8 1
21 2 3 
3 2 6 
50 2 19 
15 2 3 
30 2 1 
7 2 16 
10 2 13 
44 2 6 
7 2
37 1 6 2 28 
34 1 25 2 5 
33 1 16 2 31 
8 1 18 2 30 
49 1 7 2 12 
11 1 28 2 6 
32 1 48 2 1 
8 1
9 1 30 
42 1 32 
17 1 12 
5 1 3 
38 1 19 
40 1 23 
20 1 16 
18 1 28 

4 4
8 2
28 3 1 4 3 
48 3 2 4 5 
41 3 11 4 2 
12 3 5 4 3 
4 3 5 4 13 
26 3 1 4 3 
45 3 1 4 5 
27 3 7 4 3 
3 4
14 1 3 2 7 3 4 4 5 
2 1 8 2 14 3 11 4 12 
31 1 2 2 1 3 1 4 4 
7 1
18 2 2 
49 2 4 
11 2 1 
16 2 4 
46 2 3 
32 2 12 
13 2 3 
8 4
25 1 22 2 8 3 7 4 11 
39 1 9 2 21 3 8 4 4 
6 1 4 2 35 3 1 4 1 
24 1 14 2 10 3 16 4 9 
36 1 8 2 1 3 24 4 16 
17 1 5 2 13 3 17 4 13 
34 1 8 2 19 3 5 4 14 
38 1 3 2 9 3 8 4 2 

5 2
9 2
11 1 35 2 5 
38 1 4 2 22 
6 1 5 2 2 
3 1 14 2 2 
25 1 35 2 11 
4 1 22 2 5 
7 1 23 2 22 
43 1 32 2 12 
34 1 17 2 8 
8 2
29 1 4 2 1 
33 1 20 2 25 
50 1 17 2 2 
13 1 6 2 18 
28 1 2 2 3 
12 1 9 2 12 
26 1 40 2 5 
15 1 13 2 6 
7 1
41 1 5 
37 1 2 
48 1 38 
44 1 10 
30 1 10 
24 1 5 
1 1 37 
1 1
49 1 2 
1 1
31 1 13 

3 2
6 1
17 2 1 
14 2 2 
26 2 10 
22 2 8 
16 2 5 
41 2 12 
8 1
13 2 20 
1 2 23 
29 2 35 
34 2 1 
3 2 6 
33 2 17 
49 2 13 
46 2 9 
4 2
15 1 18 2 3 
12 1 33 2 13 
40 1 41 2 5 
19 1 9 2 7 

1 1
1 1
37 1 9 


15
2 2
7 2
1 1 9 2 17 
16 1 8 2 3 
5 1 5 2 30 
9 1 7 2 10 
30 1 3 2 7 
15 1 22 2 6 
28 1 17 2 27 
1 2
46 1 10 2 20 

5 3
9 1
40 2 7 
31 2 8 
48 2 4 
20 2 13 
18 2 27 
50 2 22 
14 2 8 
17 2 9 
26 2 7 
7 3
49 1 18 2 16 3 7 
37 1 4 2 21 3 4 
11 1 16 2 19 3 14 
15 1 7 2 9 3 27 
42 1 10 2 25 3 5 
44 1 20 2 19 3 8 
46 1 2 2 2 3 9 
9 1
5 1 3 
38 1 16 
27 1 6 
4 1 14 
9 1 10 
19 1 2 
1 1 7 
10 1 11 
13 1 7 
2 1
47 3 1 
32 3 10 
5 2
33 1 5 2 3 
36 1 12 2 4 
39 1 14 2 13 
6 1 5 2 18 
22 1 19 2 14 

2 2
1 1
37 1 10 
3 2
15 1 9 2 26 
12 1 16 2 22 
10 1 24 2 19 

4 2
6 1
21 2 12 
48 2 1 
1 2 31 
6 2 13 
36 2 15 
25 2 11 
4 1
3 2 19 
9 2 8 
47 2 10 
15 2 6 
5 1
14 1 3 
13 1 15 
7 1 6 
24 1 17 
31 1 4 
8 2
22 1 18 2 30 
40 1 5 2 12 
30 1 25 2 7 
33 1 29 2 17 
19 1 12 2 21 
5 1 5 2 3 
11 1 34 2 2 
44 1 15 2 30 

3 3
5 3
7 1 11 2 8 3 10 
46 1 9 2 5 3 3 
4 1 33 2 3 3 1 
5 1 2 2 22 3 8 
47 1 18 2 20 3 8 
9 3
35 1 6 2 36 3 1 
15 1 5 2 3 3 5 
38 1 11 2 14 3 11 
2 1 15 2 13 3 5 
30 1 2 2 3 3 9 
32 1 5 2 6 3 16 
20 1 23 2 4 3 8 
24 1 7 2 18 3 14 
33 1 12 2 1 3 1 
8 2
17 2 2 3 3 
18 2 3 3 2 
13 2 4 3 7 
39 2 5 3 4 
27 2 20 3 27 
37 2 4 3 23 
31 2 2 3 3 
12 2 2 3 6 

1 1
4 1
1 1 12 
31 1 14 
22 1 27 
2 1 18 

3 3
6 3
38 1 10 2 5 3 2 
17 1 2 2 4 3 2 
26 1 6 2 24 3 5 
15 1 18 2 8 3 6 
27 1 6 2 2 3 8 
50 1 10 2 18 3 14 
10 1
18 2 11 
30 2 6 
24 2 5 
22 2 23 
10 2 6 
41 2 15 
28 2 3 
39 2 7 
45 2 4 
19 2 3 
2 3
32 1 4 2 4 3 22 
3 1 31 2 6 3 5 

1 1
7 1
1 1 24 
11 1 45 
44 1 9 
6 1 10 
40 1 18 
48 1 41 
27 1 8 

1 1
8 1
28 1 36 
37 1 19 
42 1 45 
7 1 9 
11 1 49 
21 1 19 
5 1 31 
29 1 12 

1 1
2 1
8 1 14 
17 1 18 

4 1
9 1
40 1 17 
38 1 11 
31 1 31 
22 1 32 
4 1 40 
25 1 49 
2 1 26 
50 1 42 
46 1 25 
8 1
28 1 29 
29 1 5 
49 1 37 
30 1 19 
7 1 26 
3 1 30 
33 1 26 
24 1 45 
2 1
13 1 41 
12 1 45 
9 1
5 1 49 
47 1 37 
15 1 28 
44 1 6 
27 1 18 
20 1 31 
34 1 38 
14 1 40 
36 1 18 

4 2
4 1
22 2 5 
36 2 15 
5 2 29 
50 2 5 
8 1
6 1 22 
44 1 20 
16 1 2 
24 1 5 
29 1 30 
47 1 3 
7 1 18 
45 1 25 
4 2
34 1 2 2 5 
33 1 12 2 17 
2 1 31 2 4 
43 1 3 2 2 
3 2
20 1 19 2 4 
40 1 15 2 34 
19 1 30 2 11 

2 2
9 2
31 1 12 2 26 
28 1 18 2 3 
40 1 3 2 30 
19 1 27 2 13 
49 1 42 2 7 
47 1 19 2 2 
10 1 19 2 4 
24 1 11 2 36 
50 1 4 2 4 
10 2
20 1 2 2 23 
38 1 20 2 1 
37 1 36 2 9 
25 1 4 2 16 
33 1 22 2 24 
3 1 10 2 22 
45 1 19 2 25 
21 1 6 2 38 
17 1 9 2 19 
46 1 34 2 10 

2 2
1 1
17 1 13 
5 2
42 1 13 2 9 
36 1 24 2 18 
47 1 26 2 5 
15 1 37 2 9 
12 1 7 2 33 

5 2
5 1
36 1 25 
23 1 8 
38 1 9 
31 1 9 
21 1 21 
4 2
5 1 31 2 4 
40 1 31 2 12 
9 1 6 2 34 
13 1 38 2 1 
7 1
20 2 8 
19 2 18 
26 2 1 
27 2 25 
34 2 4 
30 2 7 
24 2 14 
9 2
25 1 15 2 9 
1 1 25 2 3 
4 1 25 2 22 
33 1 2 2 47 
18 1 8 2 29 
12 1 26 2 4 
17 1 28 2 3 
11 1 21 2 13 
28 1 26 2 12 
6 2
50 1 13 2 18 
14 1 4 2 38 
2 1 33 2 9 
44 1 3 2 32 
41 1 19 2 7 
47 1 11 2 22 


15
1 1
9 1
45 1 22 
19 1 37 
47 1 48 
5 1 11 
43 1 31 
4 1 42 
37 1 37 
36 1 21 
48 1 48 

2 2
3 1
18 2 39 
31 2 2 
47 2 14 
5 2
39 1 24 2 3 
34 1 12 2 5 
10 1 4 2 7 
29 1 3 2 2 
46 1 27 2 15 

1 1
2 1
12 1 24 
17 1 34 

2 1
7 1
2 1 39 
44 1 20 
25 1 30 
21 1 41 
39 1 18 
43 1 26 
23 1 31 
7 1
1 1 17 
4 1 19 
15 1 46 
49 1 48 
50 1 33 
12 1 39 
36 1 48 

3 2
3 2
34 1 29 2 19 
43 1 24 2 4 
22 1 4 2 40 
2 2
9 1 13 2 17 
30 1 18 2 19 
1 2
24 1 12 2 22 

5 2
8 1
20 2 10 
42 2 14 
30 2 2 
16 2 3 
5 2 5 
44 2 19 
31 2 22 
29 2 3 
8 2
24 1 24 2 23 
41 1 5 2 2 
23 1 10 2 17 
36 1 2 2 10 
22 1 5 2 1 
27 1 3 2 10 
46 1 10 2 10 
40 1 3 2 22 
3 2
13 1 7 2 1 
8 1 30 2 1 
35 1 3 2 44 
6 1
14 2 27 
2 2 31 
25 2 24 
10 2 4 
3 2 26 
28 2 3 
5 1
48 2 38 
7 2 6 
1 2 13 
12 2 9 
39 2 15 

3 2
1 2
42 1 10 2 19 
1 2
44 1 20 2 28 
9 1
18 2 4 
20 2 13 
29 2 15 
16 2 4 
14 2 22 
2 2 15 
49 2 10 
46 2 10 
33 2 9 

4 4
7 2
47 3 6 4 2 
46 3 3 4 1 
1 3 9 4 13 
49 3 1 4 4 
42 3 15 4 17 
37 3 16 4 2 
11 3 3 4 18 
1 4
45 1 3 2 6 3 1 4 9 
2 2
26 1 4 2 6 
14 1 6 2 4 
8 4
41 1 8 2 9 3 1 4 1 
35 1 2 2 15 3 2 4 2 
19 1 3 2 2 3 6 4 2 
2 1 2 2 1 3 5 4 1 
30 1 10 2 25 3 13 4 1 
12 1 17 2 11 3 8 4 6 
38 1 2 2 6 3 7 4 4 
18 1 8 2 5 3 3 4 4 

4 4
4 2
27 3 6 4 2 
14 3 5 4 5 
34 3 5 4 3 
45 3 13 4 4 
1 4
10 1 17 2 22 3 5 4 1 
6 2
29 1 30 2 10 
6 1 26 2 9 
46 1 2 2 3 
41 1 17 2 2 
12 1 33 2 2 
39 1 11 2 3 
7 3
31 1 11 2 7 3 11 
4 1 2 2 5 3 2 
24 1 3 2 11 3 4 
21 1 7 2 7 3 4 
13 1 2 2 1 3 1 
40 1 3 2 4 3 1 
44 1 2 2 2 3 7 

2 2
1 2
10 1 7 2 1 
8 2
44 1 2 2 8 
20 1 43 2 5 
4 1 3 2 8 
14 1 14 2 6 
5 1 11 2 3 
25 1 9 2 6 
23 1 4 2 18 
31 1 38 2 11 

3 1
9 1
27 1 17 
48 1 21 
24 1 24 
19 1 29 
4 1 48 
12 1 12 
40 1 26 
20 1 26 
39 1 7 
1 1
26 1 21 
3 1
22 1 29 
21 1 11 
43 1 40 

4 1
10 1
47 1 27 
22 1 38 
44 1 20 
5 1 9 
40 1 49 
27 1 7 
49 1 48 
28 1 38 
26 1 10 
14 1 19 
2 1
32 1 33 
3 1 29 
2 1
4 1 14 
25 1 9 
1 1
2 1 43 

5 5
2 5
37 1 2 2 1 3 1 4 2 5 2 
39 1 4 2 4 3 4 4 4 5 1 
4 1
19 3 3 
47 3 6 
16 3 1 
26 3 6 
2 2
44 2 2 3 16 
50 2 11 3 2 
10 1
40 5 1 
9 5 3 
22 5 1 
29 5 3 
31 5 1 
1 5 3 
21 5 7 
5 5 3 
45 5 11 
4 5 3 
9 2
24 1 3 2 2 
17 1 20 2 2 
7 1 2 2 2 
2 1 2 2 1 
12 1 3 2 27 
6 1 11 2 9 
48 1 20 2 2 
10 1 8 2 19 
46 1 2 2 1 

3 1
10 1
6 1 41 
42 1 38 
7 1 7 
24 1 14 
10 1 30 
25 1 13 
5 1 22 
23 1 27 
1 1 36 
37 1 10 
6 1
26 1 42 
9 1 41 
17 1 44 
40 1 40 
19 1 16 
4 1 11 
9 1
41 1 20 
34 1 11 
8 1 24 
31 1 23 
21 1 39 
43 1 16 
45 1 20 
48 1 41 
35 1 46 

2 1
9 1
16 1 7 
45 1 10 
4 1 10 
18 1 46 
42 1 24 
28 1 36 
39 1 10 
26 1 46 
2 1 47 
8 1
21 1 28 
15 1 13 
33 1 44 
19 1 22 
30 1 46 
43 1 47 
37 1 24 
38 1 45 


15
4 1
9 1
33 1 28 
46 1 26 
7 1 25 
3 1 19 
32 1 6 
41 1 12 
49 1 35 
47 1 24 
10 1 30 
9 1
23 1 17 
1 1 27 
39 1 16 
36 1 41 
9 1 29 
2 1 49 
42 1 41 
43 1 20 
12 1 11 
2 1
38 1 16 
4 1 44 
5 1
20 1 18 
6 1 44 
16 1 48 
15 1 39 
40 1 15 

5 3
3 3
8 1 9 2 19 3 3 
19 1 24 2 1 3 7 
41 1 2 2 3 3 1 
6 3
48 1 20 2 23 3 6 
44 1 29 2 5 3 3 
37 1 15 2 5 3 21 
34 1 2 2 23 3 6 
1 1 4 2 2 3 3 
39 1 3 2 26 3 20 
7 1
31 3 21 
24 3 4 
45 3 6 
33 3 13 
38 3 19 
29 3 12 
17 3 16 
2 3
28 1 14 2 6 3 18 
18 1 2 2 11 3 3 
10 1
32 3 1 
49 3 2 
13 3 17 
26 3 1 
3 3 3 
36 3 5 
11 3 3 
27 3 10 
14 3 1 
47 3 15 

3 3
10 3
16 1 13 2 9 3 9 
6 1 19 2 14 3 4 
1 1 2 2 25 3 2 
25 1 20 2 2 3 10 
24 1 8 2 1 3 3 
27 1 8 2 8 3 2 
29 1 6 2 22 3 18 
44 1 15 2 4 3 14 
36 1 18 2 15 3 2 
31 1 5 2 5 3 14 
4 1
21 1 3 
42 1 8 
13 1 14 
10 1 3 
9 2
49 1 9 2 11 
26 1 10 2 10 
38 1 23 2 8 
32 1 3 2 5 
19 1 2 2 2 
37 1 12 2 15 
20 1 7 2 7 
4 1 6 2 8 
9 1 2 2 2 

1 1
3 1
5 1 21 
43 1 15 
36 1 41 

3 1
5 1
29 1 12 
32 1 16 
44 1 36 
19 1 44 
16 1 38 
3 1
17 1 21 
50 1 39 
14 1 46 
3 1
35 1 17 
26 1 33 
30 1 16 

1 1
10 1
40 1 44 
47 1 23 
50 1 38 
21 1 21 
31 1 5 
7 1 47 
8 1 31 
45 1 41 
28 1 28 
41 1 13 

4 1
6 1
37 1 30 
16 1 46 
21 1 41 
46 1 10 
35 1 38 
9 1 40 
10 1
26 1 7 
15 1 43 
42 1 5 
32 1 45 
22 1 30 
50 1 7 
48 1 45 
41 1 33 
20 1 5 
6 1 28 
4 1
14 1 26 
25 1 25 
7 1 33 
2 1 13 
4 1
45 1 47 
29 1 39 
44 1 13 
28 1 12 

4 4
5 4
32 1 5 2 14 3 3 4 1 
23 1 2 2 1 3 2 4 1 
5 1 17 2 6 3 9 4 3 
39 1 2 2 2 3 1 4 1 
43 1 18 2 5 3 2 4 1 
1 1
48 3 3 
8 1
26 2 3 
41 2 5 
20 2 2 
35 2 1 
36 2 3 
6 2 12 
24 2 1 
13 2 3 
3 2
17 1 6 2 7 
15 1 3 2 4 
18 1 4 2 13 

1 1
8 1
43 1 31 
12 1 22 
42 1 36 
47 1 35 
16 1 5 
45 1 41 
30 1 14 
35 1 17 

3 3
1 2
13 2 5 3 5 
4 1
39 2 2 
9 2 11 
3 2 11 
38 2 8 
2 3
32 1 6 2 9 3 7 
18 1 3 2 6 3 2 

3 2
7 2
34 1 6 2 41 
31 1 3 2 13 
45 1 27 2 11 
16 1 5 2 6 
10 1 8 2 9 
25 1 12 2 37 
50 1 16 2 19 
7 1
38 1 15 
33 1 12 
27 1 3 
47 1 25 
42 1 14 
23 1 3 
29 1 12 
3 2
43 1 7 2 14 
26 1 2 2 24 
17 1 10 2 33 

3 3
2 3
35 1 17 2 2 3 2 
5 1 18 2 3 3 1 
9 1
29 3 10 
36 3 1 
41 3 2 
38 3 9 
15 3 20 
42 3 25 
1 3 22 
44 3 3 
4 3 1 
9 3
25 1 23 2 10 3 5 
32 1 28 2 9 3 6 
18 1 19 2 8 3 3 
27 1 5 2 24 3 9 
8 1 3 2 7 3 2 
21 1 10 2 2 3 1 
12 1 4 2 2 3 5 
31 1 17 2 5 3 3 
2 1 2 2 2 3 9 

5 1
10 1
28 1 25 
13 1 36 
42 1 42 
24 1 34 
29 1 24 
48 1 18 
26 1 16 
23 1 27 
47 1 15 
33 1 11 
1 1
18 1 48 
2 1
4 1 34 
35 1 47 
10 1
44 1 13 
45 1 9 
37 1 16 
7 1 47 
3 1 44 
41 1 9 
34 1 47 
36 1 30 
39 1 20 
17 1 46 
6 1
6 1 38 
27 1 18 
12 1 48 
22 1 7 
40 1 36 
38 1 18 

2 2
8 2
22 1 4 2 22 
46 1 8 2 18 
41 1 2 2 5 
17 1 6 2 33 
25 1 30 2 13 
39 1 29 2 3 
50 1 27 2 5 
29 1 28 2 20 
4 2
47 1 10 2 7 
43 1 7 2 7 
2 1 6 2 10 
7 1 11 2 7 

4 4
3 2
47 1 5 2 32 
11 1 5 2 3 
41 1 3 2 3 
2 1
26 1 2 
34 1 3 
7 1
40 4 17 
1 4 6 
36 4 8 
39 4 2 
2 4 7 
4 4 5 
9 4 5 
1 4
3 1 6 2 2 3 3 4 10 


15
4 3
10 3
13 1 2 2 16 3 16 
29 1 3 2 6 3 1 
17 1 31 2 4 3 6 
18 1 4 2 21 3 14 
32 1 13 2 7 3 8 
46 1 26 2 9 3 7 
38 1 5 2 2 3 1 
6 1 7 2 6 3 7 
47 1 2 2 43 3 1 
24 1 6 2 6 3 24 
7 2
25 1 5 2 20 
20 1 6 2 16 
21 1 2 2 23 
14 1 5 2 4 
34 1 19 2 9 
33 1 16 2 5 
7 1 8 2 7 
10 1
44 2 4 
41 2 3 
15 2 1 
36 2 2 
19 2 31 
49 2 8 
9 2 25 
37 2 18 
27 2 7 
2 2 8 
7 3
8 1 3 2 2 3 2 
35 1 4 2 3 3 2 
39 1 19 2 19 3 1 
45 1 21 2 4 3 2 
40 1 16 2 24 3 8 
1 1 21 2 5 3 15 
48 1 2 2 2 3 3 

5 2
2 1
46 2 4 
39 2 27 
10 2
7 1 11 2 5 
8 1 5 2 27 
2 1 6 2 8 
37 1 17 2 31 
14 1 2 2 5 
49 1 11 2 5 
23 1 3 2 38 
19 1 27 2 10 
31 1 2 2 33 
5 1 9 2 8 
6 2
44 1 6 2 31 
15 1 5 2 11 
48 1 24 2 3 
24 1 11 2 29 
29 1 4 2 43 
6 1 6 2 3 
4 2
17 1 16 2 1 
42 1 8 2 5 
40 1 4 2 6 
47 1 6 2 31 
6 2
43 1 13 2 3 
28 1 13 2 6 
9 1 7 2 19 
3 1 32 2 10 
30 1 4 2 8 
34 1 21 2 25 

1 1
6 1
45 1 38 
10 1 11 
14 1 10 
42 1 27 
16 1 23 
50 1 37 

3 2
7 2
17 1 2 2 12 
20 1 8 2 6 
23 1 10 2 18 
11 1 24 2 15 
22 1 10 2 2 
35 1 24 2 11 
2 1 17 2 23 
2 2
1 1 22 2 22 
4 1 19 2 4 
3 1
6 2 9 
43 2 7 
29 2 14 

4 2
1 1
45 1 12 
9 2
40 1 5 2 7 
25 1 3 2 2 
21 1 27 2 19 
12 1 21 2 4 
44 1 5 2 13 
38 1 10 2 7 
43 1 21 2 7 
18 1 6 2 15 
35 1 5 2 5 
2 1
49 1 5 
20 1 12 
9 2
48 1 5 2 7 
3 1 15 2 16 
34 1 7 2 33 
37 1 12 2 33 
46 1 32 2 7 
27 1 10 2 8 
33 1 2 2 35 
1 1 27 2 11 
23 1 14 2 28 

4 2
3 1
24 2 25 
8 2 10 
14 2 1 
3 2
41 1 28 2 19 
40 1 6 2 21 
36 1 35 2 2 
9 1
45 2 12 
23 2 18 
49 2 23 
31 2 13 
50 2 3 
22 2 7 
12 2 1 
17 2 1 
10 2 38 
6 2
15 1 46 2 2 
43 1 22 2 25 
26 1 18 2 3 
20 1 32 2 16 
35 1 9 2 9 
5 1 3 2 20 

4 1
6 1
24 1 23 
12 1 9 
33 1 35 
17 1 6 
15 1 26 
8 1 47 
8 1
1 1 13 
6 1 14 
3 1 5 
42 1 29 
37 1 41 
36 1 13 
35 1 22 
47 1 7 
1 1
41 1 48 
2 1
22 1 24 
19 1 23 

4 2
1 1
25 1 28 
10 1
15 1 23 
30 1 15 
42 1 24 
10 1 25 
5 1 10 
34 1 10 
40 1 21 
41 1 6 
7 1 27 
31 1 15 
1 2
50 1 13 2 8 
10 2
11 1 3 2 13 
44 1 9 2 28 
2 1 23 2 4 
20 1 16 2 7 
29 1 9 2 6 
28 1 15 2 1 
48 1 7 2 6 
3 1 13 2 2 
1 1 9 2 18 
35 1 8 2 20 

5 2
2 1
43 2 13 
12 2 30 
4 1
3 2 3 
18 2 28 
44 2 15 
2 2 13 
4 2
36 1 26 2 10 
29 1 15 2 6 
28 1 17 2 7 
24 1 16 2 1 
10 2
49 1 14 2 6 
14 1 29 2 3 
20 1 13 2 3 
39 1 21 2 8 
41 1 5 2 25 
30 1 5 2 11 
6 1 23 2 25 
37 1 36 2 9 
48 1 33 2 15 
38 1 25 2 13 
7 2
19 1 12 2 4 
15 1 37 2 1 
45 1 3 2 10 
10 1 14 2 10 
4 1 10 2 14 
22 1 4 2 2 
40 1 15 2 5 

2 1
7 1
8 1 17 
22 1 9 
14 1 41 
4 1 45 
29 1 5 
24 1 28 
49 1 15 
9 1
35 1 10 
34 1 34 
36 1 9 
28 1 29 
26 1 10 
1 1 39 
48 1 19 
42 1 42 
16 1 8 

3 2
1 1
49 2 15 
3 2
34 1 5 2 10 
19 1 36 2 3 
45 1 8 2 8 
9 1
39 2 5 
5 2 3 
30 2 30 
47 2 3 
48 2 17 
8 2 1 
10 2 5 
9 2 4 
16 2 7 

5 2
1 2
25 1 32 2 13 
5 1
30 2 1 
1 2 20 
7 2 5 
31 2 1 
48 2 19 
4 1
39 1 31 
14 1 2 
16 1 5 
17 1 23 
10 1
15 1 6 
5 1 20 
2 1 9 
12 1 5 
41 1 41 
44 1 15 
4 1 2 
37 1 9 
50 1 18 
35 1 9 
7 2
34 1 10 2 15 
38 1 37 2 9 
36 1 12 2 14 
18 1 8 2 21 
8 1 37 2 9 
19 1 37 2 7 
45 1 23 2 2 

3 2
6 1
40 1 10 
8 1 9 
1 1 15 
9 1 4 
42 1 10 
24 1 5 
7 1
50 1 12 
5 1 11 
6 1 2 
45 1 9 
32 1 5 
49 1 16 
35 1 4 
5 2
33 1 2 2 5 
7 1 14 2 7 
10 1 16 2 10 
23 1 5 2 4 
12 1 9 2 20 

2 2
2 2
13 1 5 2 7 
46 1 14 2 3 
10 2
50 1 41 2 6 
24 1 32 2 7 
3 1 3 2 19 
34 1 3 2 4 
43 1 5 2 8 
40 1 10 2 7 
44 1 14 2 21 
47 1 10 2 10 
25 1 16 2 13 
19 1 2 2 10 

2 1
3 1
19 1 9 
29 1 40 
36 1 10 
8 1
15 1 31 
10 1 40 
11 1 39 
30 1 47 
26 1 17 
46 1 22 
39 1 27 
41 1 42 


15
5 3
1 3
8 1 17 2 17 3 1 
3 1
39 2 23 
16 2 4 
7 2 3 
8 3
15 1 5 2 1 3 7 
35 1 9 2 3 3 2 
36 1 6 2 4 3 1 
1 1 5 2 2 3 2 
40 1 25 2 3 3 2 
25 1 13 2 9 3 18 
19 1 9 2 25 3 2 
22 1 2 2 13 3 6 
4 1
42 3 2 
31 3 1 
18 3 17 
12 3 3 
5 1
32 3 6 
49 3 17 
44 3 6 
23 3 2 
34 3 1 

3 3
6 3
33 1 2 2 2 3 1 
47 1 4 2 4 3 1 
31 1 15 2 20 3 9 
13 1 28 2 3 3 1 
2 1 2 2 2 3 2 
43 1 30 2 4 3 3 
5 1
3 3 4 
48 3 5 
49 3 7 
1 3 14 
25 3 6 
10 2
30 2 4 3 29 
50 2 11 3 5 
42 2 9 3 2 
16 2 5 3 23 
40 2 19 3 8 
23 2 28 3 17 
6 2 3 3 25 
32 2 2 3 26 
17 2 5 3 8 
12 2 3 3 1 

2 2
5 1
46 2 16 
20 2 2 
10 2 6 
7 2 6 
19 2 2 
9 2
36 1 9 2 23 
27 1 4 2 14 
1 1 15 2 16 
5 1 34 2 15 
31 1 24 2 2 
16 1 40 2 6 
30 1 15 2 2 
28 1 20 2 7 
29 1 5 2 17 

1 1
10 1
38 1 38 
34 1 35 
4 1 23 
32 1 25 
40 1 23 
11 1 40 
20 1 33 
25 1 38 
3 1 37 
2 1 11 

5 2
2 2
12 1 7 2 14 
21 1 3 2 6 
7 1
30 1 5 
25 1 12 
45 1 25 
6 1 14 
13 1 23 
4 1 4 
15 1 44 
2 1
43 1 21 
49 1 2 
10 2
7 1 2 2 37 
33 1 33 2 8 
9 1 30 2 9 
38 1 28 2 9 
31 1 36 2 7 
20 1 3 2 16 
29 1 35 2 9 
39 1 18 2 15 
22 1 3 2 9 
40 1 6 2 1 
2 1
26 1 7 
28 1 14 

4 4
2 2
50 2 4 3 6 
14 2 4 3 1 
9 1
32 3 2 
47 3 2 
18 3 5 
19 3 3 
10 3 1 
36 3 8 
48 3 3 
45 3 1 
15 3 2 
5 4
3 1 2 2 1 3 3 4 6 
29 1 2 2 2 3 1 4 1 
16 1 9 2 13 3 1 4 15 
37 1 9 2 5 3 21 4 7 
21 1 2 2 3 3 2 4 1 
9 2
9 3 18 4 4 
35 3 2 4 7 
49 3 7 4 3 
46 3 4 4 2 
20 3 4 4 11 
23 3 12 4 11 
33 3 6 4 5 
28 3 2 4 3 
24 3 2 4 2 

5 4
10 1
2 2 3 
17 2 6 
7 2 1 
39 2 5 
38 2 2 
46 2 8 
20 2 10 
43 2 4 
24 2 2 
33 2 2 
6 1
3 1 4 
15 1 5 
40 1 3 
10 1 2 
5 1 29 
1 1 2 
6 2
47 2 3 3 1 
21 2 4 3 6 
42 2 14 3 2 
37 2 1 3 2 
22 2 2 3 23 
13 2 2 3 1 
9 4
50 1 4 2 4 3 1 4 1 
12 1 10 2 10 3 21 4 7 
49 1 2 2 13 3 7 4 7 
28 1 2 2 1 3 2 4 3 
23 1 7 2 8 3 5 4 13 
26 1 6 2 5 3 12 4 1 
16 1 23 2 1 3 2 4 4 
48 1 9 2 13 3 6 4 6 
31 1 3 2 5 3 17 4 1 
2 1
32 4 17 
45 4 4 

3 3
2 2
33 1 3 2 3 
29 1 8 2 6 
9 1
1 2 2 
32 2 3 
7 2 3 
36 2 2 
6 2 9 
8 2 25 
17 2 2 
26 2 13 
27 2 10 
9 3
38 1 7 2 2 3 5 
31 1 16 2 9 3 5 
19 1 14 2 12 3 1 
28 1 4 2 3 3 2 
41 1 10 2 5 3 25 
45 1 9 2 8 3 4 
16 1 12 2 5 3 12 
40 1 11 2 10 3 15 
43 1 15 2 5 3 7 

4 3
9 3
34 1 27 2 14 3 3 
28 1 2 2 16 3 10 
41 1 15 2 15 3 2 
32 1 5 2 4 3 6 
44 1 20 2 7 3 10 
48 1 17 2 13 3 5 
9 1 3 2 2 3 4 
27 1 11 2 12 3 19 
1 1 4 2 1 3 1 
5 2
26 2 39 3 4 
7 2 8 3 3 
8 2 13 3 3 
35 2 8 3 23 
43 2 3 3 2 
1 1
37 3 9 
3 2
12 1 13 2 1 
45 1 2 2 32 
2 1 9 2 6 

2 2
4 1
49 2 5 
3 2 15 
8 2 33 
34 2 6 
6 2
4 1 13 2 26 
7 1 19 2 5 
36 1 45 2 1 
40 1 29 2 20 
41 1 5 2 1 
45 1 14 2 31 

4 4
8 4
12 1 13 2 3 3 5 4 10 
21 1 3 2 3 3 15 4 16 
9 1 7 2 3 3 2 4 10 
5 1 2 2 3 3 5 4 1 
48 1 5 2 8 3 2 4 3 
42 1 8 2 3 3 2 4 3 
36 1 6 2 7 3 4 4 21 
6 1 6 2 7 3 7 4 8 
7 2
43 3 4 4 16 
11 3 3 4 2 
27 3 7 4 2 
25 3 1 4 1 
7 3 6 4 20 
1 3 2 4 1 
16 3 1 4 3 
8 2
29 1 4 2 3 
24 1 6 2 6 
23 1 4 2 4 
32 1 3 2 7 
40 1 2 2 5 
15 1 9 2 10 
47 1 4 2 8 
10 1 8 2 12 
1 2
49 3 6 4 6 

3 2
4 1
28 2 12 
40 2 2 
18 2 10 
2 2 19 
3 2
15 1 5 2 11 
22 1 3 2 23 
44 1 25 2 1 
5 1
12 2 2 
36 2 7 
17 2 43 
32 2 8 
7 2 20 

2 2
9 2
30 1 24 2 25 
29 1 36 2 2 
16 1 2 2 5 
39 1 27 2 5 
27 1 5 2 18 
43 1 13 2 27 
32 1 31 2 17 
5 1 10 2 33 
42 1 13 2 9 
2 1
3 2 3 
4 2 32 

3 2
3 2
44 1 20 2 13 
49 1 6 2 6 
25 1 9 2 20 
9 2
45 1 34 2 4 
42 1 8 2 16 
31 1 3 2 5 
43 1 26 2 6 
19 1 20 2 7 
15 1 11 2 22 
47 1 13 2 5 
33 1 25 2 5 
8 1 14 2 17 
9 2
28 1 21 2 3 
12 1 7 2 15 
35 1 13 2 2 
40 1 3 2 12 
48 1 5 2 22 
21 1 36 2 10 
17 1 8 2 22 
6 1 3 2 2 
14 1 9 2 37 

2 1
6 1
34 1 12 
46 1 44 
26 1 42 
39 1 39 
35 1 20 
27 1 45 
3 1
49 1 20 
20 1 45 
4 1 35 


