10 20 100 2 2

10
2 1
3 1
11 1 29 
13 1 41 
6 1 42 
3 1
3 1 48 
8 1 37 
2 1 28 

1 1
6 1
4 1 44 
5 1 44 
1 1 26 
18 1 35 
7 1 20 
16 1 19 

1 1
1 1
12 1 30 

1 1
10 1
9 1 26 
8 1 21 
20 1 48 
7 1 38 
14 1 48 
15 1 32 
19 1 9 
1 1 10 
16 1 40 
13 1 38 

1 1
3 1
19 1 7 
16 1 21 
13 1 19 

1 1
2 1
13 1 20 
15 1 35 

2 2
9 2
1 1 8 2 5 
13 1 31 2 14 
19 1 19 2 9 
4 1 8 2 22 
10 1 20 2 27 
5 1 7 2 35 
15 1 8 2 14 
17 1 6 2 6 
3 1 15 2 3 
7 1
2 1 28 
14 1 7 
18 1 4 
16 1 35 
6 1 28 
20 1 11 
12 1 8 

2 2
10 1
5 1 4 
19 1 8 
11 1 2 
6 1 5 
2 1 23 
7 1 28 
20 1 22 
16 1 5 
1 1 25 
4 1 15 
9 2
15 1 2 2 42 
13 1 4 2 8 
18 1 10 2 23 
17 1 6 2 1 
14 1 5 2 4 
12 1 3 2 14 
3 1 9 2 28 
8 1 3 2 4 
9 1 22 2 25 

1 1
2 1
3 1 27 
18 1 34 

1 1
7 1
18 1 13 
9 1 22 
10 1 43 
4 1 24 
16 1 46 
1 1 28 
3 1 31 


10
2 1
6 1
4 1 45 
16 1 13 
12 1 13 
8 1 13 
7 1 7 
15 1 45 
3 1
10 1 16 
14 1 16 
17 1 16 

1 1
9 1
11 1 6 
7 1 40 
14 1 32 
17 1 30 
2 1 30 
18 1 48 
13 1 5 
12 1 39 
10 1 24 

1 1
9 1
8 1 13 
11 1 37 
18 1 38 
2 1 31 
3 1 13 
13 1 12 
1 1 22 
5 1 42 
19 1 8 

1 1
7 1
14 1 14 
15 1 42 
10 1 18 
8 1 45 
11 1 31 
19 1 19 
3 1 23 

2 1
3 1
1 1 26 
4 1 6 
3 1 5 
10 1
9 1 23 
14 1 16 
16 1 20 
18 1 6 
10 1 17 
5 1 11 
13 1 34 
2 1 14 
6 1 28 
11 1 13 

2 2
9 1
9 2 11 
11 2 6 
20 2 12 
13 2 9 
18 2 5 
17 2 32 
1 2 22 
12 2 17 
6 2 17 
3 2
5 1 3 2 11 
16 1 13 2 26 
10 1 3 2 2 

1 1
3 1
7 1 44 
17 1 39 
15 1 49 

1 1
4 1
2 1 38 
1 1 12 
16 1 46 
15 1 15 

2 2
1 1
12 2 35 
6 2
20 1 10 2 6 
13 1 37 2 10 
15 1 2 2 6 
7 1 46 2 3 
16 1 3 2 17 
14 1 13 2 21 

2 2
1 2
13 1 2 2 4 
1 1
2 2 25 


10
2 2
7 2
2 1 16 2 9 
20 1 33 2 3 
1 1 6 2 7 
15 1 3 2 22 
10 1 8 2 26 
7 1 35 2 14 
5 1 5 2 5 
4 1
14 2 9 
12 2 11 
16 2 21 
9 2 1 

2 2
3 2
18 1 35 2 7 
13 1 27 2 6 
20 1 26 2 23 
3 1
6 1 18 
16 1 21 
2 1 41 

2 1
5 1
17 1 14 
14 1 40 
4 1 16 
15 1 29 
12 1 16 
4 1
1 1 7 
7 1 37 
9 1 45 
11 1 48 

2 1
5 1
8 1 17 
17 1 38 
7 1 36 
1 1 37 
5 1 44 
2 1
15 1 28 
12 1 13 

2 1
9 1
19 1 17 
4 1 16 
1 1 31 
3 1 37 
18 1 29 
12 1 37 
7 1 24 
10 1 5 
17 1 21 
3 1
5 1 11 
6 1 33 
15 1 40 

2 2
2 1
2 1 2 
15 1 11 
4 2
12 1 14 2 20 
6 1 7 2 19 
16 1 4 2 3 
9 1 2 2 35 

1 1
4 1
20 1 30 
12 1 32 
11 1 45 
16 1 38 

2 1
2 1
1 1 30 
12 1 36 
1 1
9 1 6 

2 1
10 1
2 1 26 
16 1 26 
5 1 35 
19 1 32 
6 1 32 
11 1 22 
1 1 33 
17 1 28 
3 1 42 
18 1 16 
3 1
9 1 24 
7 1 37 
10 1 34 

1 1
4 1
4 1 30 
2 1 25 
9 1 34 
18 1 48 


10
1 1
3 1
5 1 32 
9 1 49 
19 1 31 

1 1
4 1
15 1 12 
9 1 20 
3 1 7 
4 1 17 

1 1
7 1
14 1 33 
8 1 31 
1 1 10 
11 1 47 
2 1 13 
7 1 45 
9 1 42 

1 1
1 1
10 1 13 

1 1
9 1
20 1 40 
14 1 8 
9 1 44 
4 1 10 
6 1 46 
18 1 9 
1 1 6 
10 1 44 
17 1 46 

1 1
4 1
17 1 15 
19 1 7 
4 1 7 
20 1 23 

2 1
3 1
1 1 25 
7 1 20 
13 1 40 
3 1
17 1 24 
19 1 18 
9 1 14 

2 2
4 1
8 2 6 
18 2 6 
7 2 5 
11 2 42 
8 2
19 1 22 2 15 
4 1 6 2 12 
2 1 8 2 15 
14 1 2 2 41 
9 1 2 2 5 
20 1 12 2 9 
1 1 16 2 7 
5 1 16 2 16 

2 2
4 1
18 1 8 
15 1 19 
5 1 36 
7 1 6 
1 2
6 1 14 2 2 

1 1
8 1
2 1 23 
13 1 9 
4 1 9 
15 1 26 
18 1 36 
16 1 30 
8 1 5 
19 1 38 


10
2 2
4 2
18 1 2 2 24 
13 1 29 2 15 
9 1 25 2 20 
15 1 23 2 14 
9 2
5 1 16 2 14 
17 1 44 2 2 
19 1 9 2 2 
2 1 4 2 1 
3 1 5 2 15 
10 1 4 2 15 
12 1 3 2 6 
7 1 46 2 2 
14 1 22 2 21 

1 1
6 1
14 1 38 
16 1 17 
13 1 41 
20 1 38 
2 1 28 
3 1 16 

1 1
2 1
4 1 40 
16 1 10 

1 1
6 1
15 1 30 
5 1 28 
13 1 18 
8 1 8 
9 1 18 
6 1 11 

1 1
8 1
16 1 5 
7 1 26 
5 1 49 
6 1 28 
4 1 22 
12 1 17 
15 1 43 
13 1 34 

1 1
7 1
2 1 32 
19 1 49 
14 1 6 
12 1 28 
16 1 24 
4 1 16 
11 1 47 

1 1
8 1
4 1 45 
1 1 6 
12 1 5 
14 1 35 
9 1 7 
18 1 23 
17 1 37 
19 1 29 

2 1
10 1
8 1 48 
18 1 38 
12 1 13 
16 1 10 
10 1 7 
13 1 20 
19 1 40 
4 1 25 
7 1 12 
14 1 47 
8 1
17 1 49 
1 1 22 
2 1 19 
6 1 32 
15 1 23 
20 1 19 
9 1 30 
5 1 15 

1 1
7 1
18 1 40 
9 1 46 
17 1 22 
5 1 38 
8 1 24 
12 1 23 
7 1 41 

1 1
2 1
8 1 34 
3 1 7 


10
2 1
3 1
14 1 44 
8 1 18 
16 1 16 
10 1
4 1 7 
7 1 35 
10 1 44 
6 1 29 
15 1 7 
1 1 36 
12 1 32 
13 1 13 
17 1 14 
19 1 47 

2 2
2 2
19 1 25 2 5 
4 1 9 2 6 
1 1
15 2 5 

2 1
10 1
2 1 48 
14 1 5 
5 1 23 
15 1 44 
8 1 10 
19 1 32 
6 1 22 
12 1 15 
1 1 34 
3 1 7 
6 1
20 1 23 
9 1 17 
17 1 39 
18 1 37 
11 1 28 
16 1 49 

2 1
10 1
17 1 29 
16 1 15 
6 1 45 
5 1 5 
2 1 20 
1 1 49 
19 1 18 
4 1 21 
15 1 48 
14 1 41 
7 1
11 1 30 
7 1 38 
3 1 20 
13 1 31 
12 1 41 
8 1 18 
10 1 14 

1 1
1 1
9 1 5 

2 1
6 1
7 1 5 
16 1 47 
1 1 38 
3 1 20 
18 1 42 
6 1 13 
2 1
2 1 27 
12 1 30 

1 1
4 1
13 1 16 
3 1 17 
16 1 20 
15 1 45 

2 1
4 1
2 1 34 
8 1 24 
14 1 49 
1 1 22 
2 1
7 1 13 
4 1 42 

1 1
7 1
3 1 14 
1 1 20 
7 1 17 
8 1 7 
18 1 35 
13 1 28 
17 1 16 

2 1
3 1
3 1 35 
4 1 6 
15 1 19 
2 1
19 1 6 
20 1 37 


10
1 1
4 1
15 1 7 
19 1 9 
3 1 8 
5 1 22 

2 2
9 2
19 1 48 2 1 
2 1 10 2 18 
14 1 10 2 3 
1 1 29 2 2 
10 1 33 2 9 
9 1 11 2 3 
3 1 14 2 15 
20 1 2 2 3 
15 1 40 2 9 
8 1
7 2 9 
11 2 20 
5 2 33 
8 2 3 
18 2 38 
16 2 24 
6 2 6 
13 2 6 

2 2
5 2
20 1 22 2 10 
14 1 4 2 1 
9 1 4 2 4 
10 1 5 2 24 
7 1 9 2 9 
10 1
6 2 6 
12 2 29 
3 2 3 
16 2 8 
8 2 13 
13 2 17 
5 2 2 
2 2 22 
11 2 7 
17 2 8 

1 1
10 1
9 1 15 
4 1 42 
18 1 46 
6 1 16 
1 1 37 
3 1 48 
5 1 44 
17 1 18 
12 1 43 
19 1 12 

1 1
5 1
13 1 42 
2 1 23 
14 1 36 
8 1 16 
18 1 33 

1 1
8 1
2 1 23 
4 1 7 
15 1 49 
20 1 29 
10 1 47 
14 1 25 
6 1 14 
7 1 19 

2 1
8 1
5 1 34 
14 1 11 
3 1 49 
11 1 45 
9 1 48 
17 1 26 
15 1 11 
8 1 40 
10 1
10 1 47 
7 1 31 
1 1 49 
16 1 42 
13 1 24 
12 1 49 
2 1 46 
20 1 21 
4 1 20 
18 1 13 

1 1
3 1
9 1 33 
7 1 39 
17 1 33 

1 1
8 1
9 1 7 
15 1 27 
12 1 34 
16 1 11 
1 1 32 
7 1 14 
18 1 31 
10 1 25 

2 1
5 1
13 1 40 
14 1 22 
15 1 13 
5 1 26 
17 1 43 
10 1
16 1 48 
19 1 41 
1 1 45 
2 1 25 
10 1 30 
7 1 7 
11 1 27 
18 1 21 
4 1 28 
20 1 48 


10
2 2
8 1
19 1 13 
9 1 5 
16 1 17 
10 1 8 
6 1 10 
7 1 3 
3 1 8 
2 1 20 
5 2
15 1 36 2 12 
4 1 6 2 1 
18 1 7 2 3 
13 1 10 2 8 
17 1 29 2 8 

2 2
5 2
19 1 22 2 10 
10 1 26 2 15 
11 1 4 2 1 
7 1 15 2 30 
6 1 24 2 2 
8 2
12 1 30 2 4 
3 1 19 2 2 
15 1 25 2 18 
13 1 6 2 5 
16 1 12 2 16 
17 1 19 2 22 
4 1 14 2 23 
9 1 5 2 38 

1 1
2 1
18 1 22 
11 1 21 

1 1
5 1
20 1 9 
10 1 35 
17 1 45 
16 1 35 
8 1 10 

1 1
8 1
15 1 37 
20 1 8 
3 1 25 
4 1 43 
19 1 45 
1 1 47 
18 1 12 
7 1 9 

2 1
2 1
4 1 31 
14 1 8 
9 1
10 1 9 
11 1 39 
12 1 28 
6 1 19 
5 1 36 
9 1 41 
19 1 40 
7 1 39 
2 1 23 

2 2
8 2
15 1 7 2 18 
4 1 10 2 4 
17 1 19 2 14 
14 1 12 2 3 
7 1 18 2 27 
13 1 36 2 6 
1 1 41 2 1 
6 1 2 2 36 
3 1
12 2 5 
20 2 11 
2 2 9 

2 1
2 1
20 1 14 
3 1 37 
10 1
4 1 11 
18 1 48 
15 1 27 
14 1 36 
1 1 33 
13 1 40 
11 1 44 
17 1 44 
7 1 21 
8 1 26 

1 1
2 1
15 1 20 
10 1 20 

2 2
8 2
16 1 14 2 7 
12 1 19 2 9 
9 1 19 2 20 
10 1 4 2 42 
4 1 8 2 17 
5 1 42 2 4 
14 1 29 2 5 
20 1 24 2 21 
3 1
15 1 4 
6 1 7 
13 1 4 


10
1 1
7 1
20 1 12 
11 1 18 
5 1 13 
13 1 29 
17 1 11 
3 1 11 
6 1 41 

2 1
3 1
8 1 10 
7 1 39 
5 1 8 
5 1
12 1 39 
4 1 25 
14 1 48 
10 1 28 
1 1 44 

2 2
6 2
5 1 31 2 16 
10 1 16 2 2 
8 1 19 2 21 
18 1 23 2 15 
16 1 3 2 15 
7 1 18 2 12 
3 2
11 1 4 2 2 
1 1 21 2 9 
6 1 3 2 3 

1 1
7 1
4 1 44 
11 1 8 
18 1 11 
16 1 40 
12 1 40 
2 1 42 
19 1 13 

2 2
5 2
2 1 2 2 9 
5 1 22 2 3 
11 1 6 2 5 
18 1 11 2 30 
6 1 22 2 8 
9 1
20 2 2 
17 2 5 
9 2 17 
1 2 14 
13 2 17 
10 2 4 
4 2 43 
14 2 2 
12 2 31 

2 2
5 2
14 1 33 2 16 
2 1 2 2 4 
18 1 6 2 8 
3 1 20 2 5 
17 1 10 2 33 
3 2
5 1 2 2 8 
4 1 9 2 26 
20 1 9 2 2 

1 1
2 1
20 1 41 
10 1 18 

1 1
10 1
5 1 17 
3 1 47 
13 1 23 
10 1 47 
4 1 26 
2 1 17 
1 1 15 
12 1 35 
20 1 25 
15 1 16 

1 1
5 1
1 1 48 
3 1 13 
7 1 27 
12 1 35 
18 1 34 

1 1
6 1
10 1 35 
2 1 36 
7 1 8 
5 1 10 
4 1 48 
12 1 48 


10
2 1
10 1
1 1 48 
13 1 21 
2 1 16 
8 1 30 
17 1 18 
20 1 29 
4 1 31 
14 1 13 
11 1 33 
6 1 9 
10 1
9 1 27 
19 1 25 
12 1 44 
10 1 43 
7 1 33 
16 1 13 
3 1 48 
5 1 6 
15 1 11 
18 1 47 

2 2
9 1
13 2 4 
8 2 7 
17 2 29 
5 2 19 
10 2 13 
12 2 8 
20 2 7 
6 2 2 
4 2 33 
6 2
7 1 27 2 19 
16 1 2 2 39 
1 1 5 2 13 
15 1 29 2 12 
11 1 8 2 14 
3 1 2 2 4 

1 1
2 1
12 1 21 
11 1 26 

1 1
2 1
1 1 22 
9 1 47 

2 1
4 1
7 1 10 
17 1 44 
15 1 32 
19 1 33 
6 1
11 1 45 
18 1 23 
14 1 29 
3 1 30 
6 1 26 
2 1 32 

2 1
6 1
8 1 19 
2 1 38 
19 1 48 
16 1 7 
6 1 23 
13 1 10 
8 1
10 1 12 
20 1 17 
12 1 46 
9 1 13 
3 1 41 
7 1 17 
17 1 43 
14 1 8 

1 1
2 1
16 1 28 
13 1 6 

1 1
10 1
13 1 46 
18 1 25 
17 1 24 
19 1 10 
14 1 23 
10 1 39 
3 1 41 
7 1 28 
2 1 20 
5 1 33 

1 1
8 1
7 1 6 
19 1 24 
2 1 11 
15 1 28 
10 1 8 
8 1 11 
17 1 37 
12 1 47 

2 2
10 1
15 1 13 
14 1 18 
17 1 15 
11 1 24 
8 1 4 
2 1 15 
9 1 7 
6 1 8 
1 1 3 
7 1 15 
10 2
13 1 22 2 23 
16 1 15 2 16 
12 1 6 2 7 
19 1 4 2 26 
5 1 4 2 13 
3 1 8 2 33 
10 1 14 2 2 
18 1 22 2 25 
4 1 13 2 23 
20 1 21 2 11 


