10 20 100 2 2

10
1 1
7 1
10 1 36 
7 1 27 
16 1 39 
12 1 48 
2 1 26 
3 1 27 
4 1 5 

2 2
5 2
11 1 5 2 4 
7 1 11 2 9 
16 1 6 2 26 
12 1 14 2 7 
3 1 12 2 1 
8 2
10 1 25 2 3 
13 1 4 2 1 
12 1 21 2 14 
8 1 2 2 13 
3 1 6 2 34 
19 1 44 2 3 
2 1 17 2 14 
6 1 11 2 25 

2 2
4 1
15 1 8 
18 1 18 
9 1 9 
6 1 2 
5 2
11 1 12 2 12 
14 1 5 2 11 
13 1 3 2 25 
20 1 32 2 9 
9 1 15 2 29 

1 1
1 1
18 1 30 

2 2
7 1
9 2 4 
8 2 13 
5 2 1 
6 2 24 
18 2 4 
3 2 6 
19 2 5 
4 2
8 1 15 2 20 
7 1 14 2 24 
15 1 8 2 10 
9 1 9 2 10 

2 2
10 2
20 1 6 2 7 
1 1 13 2 26 
14 1 17 2 17 
19 1 27 2 4 
5 1 2 2 4 
12 1 31 2 6 
7 1 15 2 20 
16 1 4 2 20 
11 1 11 2 32 
15 1 24 2 13 
9 2
10 1 2 2 33 
3 1 6 2 41 
9 1 8 2 25 
8 1 18 2 10 
5 1 19 2 20 
17 1 10 2 6 
6 1 3 2 26 
19 1 4 2 1 
1 1 21 2 10 

2 2
5 1
13 2 5 
12 2 7 
14 2 20 
17 2 8 
19 2 19 
1 2
5 1 21 2 3 

2 1
8 1
5 1 44 
2 1 30 
4 1 48 
3 1 23 
10 1 35 
20 1 29 
8 1 7 
18 1 7 
7 1
16 1 12 
9 1 24 
8 1 12 
15 1 17 
5 1 36 
4 1 39 
6 1 22 

2 2
4 1
8 2 8 
10 2 1 
14 2 8 
5 2 21 
4 2
8 1 28 2 18 
18 1 17 2 6 
13 1 26 2 22 
20 1 12 2 6 

1 1
10 1
20 1 42 
2 1 6 
13 1 16 
1 1 38 
16 1 24 
5 1 39 
14 1 41 
8 1 8 
15 1 38 
10 1 35 


10
1 1
9 1
11 1 30 
7 1 40 
16 1 38 
14 1 43 
19 1 9 
4 1 8 
13 1 5 
5 1 5 
10 1 21 

2 2
4 2
1 1 23 2 3 
10 1 11 2 19 
14 1 10 2 18 
7 1 6 2 26 
4 2
5 1 27 2 7 
6 1 7 2 10 
17 1 9 2 15 
10 1 17 2 1 

1 1
5 1
11 1 8 
4 1 24 
14 1 20 
10 1 5 
12 1 29 

1 1
2 1
7 1 16 
2 1 14 

2 2
8 2
7 1 26 2 6 
13 1 38 2 6 
1 1 3 2 3 
14 1 4 2 4 
11 1 5 2 18 
20 1 34 2 14 
4 1 34 2 13 
3 1 3 2 40 
6 2
7 1 36 2 12 
15 1 2 2 8 
18 1 7 2 6 
6 1 5 2 15 
19 1 10 2 24 
4 1 11 2 11 

1 1
4 1
10 1 46 
2 1 15 
8 1 36 
16 1 18 

2 1
8 1
19 1 37 
6 1 15 
14 1 19 
3 1 20 
20 1 28 
9 1 13 
16 1 8 
17 1 34 
5 1
8 1 32 
6 1 11 
3 1 17 
9 1 36 
1 1 17 

1 1
5 1
6 1 33 
15 1 13 
20 1 11 
1 1 8 
13 1 47 

1 1
4 1
2 1 32 
7 1 44 
19 1 8 
8 1 48 

2 2
7 2
9 1 3 2 3 
18 1 14 2 34 
17 1 2 2 15 
13 1 17 2 9 
2 1 3 2 16 
7 1 14 2 26 
15 1 20 2 25 
10 1
15 1 18 
17 1 7 
11 1 20 
2 1 3 
16 1 39 
19 1 4 
6 1 22 
7 1 8 
3 1 11 
9 1 11 


10
1 1
4 1
14 1 41 
4 1 39 
11 1 27 
3 1 44 

1 1
6 1
8 1 45 
17 1 13 
11 1 22 
13 1 27 
4 1 14 
19 1 45 

2 1
6 1
14 1 5 
13 1 9 
12 1 7 
19 1 40 
1 1 9 
2 1 48 
5 1
7 1 45 
14 1 28 
12 1 34 
2 1 37 
19 1 13 

1 1
8 1
13 1 27 
5 1 20 
10 1 10 
8 1 13 
20 1 10 
9 1 11 
14 1 40 
17 1 14 

2 2
1 2
8 1 10 2 17 
6 1
17 2 14 
1 2 10 
9 2 4 
7 2 16 
14 2 9 
5 2 23 

1 1
8 1
12 1 9 
7 1 33 
1 1 5 
15 1 9 
10 1 22 
6 1 5 
2 1 25 
20 1 28 

1 1
7 1
13 1 6 
19 1 49 
15 1 43 
5 1 24 
14 1 7 
10 1 40 
11 1 29 

2 1
6 1
4 1 32 
11 1 49 
13 1 37 
3 1 48 
14 1 11 
6 1 49 
1 1
4 1 27 

2 2
1 2
13 1 17 2 19 
4 1
2 2 6 
9 2 1 
20 2 26 
16 2 15 

2 1
7 1
4 1 46 
10 1 33 
9 1 23 
3 1 26 
15 1 33 
11 1 49 
5 1 37 
3 1
15 1 14 
7 1 22 
2 1 42 


10
1 1
10 1
8 1 19 
2 1 39 
12 1 24 
18 1 28 
16 1 17 
4 1 25 
9 1 8 
10 1 31 
6 1 49 
3 1 15 

1 1
6 1
2 1 14 
9 1 6 
10 1 35 
1 1 29 
4 1 11 
13 1 37 

1 1
8 1
11 1 17 
8 1 36 
3 1 8 
18 1 49 
13 1 41 
20 1 23 
4 1 19 
14 1 23 

1 1
2 1
4 1 31 
7 1 15 

2 1
4 1
14 1 45 
10 1 6 
4 1 36 
11 1 15 
1 1
17 1 47 

2 1
8 1
5 1 9 
18 1 39 
17 1 23 
15 1 38 
9 1 14 
16 1 47 
1 1 11 
7 1 17 
10 1
11 1 34 
1 1 46 
18 1 14 
15 1 8 
16 1 28 
6 1 23 
9 1 36 
12 1 37 
13 1 48 
5 1 41 

2 1
1 1
19 1 38 
5 1
10 1 35 
7 1 17 
3 1 41 
20 1 18 
19 1 40 

1 1
6 1
20 1 37 
15 1 16 
18 1 15 
19 1 14 
13 1 6 
16 1 46 

1 1
2 1
1 1 28 
16 1 24 

1 1
2 1
19 1 33 
4 1 17 


10
1 1
1 1
14 1 25 

2 2
9 2
10 1 17 2 30 
20 1 28 2 4 
3 1 17 2 3 
11 1 2 2 34 
4 1 13 2 3 
8 1 34 2 9 
2 1 9 2 2 
12 1 12 2 29 
7 1 31 2 7 
6 2
17 1 8 2 9 
5 1 27 2 15 
14 1 2 2 20 
18 1 15 2 10 
15 1 17 2 9 
2 1 31 2 3 

1 1
3 1
17 1 44 
16 1 25 
20 1 34 

1 1
4 1
12 1 11 
2 1 37 
10 1 46 
18 1 19 

2 1
7 1
7 1 44 
8 1 18 
10 1 37 
3 1 19 
14 1 47 
9 1 31 
5 1 37 
3 1
8 1 33 
10 1 30 
2 1 19 

1 1
5 1
2 1 42 
10 1 5 
11 1 46 
7 1 29 
6 1 31 

2 1
1 1
14 1 43 
8 1
20 1 37 
1 1 20 
14 1 12 
15 1 34 
11 1 19 
16 1 14 
8 1 47 
9 1 7 

2 2
9 2
1 1 23 2 4 
12 1 14 2 5 
9 1 2 2 36 
17 1 5 2 12 
18 1 14 2 7 
4 1 5 2 31 
15 1 8 2 9 
5 1 39 2 2 
19 1 2 2 5 
7 2
8 1 24 2 4 
5 1 19 2 2 
18 1 12 2 12 
3 1 23 2 1 
15 1 9 2 10 
11 1 36 2 7 
1 1 6 2 5 

1 1
2 1
11 1 20 
9 1 17 

1 1
3 1
19 1 31 
20 1 49 
8 1 12 


10
2 1
1 1
6 1 36 
6 1
9 1 31 
10 1 41 
18 1 38 
3 1 45 
2 1 45 
6 1 24 

1 1
3 1
4 1 42 
12 1 25 
18 1 44 

2 1
7 1
6 1 28 
7 1 20 
18 1 27 
16 1 23 
2 1 22 
19 1 20 
10 1 49 
2 1
15 1 29 
5 1 27 

2 2
5 1
16 2 12 
1 2 5 
9 2 13 
14 2 15 
12 2 3 
9 2
10 1 36 2 11 
4 1 31 2 18 
17 1 5 2 3 
13 1 5 2 27 
11 1 22 2 22 
5 1 6 2 3 
3 1 23 2 7 
18 1 20 2 23 
6 1 13 2 25 

1 1
1 1
20 1 15 

2 2
5 2
12 1 19 2 11 
17 1 10 2 18 
1 1 20 2 7 
5 1 16 2 11 
20 1 19 2 28 
4 2
14 1 4 2 6 
19 1 9 2 39 
10 1 3 2 6 
16 1 21 2 27 

1 1
1 1
17 1 9 

1 1
9 1
18 1 34 
19 1 21 
10 1 46 
8 1 12 
20 1 41 
15 1 35 
17 1 6 
14 1 12 
6 1 25 

2 1
3 1
18 1 39 
7 1 34 
5 1 34 
9 1
16 1 6 
19 1 49 
10 1 26 
13 1 12 
11 1 38 
7 1 49 
3 1 39 
17 1 37 
1 1 27 

2 2
5 2
19 1 12 2 33 
16 1 10 2 7 
9 1 4 2 9 
2 1 45 2 2 
11 1 6 2 3 
9 2
17 1 3 2 21 
9 1 11 2 15 
16 1 14 2 2 
12 1 3 2 17 
14 1 13 2 1 
8 1 6 2 1 
11 1 6 2 5 
3 1 32 2 6 
4 1 6 2 12 


10
1 1
1 1
8 1 6 

2 1
6 1
15 1 42 
16 1 41 
17 1 47 
5 1 15 
19 1 6 
14 1 12 
5 1
16 1 46 
14 1 49 
17 1 32 
13 1 48 
6 1 6 

1 1
2 1
18 1 29 
7 1 24 

1 1
5 1
13 1 14 
8 1 9 
12 1 38 
9 1 25 
15 1 38 

2 1
7 1
8 1 43 
19 1 28 
6 1 36 
13 1 32 
18 1 20 
7 1 20 
11 1 22 
1 1
8 1 31 

1 1
3 1
10 1 45 
16 1 33 
9 1 34 

2 2
4 2
8 1 3 2 2 
17 1 15 2 5 
14 1 14 2 1 
5 1 10 2 26 
9 1
1 2 17 
5 2 18 
13 2 9 
16 2 15 
3 2 16 
8 2 11 
19 2 5 
6 2 15 
15 2 17 

2 1
1 1
18 1 23 
9 1
3 1 38 
7 1 31 
4 1 46 
10 1 17 
15 1 22 
2 1 43 
16 1 36 
6 1 48 
5 1 25 

1 1
1 1
18 1 30 

2 2
3 2
7 1 18 2 7 
9 1 20 2 10 
20 1 29 2 9 
6 2
15 1 12 2 2 
7 1 20 2 6 
18 1 4 2 1 
5 1 5 2 14 
16 1 15 2 2 
4 1 8 2 2 


10
2 1
1 1
17 1 22 
4 1
3 1 39 
16 1 37 
19 1 18 
20 1 36 

2 1
4 1
9 1 45 
16 1 49 
7 1 45 
15 1 15 
6 1
4 1 20 
17 1 35 
18 1 37 
12 1 43 
16 1 6 
14 1 47 

2 2
10 2
2 1 21 2 1 
3 1 6 2 13 
19 1 13 2 2 
17 1 13 2 11 
6 1 9 2 33 
1 1 21 2 4 
16 1 6 2 9 
5 1 9 2 37 
18 1 13 2 3 
12 1 8 2 19 
6 1
3 1 25 
10 1 15 
11 1 11 
12 1 17 
17 1 45 
18 1 11 

2 2
7 2
3 1 9 2 12 
6 1 12 2 4 
7 1 35 2 5 
1 1 14 2 10 
18 1 2 2 17 
13 1 2 2 15 
15 1 9 2 15 
2 2
11 1 30 2 19 
4 1 11 2 11 

1 1
9 1
20 1 8 
9 1 47 
12 1 10 
18 1 18 
5 1 39 
10 1 17 
17 1 35 
14 1 36 
1 1 32 

1 1
4 1
4 1 47 
11 1 11 
20 1 26 
1 1 12 

2 2
2 2
5 1 12 2 20 
10 1 11 2 4 
10 2
7 1 3 2 35 
16 1 3 2 6 
5 1 7 2 28 
17 1 2 2 31 
13 1 18 2 2 
20 1 23 2 21 
12 1 3 2 3 
15 1 13 2 7 
3 1 28 2 11 
1 1 4 2 1 

2 1
5 1
6 1 24 
12 1 35 
2 1 36 
7 1 9 
14 1 43 
7 1
7 1 29 
8 1 20 
6 1 13 
18 1 34 
4 1 40 
13 1 43 
1 1 32 

1 1
4 1
2 1 49 
15 1 26 
5 1 30 
20 1 9 

2 1
2 1
20 1 13 
19 1 19 
3 1
17 1 43 
3 1 8 
4 1 31 


10
2 1
9 1
18 1 21 
17 1 30 
6 1 20 
1 1 22 
13 1 13 
8 1 45 
2 1 39 
16 1 16 
12 1 11 
6 1
14 1 22 
17 1 17 
11 1 22 
3 1 48 
18 1 28 
9 1 28 

2 2
3 1
3 2 41 
18 2 20 
8 2 5 
10 2
19 1 4 2 8 
2 1 9 2 13 
11 1 8 2 7 
5 1 5 2 8 
8 1 21 2 27 
4 1 23 2 5 
9 1 30 2 10 
17 1 10 2 2 
14 1 26 2 2 
20 1 4 2 34 

2 1
6 1
13 1 5 
2 1 36 
7 1 36 
3 1 13 
1 1 32 
11 1 25 
8 1
6 1 16 
2 1 12 
14 1 40 
7 1 28 
5 1 42 
18 1 18 
15 1 30 
17 1 49 

2 1
5 1
8 1 38 
12 1 43 
5 1 7 
16 1 12 
17 1 30 
8 1
17 1 21 
8 1 36 
3 1 12 
1 1 22 
13 1 35 
18 1 37 
10 1 38 
5 1 24 

2 1
5 1
10 1 5 
14 1 27 
17 1 41 
6 1 9 
15 1 22 
3 1
14 1 45 
19 1 46 
7 1 23 

1 1
9 1
4 1 18 
5 1 6 
11 1 20 
15 1 45 
6 1 24 
18 1 38 
9 1 27 
8 1 6 
2 1 7 

2 1
3 1
16 1 30 
1 1 5 
14 1 16 
2 1
15 1 15 
11 1 26 

2 1
3 1
2 1 38 
20 1 29 
17 1 41 
2 1
11 1 23 
14 1 33 

1 1
9 1
7 1 36 
4 1 31 
13 1 48 
16 1 46 
12 1 5 
8 1 42 
19 1 6 
15 1 12 
6 1 14 

2 2
5 2
1 1 23 2 4 
19 1 27 2 8 
11 1 9 2 9 
14 1 3 2 40 
15 1 3 2 3 
7 1
11 1 22 
7 1 21 
3 1 19 
20 1 25 
14 1 40 
8 1 7 
10 1 5 


10
1 1
7 1
2 1 36 
5 1 46 
17 1 45 
14 1 29 
1 1 40 
10 1 26 
19 1 19 

2 2
2 2
3 1 8 2 7 
4 1 4 2 34 
3 1
10 2 12 
18 2 3 
3 2 16 

1 1
8 1
19 1 25 
4 1 38 
17 1 14 
5 1 45 
10 1 21 
2 1 24 
20 1 27 
15 1 27 

2 2
1 1
9 1 3 
10 2
19 1 23 2 15 
16 1 3 2 16 
2 1 12 2 23 
1 1 5 2 26 
15 1 30 2 9 
10 1 11 2 1 
18 1 29 2 2 
8 1 3 2 14 
7 1 8 2 2 
11 1 12 2 4 

2 1
5 1
2 1 35 
3 1 43 
19 1 49 
5 1 48 
12 1 47 
1 1
15 1 8 

1 1
3 1
8 1 41 
7 1 37 
6 1 32 

2 2
10 1
4 2 15 
8 2 19 
19 2 2 
15 2 15 
5 2 3 
16 2 9 
18 2 21 
1 2 19 
12 2 8 
17 2 29 
4 2
3 1 16 2 20 
2 1 11 2 4 
14 1 28 2 3 
17 1 35 2 11 

2 1
2 1
12 1 19 
10 1 13 
10 1
7 1 20 
17 1 44 
16 1 47 
14 1 45 
19 1 9 
20 1 48 
13 1 48 
8 1 19 
2 1 36 
6 1 27 

2 2
8 2
14 1 9 2 19 
5 1 12 2 15 
16 1 2 2 4 
17 1 35 2 8 
9 1 8 2 1 
6 1 10 2 3 
20 1 3 2 29 
13 1 5 2 34 
8 2
19 1 21 2 11 
20 1 7 2 1 
17 1 3 2 2 
11 1 31 2 14 
10 1 29 2 2 
2 1 26 2 13 
18 1 5 2 24 
3 1 29 2 19 

2 1
1 1
20 1 7 
9 1
4 1 29 
5 1 25 
20 1 27 
8 1 44 
11 1 25 
13 1 23 
15 1 17 
10 1 24 
2 1 14 


