10 20 150 5 5

15
2 2
2 2
19 1 15 2 1 
13 1 2 2 38 
1 2
11 1 2 2 4 

1 1
2 1
4 1 46 
12 1 33 

3 2
2 2
4 1 10 2 6 
3 1 11 2 11 
2 1
18 2 10 
10 2 3 
1 1
15 2 19 

3 2
1 2
4 1 18 2 23 
1 2
15 1 14 2 14 
1 1
17 1 13 

4 4
2 4
15 1 4 2 3 3 3 4 4 
12 1 2 2 3 3 1 4 1 
2 1
11 4 9 
5 4 1 
1 2
10 2 2 3 5 
2 1
3 2 2 
8 2 5 

5 1
2 1
18 1 17 
6 1 12 
1 1
7 1 12 
1 1
20 1 23 
1 1
14 1 39 
2 1
17 1 11 
8 1 46 

3 2
2 2
6 1 43 2 2 
18 1 18 2 9 
2 2
1 1 3 2 5 
8 1 22 2 7 
2 1
11 2 2 
4 2 6 

3 3
1 3
13 1 21 2 2 3 26 
2 3
1 1 13 2 18 3 17 
3 1 3 2 27 3 1 
2 2
2 2 3 3 1 
10 2 16 3 5 

1 1
1 1
13 1 41 

2 1
2 1
9 1 37 
16 1 21 
2 1
15 1 19 
17 1 10 

2 2
2 1
1 2 6 
6 2 1 
2 2
12 1 17 2 28 
10 1 4 2 9 

1 1
1 1
16 1 33 

3 2
2 2
5 1 6 2 5 
7 1 7 2 20 
2 2
2 1 10 2 29 
17 1 37 2 11 
1 2
6 1 37 2 4 

2 1
2 1
4 1 40 
2 1 9 
2 1
6 1 40 
12 1 17 

5 5
2 5
2 1 6 2 2 3 3 4 6 5 24 
19 1 3 2 3 3 1 4 4 5 2 
2 2
6 4 5 5 5 
15 4 8 5 1 
2 5
20 1 6 2 4 3 2 4 4 5 4 
18 1 3 2 13 3 10 4 9 5 9 
1 1
9 4 6 
1 1
5 5 6 


15
5 3
1 1
17 1 15 
1 2
16 1 13 2 2 
1 1
10 2 1 
1 1
9 1 2 
2 3
12 1 2 2 9 3 2 
1 1 6 2 1 3 3 

2 2
2 2
6 1 21 2 1 
2 1 18 2 11 
2 2
20 1 11 2 1 
13 1 8 2 8 

5 1
1 1
8 1 40 
2 1
10 1 22 
20 1 23 
1 1
17 1 39 
2 1
12 1 16 
1 1 9 
2 1
16 1 29 
5 1 37 

5 3
2 1
9 3 1 
2 3 24 
2 1
10 3 27 
6 3 6 
1 3
20 1 4 2 28 3 2 
2 3
16 1 3 2 23 3 5 
17 1 11 2 4 3 10 
1 1
1 1 22 

4 2
2 1
5 1 6 
16 1 45 
1 2
15 1 35 2 6 
2 1
10 1 4 
17 1 11 
1 2
18 1 21 2 18 

3 2
1 1
18 1 3 
1 2
15 1 12 2 1 
2 1
4 1 4 
9 1 9 

3 3
2 3
20 1 10 2 18 3 2 
17 1 6 2 7 3 2 
2 1
9 3 5 
18 3 16 
1 2
5 1 7 2 4 

2 2
2 1
3 1 21 
5 1 3 
2 2
6 1 25 2 6 
9 1 6 2 17 

1 1
1 1
2 1 49 

4 1
1 1
4 1 49 
2 1
19 1 20 
3 1 41 
2 1
5 1 23 
7 1 33 
1 1
14 1 15 

3 2
2 2
15 1 33 2 4 
19 1 9 2 8 
1 2
4 1 15 2 28 
2 1
12 1 7 
11 1 27 

4 4
2 2
7 1 19 2 5 
1 1 8 2 5 
2 4
10 1 10 2 4 3 8 4 17 
12 1 6 2 2 3 2 4 9 
2 3
15 2 7 3 3 4 3 
11 2 9 3 9 4 4 
1 4
4 1 22 2 8 3 6 4 11 

5 2
2 1
5 2 6 
14 2 33 
1 1
2 2 6 
2 2
3 1 3 2 19 
17 1 6 2 10 
2 2
6 1 13 2 18 
12 1 13 2 21 
1 2
19 1 32 2 3 

2 1
2 1
16 1 47 
14 1 6 
2 1
20 1 44 
6 1 20 

3 2
2 2
19 1 24 2 1 
3 1 19 2 24 
1 2
1 1 3 2 5 
1 2
13 1 4 2 3 


15
2 2
1 2
15 1 3 2 4 
1 1
7 2 19 

3 1
1 1
5 1 17 
2 1
2 1 28 
20 1 19 
1 1
12 1 16 

3 3
2 1
6 1 2 
14 1 21 
1 3
10 1 22 2 2 3 6 
1 1
4 2 4 

1 1
2 1
5 1 48 
4 1 11 

1 1
1 1
11 1 21 

4 4
2 4
13 1 5 2 8 3 3 4 2 
6 1 4 2 2 3 1 4 2 
1 2
16 3 2 4 10 
2 2
4 1 5 2 14 
20 1 14 2 4 
2 1
5 4 2 
12 4 1 

3 3
1 3
20 1 11 2 1 3 1 
1 1
6 1 13 
2 1
9 3 5 
18 3 20 

5 2
1 2
12 1 8 2 23 
2 1
3 1 19 
7 1 21 
2 2
1 1 28 2 5 
13 1 5 2 1 
1 1
10 1 18 
1 2
11 1 18 2 24 

2 2
2 2
3 1 5 2 20 
17 1 21 2 21 
2 1
20 1 16 
9 1 12 

1 1
1 1
17 1 19 

5 2
2 1
16 2 11 
2 2 11 
1 2
4 1 31 2 5 
1 1
10 2 8 
1 1
9 1 6 
1 2
5 1 2 2 5 

5 1
2 1
9 1 42 
14 1 22 
2 1
4 1 33 
7 1 16 
2 1
5 1 14 
18 1 27 
1 1
20 1 42 
2 1
15 1 27 
13 1 29 

4 3
1 1
1 1 12 
2 3
8 1 17 2 1 3 25 
18 1 7 2 2 3 2 
1 1
3 2 15 
1 3
4 1 2 2 9 3 3 

5 2
1 1
2 1 16 
1 2
12 1 6 2 2 
2 1
15 1 12 
18 1 7 
1 2
11 1 40 2 9 
2 1
1 2 4 
19 2 8 

2 2
2 1
17 2 24 
12 2 7 
1 2
16 1 39 2 8 


15
2 1
1 1
19 1 46 
2 1
15 1 8 
3 1 28 

2 1
2 1
18 1 49 
12 1 19 
1 1
14 1 18 

1 1
2 1
2 1 20 
16 1 49 

4 1
1 1
4 1 7 
1 1
9 1 17 
1 1
12 1 31 
2 1
18 1 38 
11 1 15 

1 1
1 1
14 1 8 

5 1
2 1
15 1 30 
19 1 42 
2 1
14 1 43 
2 1 23 
2 1
1 1 41 
6 1 32 
2 1
9 1 43 
13 1 34 
2 1
10 1 42 
12 1 32 

2 1
1 1
20 1 15 
2 1
9 1 38 
8 1 11 

2 2
2 1
7 2 12 
18 2 29 
1 2
2 1 38 2 7 

5 5
1 4
16 1 23 2 9 3 3 4 1 
2 3
20 3 4 4 5 5 2 
10 3 1 4 2 5 3 
2 4
6 2 3 3 5 4 8 5 5 
13 2 7 3 9 4 5 5 7 
2 5
7 1 3 2 8 3 18 4 6 5 7 
11 1 7 2 7 3 10 4 2 5 9 
1 5
8 1 4 2 5 3 1 4 2 5 6 

3 3
2 2
18 2 4 3 2 
4 2 16 3 4 
1 1
20 2 8 
1 3
16 1 2 2 10 3 5 

5 1
1 1
2 1 25 
1 1
16 1 39 
1 1
14 1 16 
1 1
9 1 28 
1 1
11 1 10 

1 1
1 1
3 1 26 

1 1
1 1
18 1 26 

4 3
1 3
18 1 6 2 15 3 13 
1 2
5 1 11 2 7 
2 2
10 2 11 3 9 
7 2 21 3 3 
2 3
12 1 6 2 8 3 7 
16 1 3 2 2 3 8 

4 2
1 1
4 2 23 
1 2
5 1 13 2 27 
1 2
11 1 21 2 20 
2 2
17 1 39 2 7 
9 1 2 2 36 


15
5 4
1 2
2 1 6 2 1 
1 2
15 1 5 2 1 
1 1
5 3 4 
1 4
13 1 7 2 14 3 7 4 2 
1 1
3 3 2 

5 5
2 2
7 1 13 2 3 
8 1 12 2 6 
1 3
18 2 2 3 6 4 7 
2 1
11 5 10 
6 5 3 
2 5
5 1 4 2 6 3 3 4 3 5 2 
3 1 4 2 2 3 2 4 3 5 1 
2 1
4 3 2 
14 3 3 

5 5
1 1
9 4 15 
2 2
19 1 22 2 5 
5 1 2 2 1 
2 3
16 1 2 2 1 3 1 
12 1 2 2 2 3 2 
2 5
17 1 6 2 1 3 2 4 1 5 4 
3 1 2 2 18 3 10 4 5 5 3 
2 1
18 1 8 
4 1 2 

2 2
2 2
12 1 3 2 3 
2 1 12 2 19 
1 2
10 1 22 2 11 

2 1
1 1
8 1 23 
2 1
16 1 18 
1 1 20 

2 1
2 1
18 1 35 
2 1 29 
2 1
1 1 37 
4 1 8 

1 1
1 1
11 1 47 

2 2
1 1
14 2 5 
2 2
2 1 26 2 18 
4 1 6 2 3 

3 1
1 1
1 1 43 
2 1
11 1 17 
7 1 20 
2 1
14 1 14 
17 1 10 

2 1
1 1
10 1 27 
1 1
8 1 7 

4 2
2 2
9 1 29 2 19 
11 1 20 2 10 
2 2
16 1 8 2 31 
14 1 10 2 2 
2 1
13 1 30 
18 1 5 
2 1
10 1 28 
6 1 37 

5 2
2 2
18 1 5 2 41 
4 1 7 2 38 
2 2
8 1 3 2 46 
12 1 7 2 6 
1 1
6 1 12 
2 1
3 2 7 
5 2 5 
2 2
1 1 24 2 15 
19 1 3 2 4 

5 1
1 1
10 1 44 
2 1
8 1 32 
12 1 34 
1 1
5 1 22 
1 1
15 1 46 
2 1
14 1 15 
16 1 10 

2 2
2 2
14 1 32 2 2 
4 1 18 2 30 
1 2
5 1 29 2 9 

4 4
1 2
17 1 2 2 2 
2 1
5 4 9 
16 4 5 
1 4
8 1 8 2 8 3 4 4 13 
2 3
3 2 9 3 2 4 15 
9 2 4 3 7 4 1 


15
5 2
2 1
15 1 40 
19 1 13 
2 1
11 2 15 
3 2 30 
1 2
10 1 6 2 4 
1 1
9 1 3 
1 1
16 2 23 

2 2
1 1
8 2 7 
2 2
3 1 16 2 3 
14 1 6 2 33 

5 2
1 2
4 1 6 2 8 
1 1
5 2 20 
2 2
2 1 6 2 21 
12 1 5 2 3 
1 1
6 1 19 
1 1
17 1 21 

4 1
1 1
18 1 45 
2 1
2 1 7 
17 1 16 
2 1
9 1 45 
7 1 27 
1 1
12 1 21 

4 3
1 3
11 1 14 2 6 3 14 
1 1
10 3 6 
1 3
16 1 8 2 11 3 1 
1 1
17 1 3 

5 1
1 1
4 1 27 
2 1
10 1 24 
2 1 38 
1 1
16 1 36 
1 1
11 1 18 
2 1
5 1 22 
7 1 20 

2 2
2 2
14 1 2 2 28 
13 1 4 2 4 
2 1
2 2 6 
1 2 14 

2 2
2 2
2 1 9 2 18 
8 1 5 2 1 
2 1
5 2 5 
4 2 9 

1 1
1 1
19 1 27 

5 2
2 2
20 1 17 2 8 
1 1 4 2 2 
1 2
15 1 22 2 1 
1 1
4 1 20 
1 2
5 1 28 2 2 
1 1
9 2 3 

3 2
2 1
9 1 4 
15 1 24 
2 2
19 1 3 2 16 
13 1 26 2 5 
1 1
3 2 2 

1 1
1 1
8 1 19 

4 4
2 3
12 2 5 3 16 4 6 
8 2 3 3 25 4 6 
1 1
6 3 3 
2 4
13 1 2 2 4 3 7 4 2 
9 1 2 2 1 3 1 4 1 
2 1
5 4 1 
2 4 21 

4 3
2 3
6 1 10 2 2 3 10 
10 1 5 2 1 3 3 
1 2
12 2 28 3 7 
1 2
13 2 2 3 16 
2 1
11 2 24 
17 2 3 

3 3
1 3
6 1 2 2 3 3 2 
1 3
1 1 14 2 14 3 1 
2 1
3 2 14 
17 2 12 


15
1 1
1 1
11 1 38 

1 1
2 1
4 1 35 
16 1 49 

1 1
2 1
15 1 49 
5 1 42 

2 1
2 1
15 1 14 
9 1 49 
1 1
18 1 27 

1 1
2 1
1 1 9 
19 1 9 

4 4
1 4
13 1 17 2 6 3 4 4 4 
1 1
20 4 6 
1 4
7 1 5 2 10 3 20 4 4 
1 1
8 2 1 

3 3
2 1
15 1 11 
18 1 8 
1 3
11 1 4 2 3 3 12 
2 2
20 2 6 3 22 
4 2 9 3 2 

3 1
2 1
9 1 39 
3 1 37 
1 1
18 1 31 
2 1
20 1 24 
16 1 33 

2 2
1 2
17 1 2 2 7 
1 1
4 2 16 

4 4
1 1
1 4 6 
1 4
6 1 9 2 1 3 1 4 7 
2 1
11 2 2 
8 2 21 
1 2
19 3 1 4 2 

2 2
1 1
4 2 15 
1 2
12 1 26 2 18 

5 2
2 1
3 2 9 
19 2 11 
2 2
12 1 18 2 7 
20 1 20 2 9 
2 1
16 2 10 
9 2 19 
2 1
5 1 6 
7 1 35 
1 1
1 2 14 

3 1
1 1
11 1 12 
2 1
19 1 13 
10 1 8 
1 1
6 1 32 

2 2
2 2
16 1 34 2 10 
5 1 9 2 11 
1 2
12 1 16 2 29 

4 3
2 3
8 1 17 2 6 3 4 
5 1 10 2 4 3 15 
1 1
16 3 3 
1 2
11 2 5 3 1 
2 1
9 2 12 
19 2 6 


15
2 1
1 1
5 1 18 
2 1
17 1 45 
6 1 20 

1 1
2 1
3 1 27 
12 1 40 

5 5
1 1
2 1 9 
1 2
10 1 7 2 1 
1 2
16 3 1 4 13 
1 2
9 1 4 2 2 
2 5
4 1 2 2 3 3 2 4 3 5 1 
7 1 3 2 2 3 2 4 13 5 1 

3 2
2 1
4 1 28 
11 1 43 
2 1
3 2 24 
6 2 8 
2 2
2 1 21 2 10 
9 1 9 2 33 

3 3
1 3
1 1 8 2 26 3 1 
1 1
16 1 19 
1 3
20 1 5 2 8 3 4 

5 1
1 1
11 1 32 
1 1
2 1 32 
2 1
15 1 48 
17 1 13 
1 1
8 1 44 
1 1
9 1 49 

1 1
1 1
3 1 40 

5 2
2 1
4 1 12 
13 1 5 
1 1
18 2 12 
1 1
5 1 36 
2 2
15 1 3 2 35 
14 1 16 2 7 
2 1
8 2 5 
12 2 1 

2 1
1 1
15 1 8 
1 1
1 1 41 

4 2
2 2
16 1 7 2 38 
6 1 15 2 13 
2 1
12 2 3 
8 2 14 
1 1
7 1 29 
2 1
5 1 13 
20 1 4 

4 3
1 2
11 2 4 3 4 
1 2
3 1 9 2 4 
2 3
5 1 9 2 14 3 19 
9 1 8 2 9 3 17 
1 3
14 1 2 2 27 3 9 

1 1
2 1
2 1 32 
12 1 32 

5 3
1 2
6 2 4 3 20 
2 2
11 2 1 3 4 
19 2 8 3 1 
2 1
20 1 3 
7 1 3 
1 1
5 1 8 
1 3
10 1 5 2 12 3 1 

3 3
2 1
1 3 7 
12 3 23 
2 1
9 3 25 
8 3 4 
2 3
16 1 3 2 2 3 1 
19 1 3 2 13 3 2 

1 1
2 1
18 1 37 
13 1 18 


15
2 1
1 1
5 1 9 
1 1
16 1 34 

4 3
1 3
1 1 9 2 12 3 27 
2 2
6 2 1 3 11 
8 2 30 3 4 
1 3
10 1 8 2 30 3 5 
1 2
19 1 3 2 19 

1 1
1 1
18 1 6 

4 3
2 1
10 3 9 
8 3 13 
1 1
7 1 8 
2 1
17 2 4 
3 2 9 
2 3
16 1 5 2 21 3 4 
11 1 13 2 2 3 1 

4 1
2 1
1 1 28 
8 1 15 
2 1
6 1 36 
18 1 18 
1 1
16 1 36 
1 1
12 1 39 

5 5
1 1
3 1 3 
1 3
8 2 3 3 3 4 4 
1 5
12 1 4 2 14 3 14 4 5 5 5 
1 2
15 3 2 4 7 
2 4
17 1 3 2 8 3 2 4 2 
18 1 12 2 1 3 8 4 1 

5 5
2 4
18 1 2 2 3 3 2 4 1 
17 1 4 2 4 3 2 4 5 
2 2
1 4 7 5 1 
7 4 1 5 1 
2 5
14 1 2 2 1 3 12 4 5 5 1 
9 1 3 2 4 3 4 4 5 5 1 
2 1
13 2 4 
12 2 5 
1 2
16 4 2 5 4 

2 1
1 1
12 1 45 
1 1
2 1 38 

4 1
1 1
4 1 33 
2 1
2 1 42 
13 1 33 
2 1
5 1 13 
15 1 24 
1 1
6 1 7 

5 5
1 5
5 1 3 2 3 3 2 4 1 5 2 
1 2
2 1 6 2 4 
1 5
11 1 2 2 4 3 8 4 7 5 3 
2 4
1 2 4 3 12 4 5 5 4 
8 2 10 3 7 4 12 5 3 
2 1
16 4 2 
18 4 6 

2 2
2 2
10 1 27 2 3 
13 1 9 2 11 
2 2
2 1 15 2 4 
14 1 6 2 3 

5 1
2 1
2 1 39 
1 1 24 
2 1
18 1 17 
16 1 46 
2 1
19 1 45 
14 1 15 
2 1
7 1 23 
10 1 39 
1 1
8 1 21 

5 2
2 2
11 1 4 2 3 
14 1 14 2 21 
2 1
19 1 19 
16 1 15 
1 2
10 1 3 2 4 
2 2
1 1 11 2 14 
13 1 4 2 20 
2 1
15 1 5 
20 1 5 

3 2
1 1
8 2 6 
2 1
9 1 32 
1 1 24 
1 2
6 1 6 2 6 

5 2
1 1
7 1 17 
2 1
11 1 2 
13 1 15 
1 2
6 1 27 2 20 
2 1
8 2 8 
2 2 4 
2 2
9 1 13 2 2 
16 1 7 2 1 


15
5 5
1 5
10 1 14 2 3 3 4 4 4 5 5 
2 1
17 1 13 
9 1 5 
1 3
12 1 3 2 8 3 11 
1 1
3 1 12 
2 1
18 2 2 
11 2 3 

3 3
1 2
8 1 21 2 6 
1 3
20 1 19 2 1 3 3 
2 1
10 2 5 
5 2 1 

4 2
1 2
20 1 23 2 14 
2 2
1 1 10 2 25 
9 1 28 2 7 
2 1
15 2 9 
3 2 16 
2 1
10 1 40 
11 1 12 

5 3
2 2
15 1 21 2 14 
6 1 4 2 3 
1 3
20 1 14 2 11 3 19 
2 1
19 3 4 
5 3 1 
1 1
18 3 6 
1 1
9 3 3 

1 1
2 1
1 1 25 
12 1 37 

1 1
1 1
14 1 20 

4 1
2 1
6 1 7 
20 1 31 
1 1
11 1 39 
2 1
1 1 45 
2 1 8 
2 1
7 1 23 
10 1 28 

5 2
2 1
10 1 6 
16 1 5 
2 2
7 1 12 2 23 
19 1 9 2 3 
1 2
13 1 2 2 10 
1 1
18 2 4 
1 2
2 1 17 2 1 

5 4
2 1
2 4 5 
6 4 2 
2 2
16 3 10 4 9 
1 3 8 4 5 
1 3
17 1 7 2 5 3 1 
1 4
13 1 20 2 11 3 6 4 10 
2 2
9 2 5 3 2 
3 2 2 3 1 

3 3
2 3
19 1 3 2 1 3 3 
9 1 3 2 14 3 7 
2 3
10 1 4 2 3 3 40 
13 1 7 2 5 3 1 
2 2
14 2 27 3 14 
3 2 20 3 14 

4 1
2 1
14 1 49 
3 1 33 
2 1
10 1 38 
18 1 46 
2 1
6 1 39 
7 1 48 
1 1
5 1 23 

3 3
2 1
11 2 11 
13 2 4 
1 3
8 1 3 2 20 3 1 
1 1
7 2 5 

1 1
1 1
4 1 5 

2 1
2 1
15 1 21 
6 1 47 
2 1
3 1 28 
12 1 13 

5 4
2 3
16 2 12 3 3 4 1 
9 2 16 3 2 4 5 
1 2
20 2 2 3 2 
2 1
11 2 14 
4 2 8 
1 2
6 2 3 3 7 
2 4
14 1 3 2 4 3 3 4 10 
3 1 11 2 5 3 13 4 3 


