10 30 100 5 5

10
3 1
4 1
14 1 36 
11 1 10 
4 1 17 
1 1 19 
6 1
29 1 40 
3 1 13 
16 1 10 
26 1 20 
5 1 43 
14 1 36 
10 1
11 1 27 
6 1 40 
29 1 15 
2 1 39 
19 1 39 
3 1 44 
4 1 25 
9 1 22 
14 1 17 
20 1 9 

2 2
1 2
2 1 4 2 3 
7 2
5 1 10 2 15 
29 1 27 2 5 
20 1 24 2 17 
27 1 5 2 1 
2 1 11 2 38 
17 1 13 2 33 
11 1 37 2 5 

3 1
8 1
27 1 30 
22 1 44 
29 1 43 
4 1 23 
19 1 41 
8 1 9 
20 1 45 
6 1 14 
6 1
30 1 42 
27 1 9 
8 1 6 
21 1 22 
13 1 20 
2 1 27 
6 1
2 1 15 
29 1 43 
22 1 9 
21 1 38 
10 1 29 
15 1 12 

5 2
8 1
6 1 15 
28 1 17 
19 1 24 
25 1 16 
2 1 16 
24 1 40 
12 1 3 
21 1 7 
7 2
27 1 15 2 22 
8 1 12 2 31 
11 1 2 2 25 
9 1 12 2 26 
17 1 12 2 27 
29 1 5 2 29 
18 1 5 2 5 
2 2
4 1 4 2 1 
29 1 2 2 4 
10 1
10 2 4 
3 2 2 
2 2 8 
23 2 24 
15 2 1 
29 2 1 
11 2 42 
17 2 23 
28 2 6 
12 2 14 
5 1
7 1 11 
19 1 33 
11 1 6 
29 1 19 
9 1 14 

4 4
9 3
11 1 2 2 13 3 9 
28 1 23 2 4 3 2 
12 1 2 2 1 3 1 
17 1 5 2 28 3 4 
26 1 3 2 6 3 3 
29 1 15 2 9 3 7 
21 1 4 2 6 3 9 
14 1 2 2 3 3 3 
7 1 4 2 11 3 2 
1 4
9 1 2 2 14 3 6 4 23 
1 1
1 2 4 
10 1
13 2 2 
4 2 1 
23 2 11 
11 2 1 
7 2 4 
21 2 10 
8 2 2 
12 2 5 
3 2 2 
10 2 4 

1 1
4 1
2 1 11 
13 1 7 
12 1 8 
4 1 19 

5 2
6 2
26 1 8 2 40 
24 1 31 2 7 
1 1 12 2 20 
20 1 17 2 11 
5 1 7 2 16 
3 1 3 2 27 
8 2
7 1 10 2 5 
19 1 4 2 26 
25 1 13 2 4 
23 1 9 2 34 
13 1 12 2 23 
4 1 13 2 11 
20 1 33 2 4 
12 1 5 2 28 
1 1
14 1 12 
6 1
22 2 10 
7 2 6 
23 2 5 
28 2 1 
4 2 26 
1 2 17 
4 2
1 1 10 2 32 
26 1 6 2 17 
23 1 16 2 13 
22 1 18 2 15 

1 1
8 1
15 1 9 
11 1 11 
17 1 42 
22 1 12 
26 1 41 
27 1 47 
3 1 49 
29 1 21 

5 4
10 1
23 3 4 
15 3 3 
2 3 2 
18 3 2 
7 3 5 
20 3 12 
11 3 1 
10 3 3 
3 3 4 
9 3 6 
10 3
4 1 5 2 5 3 4 
13 1 13 2 4 3 4 
3 1 3 2 1 3 2 
22 1 3 2 1 3 3 
19 1 4 2 6 3 1 
1 1 11 2 8 3 7 
2 1 4 2 4 3 9 
21 1 14 2 12 3 9 
24 1 6 2 2 3 4 
6 1 2 2 36 3 4 
8 1
4 4 12 
10 4 6 
6 4 3 
24 4 2 
5 4 2 
2 4 19 
7 4 1 
3 4 2 
9 4
10 1 3 2 7 3 9 4 6 
20 1 2 2 1 3 1 4 1 
1 1 4 2 7 3 2 4 4 
24 1 20 2 6 3 3 4 14 
2 1 3 2 4 3 1 4 1 
5 1 11 2 13 3 4 4 2 
9 1 2 2 14 3 5 4 1 
7 1 7 2 2 3 2 4 4 
17 1 2 2 1 3 5 4 1 
9 3
4 1 2 2 21 3 5 
19 1 10 2 11 3 14 
21 1 4 2 8 3 4 
2 1 2 2 8 3 10 
8 1 3 2 2 3 21 
1 1 9 2 2 3 12 
25 1 3 2 1 3 1 
27 1 3 2 3 3 7 
30 1 2 2 1 3 1 

4 3
2 3
12 1 17 2 5 3 5 
23 1 4 2 2 3 3 
8 3
24 1 2 2 6 3 10 
1 1 2 2 4 3 3 
2 1 11 2 6 3 17 
14 1 26 2 4 3 2 
4 1 6 2 11 3 24 
7 1 12 2 15 3 15 
9 1 13 2 17 3 17 
19 1 12 2 6 3 8 
2 2
6 1 4 2 11 
13 1 24 2 3 
10 2
1 2 3 3 1 
24 2 32 3 2 
17 2 14 3 15 
23 2 2 3 8 
3 2 6 3 35 
28 2 4 3 1 
25 2 12 3 2 
6 2 2 3 3 
8 2 11 3 4 
4 2 3 3 1 


10
5 2
1 1
12 1 17 
3 2
22 1 16 2 1 
15 1 27 2 19 
7 1 3 2 28 
8 2
4 1 9 2 1 
6 1 14 2 6 
26 1 20 2 23 
15 1 41 2 3 
11 1 4 2 2 
23 1 9 2 28 
21 1 8 2 15 
24 1 4 2 9 
10 1
10 1 36 
7 1 4 
5 1 3 
14 1 10 
25 1 31 
8 1 22 
19 1 13 
6 1 12 
16 1 8 
22 1 3 
2 1
9 2 2 
18 2 12 

2 2
9 2
7 1 15 2 32 
4 1 7 2 1 
25 1 4 2 2 
14 1 4 2 2 
19 1 16 2 3 
18 1 9 2 1 
30 1 24 2 5 
12 1 3 2 2 
28 1 27 2 2 
9 2
5 1 9 2 32 
20 1 18 2 3 
1 1 15 2 5 
10 1 5 2 35 
27 1 10 2 31 
12 1 38 2 2 
22 1 4 2 6 
28 1 3 2 35 
29 1 19 2 5 

4 3
9 3
12 1 34 2 4 3 11 
13 1 6 2 8 3 2 
9 1 7 2 17 3 2 
8 1 14 2 20 3 8 
24 1 16 2 6 3 3 
2 1 24 2 7 3 5 
29 1 22 2 8 3 10 
22 1 5 2 13 3 3 
25 1 21 2 8 3 5 
3 2
26 2 13 3 3 
23 2 7 3 4 
20 2 5 3 3 
5 3
22 1 7 2 7 3 11 
15 1 6 2 5 3 5 
9 1 10 2 4 3 19 
4 1 20 2 20 3 6 
23 1 9 2 5 3 5 
7 2
23 2 3 3 26 
17 2 14 3 5 
20 2 5 3 8 
5 2 10 3 13 
29 2 3 3 19 
22 2 32 3 14 
1 2 5 3 4 

1 1
3 1
21 1 30 
24 1 18 
1 1 32 

5 2
8 1
16 1 15 
13 1 31 
19 1 17 
11 1 12 
2 1 6 
18 1 5 
20 1 8 
14 1 4 
2 1
21 1 39 
15 1 5 
1 2
24 1 9 2 32 
5 1
14 2 2 
12 2 27 
11 2 3 
19 2 6 
1 2 3 
10 1
1 2 14 
25 2 17 
16 2 15 
14 2 2 
5 2 10 
12 2 3 
13 2 10 
6 2 19 
18 2 18 
4 2 22 

4 2
9 2
14 1 4 2 5 
13 1 39 2 9 
10 1 7 2 27 
24 1 2 2 28 
16 1 35 2 14 
18 1 33 2 2 
3 1 4 2 2 
5 1 34 2 8 
21 1 15 2 16 
1 1
27 2 3 
8 1
19 1 21 
26 1 25 
24 1 26 
23 1 17 
10 1 19 
2 1 3 
14 1 9 
30 1 19 
8 2
24 1 22 2 17 
20 1 8 2 17 
29 1 31 2 1 
16 1 37 2 5 
5 1 34 2 6 
13 1 39 2 6 
17 1 3 2 3 
7 1 6 2 42 

4 4
3 2
2 3 12 4 10 
20 3 4 4 3 
3 3 2 4 2 
5 2
18 3 15 4 7 
30 3 14 4 13 
27 3 2 4 1 
8 3 13 4 8 
2 3 8 4 14 
3 4
3 1 3 2 10 3 5 4 21 
1 1 23 2 5 3 3 4 5 
8 1 7 2 3 3 21 4 5 
5 3
25 1 4 2 6 3 2 
27 1 6 2 3 3 3 
9 1 5 2 5 3 6 
26 1 9 2 1 3 4 
4 1 10 2 8 3 11 

4 3
5 2
19 1 3 2 3 
4 1 8 2 15 
16 1 19 2 27 
15 1 10 2 4 
18 1 2 2 3 
2 3
8 1 2 2 27 3 5 
5 1 17 2 4 3 26 
5 3
10 1 2 2 26 3 2 
21 1 22 2 18 3 2 
5 1 8 2 2 3 4 
23 1 18 2 25 3 5 
11 1 10 2 10 3 12 
5 3
9 1 2 2 6 3 16 
6 1 2 2 2 3 1 
16 1 4 2 2 3 3 
2 1 6 2 11 3 24 
10 1 16 2 9 3 2 

1 1
7 1
17 1 39 
13 1 39 
24 1 43 
12 1 49 
29 1 20 
21 1 9 
28 1 47 

5 2
9 1
13 1 4 
28 1 6 
29 1 22 
18 1 25 
25 1 4 
14 1 4 
17 1 4 
19 1 6 
24 1 9 
5 2
28 1 5 2 29 
29 1 25 2 14 
9 1 19 2 14 
5 1 13 2 1 
2 1 18 2 27 
1 1
18 2 11 
9 1
22 2 24 
3 2 19 
2 2 1 
28 2 3 
5 2 27 
27 2 5 
16 2 3 
10 2 28 
18 2 20 
8 1
8 1 3 
21 1 21 
24 1 4 
27 1 4 
12 1 16 
11 1 32 
1 1 15 
19 1 23 


10
3 1
6 1
1 1 31 
12 1 44 
5 1 11 
11 1 32 
19 1 42 
21 1 14 
6 1
2 1 16 
19 1 49 
10 1 36 
27 1 28 
4 1 20 
5 1 40 
3 1
8 1 10 
15 1 41 
6 1 34 

3 2
5 1
11 2 10 
5 2 3 
19 2 11 
17 2 28 
22 2 13 
4 2
19 1 3 2 4 
11 1 30 2 13 
7 1 11 2 38 
2 1 24 2 13 
4 1
20 1 34 
11 1 34 
29 1 18 
30 1 28 

3 3
5 3
12 1 11 2 2 3 20 
30 1 3 2 11 3 5 
27 1 9 2 3 3 26 
19 1 13 2 30 3 5 
10 1 5 2 4 3 1 
7 2
8 1 10 2 1 
3 1 4 2 17 
17 1 28 2 18 
23 1 3 2 2 
14 1 4 2 4 
28 1 2 2 3 
24 1 3 2 21 
5 3
17 1 2 2 2 3 1 
4 1 3 2 27 3 15 
28 1 3 2 8 3 2 
29 1 2 2 3 3 3 
12 1 2 2 1 3 2 

2 1
3 1
17 1 19 
19 1 21 
15 1 48 
8 1
29 1 15 
20 1 26 
8 1 15 
17 1 8 
2 1 48 
9 1 35 
14 1 22 
12 1 36 

2 2
5 1
26 2 26 
20 2 7 
9 2 9 
23 2 3 
3 2 16 
1 2
5 1 3 2 17 

5 5
8 1
23 5 2 
18 5 15 
5 5 1 
12 5 12 
1 5 6 
2 5 4 
27 5 1 
15 5 1 
8 4
3 2 6 3 8 4 3 5 5 
7 2 4 3 2 4 5 5 7 
27 2 4 3 16 4 14 5 2 
2 2 8 3 3 4 4 5 2 
26 2 3 3 13 4 9 5 11 
17 2 9 3 6 4 6 5 1 
23 2 1 3 6 4 3 5 6 
28 2 2 3 2 4 1 5 2 
10 2
14 4 2 5 1 
24 4 5 5 2 
6 4 10 5 13 
12 4 11 5 3 
9 4 5 5 8 
8 4 9 5 7 
27 4 9 5 2 
30 4 4 5 7 
28 4 7 5 2 
3 4 15 5 19 
7 5
6 1 30 2 5 3 3 4 3 5 4 
23 1 6 2 7 3 13 4 1 5 8 
28 1 18 2 4 3 14 4 7 5 1 
29 1 6 2 7 3 3 4 4 5 2 
30 1 2 2 1 3 2 4 1 5 1 
10 1 24 2 5 3 7 4 3 5 5 
26 1 10 2 4 3 2 4 2 5 5 
5 5
25 1 2 2 3 3 3 4 3 5 8 
28 1 2 2 3 3 15 4 8 5 9 
9 1 20 2 14 3 2 4 2 5 4 
30 1 5 2 1 3 3 4 4 5 2 
27 1 6 2 12 3 10 4 3 5 13 

2 2
3 2
23 1 38 2 7 
4 1 10 2 29 
29 1 5 2 1 
1 2
30 1 15 2 8 

5 1
1 1
4 1 12 
1 1
16 1 8 
9 1
20 1 35 
21 1 23 
12 1 41 
7 1 9 
26 1 9 
23 1 16 
13 1 23 
6 1 21 
27 1 7 
3 1
29 1 31 
30 1 5 
5 1 41 
9 1
7 1 27 
13 1 17 
29 1 5 
21 1 31 
18 1 41 
1 1 45 
11 1 38 
9 1 29 
15 1 24 

1 1
7 1
11 1 45 
2 1 30 
26 1 17 
10 1 46 
16 1 32 
14 1 24 
22 1 15 

3 1
3 1
5 1 32 
7 1 34 
9 1 12 
3 1
9 1 39 
12 1 26 
1 1 14 
2 1
18 1 42 
8 1 28 


10
4 2
2 2
8 1 14 2 15 
17 1 41 2 3 
9 2
27 1 17 2 2 
9 1 20 2 18 
12 1 5 2 16 
22 1 2 2 14 
3 1 13 2 18 
24 1 3 2 35 
23 1 36 2 3 
19 1 5 2 2 
11 1 8 2 41 
5 2
29 1 4 2 4 
7 1 7 2 9 
30 1 3 2 11 
22 1 15 2 33 
6 1 33 2 1 
9 1
8 1 4 
18 1 13 
30 1 18 
25 1 13 
20 1 28 
7 1 9 
22 1 13 
21 1 17 
2 1 36 

3 1
9 1
20 1 44 
19 1 34 
27 1 13 
28 1 27 
10 1 35 
16 1 38 
13 1 15 
9 1 44 
4 1 40 
1 1
19 1 43 
6 1
21 1 19 
26 1 21 
13 1 6 
27 1 40 
25 1 14 
2 1 34 

1 1
6 1
13 1 9 
30 1 29 
16 1 25 
25 1 20 
1 1 7 
7 1 47 

2 1
10 1
3 1 47 
30 1 24 
5 1 38 
24 1 37 
12 1 27 
21 1 49 
20 1 41 
22 1 29 
8 1 5 
27 1 5 
1 1
30 1 10 

2 2
9 1
28 1 24 
8 1 8 
12 1 33 
2 1 4 
23 1 3 
16 1 30 
4 1 32 
5 1 4 
20 1 38 
5 2
19 1 8 2 9 
17 1 22 2 24 
13 1 2 2 4 
29 1 7 2 3 
2 1 39 2 9 

5 1
4 1
27 1 38 
12 1 30 
8 1 34 
25 1 25 
4 1
17 1 46 
13 1 27 
18 1 32 
28 1 19 
2 1
3 1 24 
14 1 32 
1 1
30 1 5 
4 1
19 1 23 
1 1 40 
4 1 32 
10 1 39 

5 3
8 3
12 1 7 2 24 3 5 
26 1 2 2 2 3 8 
4 1 14 2 10 3 19 
13 1 5 2 12 3 3 
21 1 18 2 9 3 21 
10 1 4 2 2 3 1 
7 1 5 2 2 3 17 
1 1 9 2 6 3 12 
4 1
3 3 4 
11 3 4 
23 3 1 
14 3 11 
8 1
30 1 3 
7 1 42 
29 1 14 
20 1 4 
3 1 8 
5 1 2 
6 1 4 
2 1 16 
5 3
27 1 23 2 4 3 13 
20 1 8 2 5 3 4 
23 1 7 2 9 3 9 
9 1 35 2 8 3 3 
24 1 9 2 6 3 10 
8 3
21 1 10 2 4 3 32 
5 1 4 2 5 3 14 
15 1 3 2 14 3 3 
18 1 12 2 9 3 2 
30 1 2 2 3 3 3 
20 1 2 2 5 3 1 
26 1 4 2 3 3 13 
4 1 28 2 6 3 7 

3 1
10 1
25 1 25 
29 1 19 
27 1 43 
10 1 30 
3 1 21 
15 1 15 
28 1 35 
18 1 30 
19 1 7 
5 1 18 
1 1
4 1 34 
1 1
2 1 23 

3 2
4 2
17 1 5 2 3 
18 1 16 2 23 
22 1 4 2 1 
28 1 4 2 34 
3 1
27 2 7 
14 2 5 
11 2 6 
6 2
15 1 6 2 5 
8 1 3 2 3 
29 1 4 2 4 
23 1 28 2 18 
21 1 35 2 1 
18 1 10 2 15 

1 1
7 1
11 1 35 
29 1 47 
21 1 48 
15 1 49 
27 1 13 
17 1 29 
7 1 40 


10
5 1
2 1
2 1 29 
16 1 25 
6 1
15 1 48 
12 1 7 
4 1 15 
8 1 7 
29 1 33 
20 1 49 
10 1
11 1 34 
20 1 11 
24 1 9 
12 1 14 
14 1 18 
23 1 22 
26 1 49 
22 1 43 
9 1 34 
17 1 21 
3 1
24 1 9 
18 1 19 
20 1 31 
5 1
13 1 5 
10 1 9 
9 1 33 
7 1 23 
19 1 5 

5 3
2 3
6 1 15 2 17 3 11 
22 1 12 2 12 3 8 
2 3
24 1 16 2 7 3 11 
23 1 15 2 3 3 1 
3 1
13 3 1 
1 3 9 
28 3 1 
9 2
4 1 12 2 4 
23 1 33 2 8 
1 1 3 2 2 
21 1 11 2 9 
2 1 18 2 29 
7 1 5 2 8 
13 1 25 2 4 
15 1 8 2 13 
14 1 6 2 22 
8 1
14 2 5 
28 2 5 
24 2 1 
6 2 5 
16 2 18 
29 2 2 
11 2 7 
21 2 22 

5 2
5 1
5 1 2 
8 1 19 
30 1 22 
9 1 28 
20 1 5 
6 2
11 1 2 2 3 
4 1 19 2 21 
25 1 18 2 27 
3 1 28 2 9 
24 1 39 2 4 
23 1 6 2 20 
6 1
19 2 30 
30 2 8 
27 2 8 
21 2 9 
24 2 5 
22 2 10 
1 2
8 1 2 2 3 
7 1
23 1 7 
2 1 16 
21 1 6 
20 1 21 
5 1 32 
14 1 3 
4 1 9 

3 2
8 2
30 1 8 2 9 
5 1 6 2 7 
6 1 4 2 36 
2 1 3 2 6 
22 1 16 2 12 
9 1 7 2 3 
16 1 19 2 2 
12 1 16 2 5 
6 1
7 1 14 
9 1 12 
5 1 14 
27 1 9 
14 1 26 
30 1 8 
6 1
9 2 6 
8 2 23 
17 2 3 
15 2 7 
23 2 11 
28 2 17 

5 1
2 1
17 1 32 
19 1 49 
8 1
19 1 40 
27 1 41 
1 1 18 
15 1 49 
14 1 37 
3 1 32 
8 1 17 
18 1 13 
9 1
22 1 27 
16 1 46 
10 1 24 
11 1 34 
3 1 24 
26 1 44 
24 1 36 
25 1 14 
18 1 45 
3 1
9 1 31 
21 1 43 
3 1 39 
7 1
12 1 23 
21 1 42 
19 1 49 
29 1 12 
2 1 15 
7 1 36 
13 1 20 

2 1
9 1
4 1 31 
6 1 17 
2 1 17 
24 1 45 
14 1 5 
30 1 18 
12 1 33 
26 1 22 
25 1 12 
3 1
7 1 5 
15 1 49 
30 1 9 

3 1
1 1
19 1 35 
8 1
2 1 27 
17 1 41 
21 1 8 
10 1 11 
24 1 18 
7 1 37 
9 1 37 
4 1 13 
4 1
8 1 45 
3 1 37 
23 1 10 
7 1 39 

1 1
2 1
29 1 16 
23 1 42 

2 1
3 1
16 1 11 
30 1 7 
7 1 13 
8 1
22 1 28 
8 1 44 
15 1 36 
28 1 47 
7 1 44 
30 1 11 
24 1 40 
10 1 28 

5 3
5 2
28 1 2 2 5 
3 1 4 2 5 
30 1 3 2 5 
22 1 7 2 18 
18 1 2 2 1 
2 1
3 1 2 
9 1 12 
9 2
10 1 16 2 1 
8 1 28 2 2 
6 1 35 2 2 
28 1 29 2 11 
16 1 4 2 22 
12 1 2 2 5 
23 1 2 2 4 
18 1 2 2 2 
15 1 19 2 3 
2 1
2 3 2 
26 3 7 
6 3
3 1 7 2 6 3 5 
4 1 13 2 25 3 6 
19 1 2 2 1 3 3 
23 1 2 2 5 3 13 
6 1 10 2 19 3 10 
7 1 5 2 3 3 4 


10
5 3
3 1
23 3 13 
15 3 12 
21 3 5 
8 1
21 1 2 
8 1 8 
5 1 21 
16 1 16 
15 1 5 
3 1 19 
4 1 3 
28 1 4 
9 1
17 1 7 
19 1 3 
13 1 3 
26 1 11 
8 1 2 
24 1 2 
9 1 4 
23 1 4 
20 1 2 
1 3
13 1 3 2 24 3 14 
6 3
11 1 4 2 5 3 3 
12 1 12 2 3 3 11 
15 1 9 2 27 3 8 
30 1 6 2 2 3 1 
5 1 21 2 2 3 4 
20 1 38 2 4 3 6 

1 1
3 1
12 1 12 
27 1 31 
29 1 37 

4 1
4 1
19 1 17 
16 1 18 
4 1 37 
23 1 16 
7 1
25 1 36 
7 1 13 
10 1 16 
6 1 39 
1 1 33 
15 1 48 
24 1 13 
6 1
3 1 17 
28 1 25 
8 1 33 
25 1 27 
26 1 15 
27 1 12 
9 1
7 1 45 
19 1 9 
16 1 20 
6 1 31 
17 1 44 
2 1 5 
29 1 33 
18 1 22 
10 1 35 

2 2
10 2
27 1 23 2 8 
21 1 14 2 31 
5 1 13 2 2 
8 1 3 2 32 
4 1 19 2 7 
9 1 18 2 27 
17 1 13 2 12 
14 1 9 2 1 
1 1 5 2 4 
12 1 24 2 4 
4 1
22 2 37 
5 2 2 
20 2 26 
25 2 28 

2 1
10 1
11 1 13 
13 1 25 
20 1 26 
26 1 39 
3 1 10 
21 1 36 
4 1 46 
14 1 43 
30 1 32 
19 1 20 
7 1
20 1 26 
29 1 35 
11 1 36 
27 1 27 
6 1 8 
25 1 23 
16 1 25 

3 1
4 1
13 1 11 
6 1 8 
23 1 11 
8 1 23 
7 1
23 1 33 
24 1 13 
6 1 13 
13 1 19 
21 1 27 
14 1 40 
27 1 38 
3 1
1 1 37 
26 1 9 
27 1 22 

2 1
4 1
26 1 26 
11 1 35 
3 1 26 
13 1 37 
5 1
14 1 5 
26 1 24 
5 1 6 
8 1 30 
6 1 42 

4 2
7 1
18 1 10 
4 1 24 
26 1 3 
7 1 23 
5 1 21 
11 1 3 
23 1 3 
10 2
6 1 3 2 4 
7 1 12 2 29 
18 1 10 2 20 
9 1 26 2 12 
1 1 15 2 5 
26 1 9 2 1 
22 1 11 2 22 
27 1 2 2 3 
10 1 2 2 4 
21 1 10 2 1 
9 1
29 2 4 
14 2 3 
27 2 32 
5 2 40 
3 2 3 
18 2 1 
4 2 19 
8 2 3 
13 2 38 
8 2
11 1 13 2 24 
27 1 3 2 3 
9 1 16 2 18 
23 1 42 2 1 
6 1 5 2 5 
3 1 15 2 23 
1 1 8 2 6 
28 1 12 2 10 

4 4
2 4
17 1 6 2 3 3 3 4 6 
1 1 2 2 2 3 2 4 1 
1 3
12 2 24 3 8 4 5 
10 1
26 2 2 
24 2 1 
3 2 9 
23 2 12 
4 2 4 
27 2 8 
6 2 14 
9 2 6 
29 2 16 
2 2 6 
4 1
21 4 14 
12 4 3 
1 4 2 
28 4 10 

1 1
8 1
7 1 11 
21 1 20 
23 1 17 
3 1 41 
17 1 43 
6 1 16 
5 1 6 
19 1 30 


10
3 1
1 1
5 1 30 
1 1
27 1 9 
8 1
13 1 15 
18 1 35 
26 1 39 
21 1 43 
22 1 46 
6 1 10 
7 1 31 
23 1 5 

3 3
6 1
19 2 27 
10 2 22 
26 2 3 
4 2 2 
12 2 12 
5 2 5 
9 3
20 1 26 2 15 3 5 
19 1 7 2 9 3 7 
13 1 8 2 11 3 5 
28 1 5 2 3 3 7 
8 1 12 2 27 3 3 
29 1 2 2 1 3 3 
4 1 30 2 3 3 16 
7 1 16 2 20 3 13 
3 1 7 2 3 3 7 
2 1
27 1 11 
2 1 6 

2 2
4 2
6 1 16 2 2 
11 1 15 2 16 
22 1 13 2 32 
30 1 5 2 44 
1 1
3 1 15 

2 2
1 2
9 1 25 2 20 
6 1
8 1 13 
6 1 16 
20 1 21 
29 1 8 
1 1 16 
22 1 20 

4 1
6 1
16 1 17 
13 1 37 
30 1 29 
10 1 46 
5 1 40 
11 1 23 
1 1
30 1 29 
7 1
6 1 8 
27 1 41 
12 1 9 
26 1 38 
8 1 35 
21 1 45 
17 1 29 
3 1
11 1 6 
7 1 7 
9 1 9 

4 3
2 3
14 1 8 2 12 3 2 
29 1 4 2 2 3 1 
9 1
5 1 2 
3 1 10 
23 1 14 
6 1 17 
27 1 2 
15 1 20 
17 1 3 
9 1 9 
30 1 7 
6 2
24 1 2 2 35 
23 1 3 2 2 
28 1 2 2 6 
30 1 22 2 19 
10 1 10 2 1 
4 1 15 2 19 
7 2
17 2 9 3 1 
4 2 11 3 21 
16 2 26 3 6 
29 2 3 3 30 
8 2 19 3 9 
27 2 3 3 11 
2 2 4 3 15 

3 3
4 2
8 1 6 2 10 
27 1 8 2 7 
4 1 10 2 6 
21 1 24 2 14 
6 3
12 1 23 2 8 3 5 
21 1 11 2 12 3 14 
5 1 10 2 3 3 2 
23 1 8 2 4 3 13 
16 1 6 2 3 3 2 
14 1 7 2 4 3 1 
4 2
15 1 4 2 1 
21 1 3 2 3 
29 1 13 2 4 
13 1 3 2 7 

1 1
6 1
25 1 40 
18 1 44 
26 1 7 
17 1 31 
6 1 25 
12 1 49 

5 2
6 1
15 2 3 
29 2 34 
23 2 13 
25 2 38 
9 2 3 
1 2 7 
6 2
11 1 4 2 26 
28 1 2 2 14 
25 1 21 2 18 
23 1 8 2 10 
29 1 22 2 12 
1 1 23 2 9 
5 1
25 2 6 
23 2 33 
15 2 12 
16 2 7 
19 2 27 
9 1
28 2 4 
14 2 30 
30 2 24 
25 2 15 
18 2 17 
5 2 7 
19 2 34 
20 2 1 
29 2 9 
8 2
14 1 4 2 39 
4 1 2 2 6 
12 1 7 2 13 
27 1 17 2 3 
20 1 29 2 6 
25 1 7 2 5 
11 1 17 2 20 
9 1 31 2 17 

3 2
1 1
7 2 19 
5 2
14 1 6 2 12 
26 1 12 2 14 
22 1 20 2 2 
28 1 15 2 13 
6 1 17 2 5 
5 2
13 1 17 2 17 
4 1 8 2 37 
11 1 6 2 9 
17 1 5 2 29 
3 1 6 2 5 


10
4 1
4 1
12 1 7 
4 1 34 
23 1 23 
20 1 26 
4 1
24 1 27 
8 1 42 
29 1 10 
10 1 27 
6 1
5 1 11 
4 1 37 
21 1 14 
7 1 26 
25 1 31 
22 1 29 
6 1
9 1 47 
20 1 47 
27 1 6 
8 1 49 
25 1 18 
6 1 32 

2 1
6 1
14 1 11 
5 1 28 
30 1 19 
6 1 21 
23 1 5 
8 1 36 
6 1
15 1 16 
5 1 42 
20 1 23 
16 1 6 
2 1 31 
10 1 45 

4 2
7 2
23 1 28 2 5 
19 1 25 2 11 
29 1 11 2 2 
9 1 5 2 1 
27 1 3 2 34 
21 1 6 2 2 
7 1 6 2 1 
8 2
29 1 2 2 7 
24 1 6 2 18 
12 1 20 2 21 
21 1 14 2 10 
8 1 18 2 23 
13 1 2 2 6 
25 1 9 2 39 
20 1 16 2 12 
9 1
9 2 2 
29 2 36 
27 2 28 
23 2 19 
12 2 12 
28 2 14 
8 2 29 
10 2 25 
18 2 3 
1 1
19 1 40 

2 2
1 2
21 1 9 2 40 
10 1
19 1 10 
2 1 13 
10 1 25 
14 1 32 
29 1 39 
23 1 35 
30 1 26 
9 1 12 
24 1 38 
26 1 24 

5 3
3 2
21 1 10 2 4 
11 1 5 2 2 
5 1 17 2 26 
4 3
7 1 3 2 6 3 9 
1 1 10 2 13 3 12 
22 1 7 2 2 3 3 
17 1 5 2 8 3 5 
3 2
3 2 8 3 2 
9 2 2 3 2 
29 2 7 3 2 
9 2
29 1 3 2 4 
27 1 16 2 5 
22 1 9 2 6 
26 1 24 2 12 
1 1 2 2 19 
30 1 2 2 1 
14 1 5 2 3 
28 1 2 2 2 
13 1 13 2 1 
8 1
23 3 3 
28 3 32 
9 3 1 
16 3 1 
20 3 16 
3 3 2 
24 3 1 
8 3 9 

4 2
10 1
24 2 20 
29 2 11 
26 2 26 
9 2 5 
6 2 4 
15 2 11 
14 2 9 
3 2 9 
22 2 6 
19 2 13 
5 2
1 1 10 2 16 
3 1 14 2 6 
17 1 21 2 3 
28 1 9 2 1 
20 1 13 2 28 
6 2
5 1 17 2 5 
21 1 7 2 10 
4 1 23 2 10 
26 1 8 2 2 
27 1 37 2 3 
23 1 13 2 4 
8 1
21 2 1 
9 2 35 
10 2 1 
27 2 3 
2 2 13 
12 2 18 
20 2 11 
29 2 11 

5 3
8 2
12 1 19 2 24 
25 1 17 2 14 
17 1 4 2 10 
14 1 4 2 4 
26 1 3 2 2 
28 1 10 2 9 
8 1 2 2 17 
29 1 3 2 25 
6 1
16 1 6 
12 1 23 
19 1 3 
28 1 3 
30 1 4 
4 1 2 
9 3
27 1 11 2 7 3 4 
13 1 2 2 2 3 1 
19 1 26 2 5 3 4 
6 1 18 2 8 3 11 
15 1 4 2 10 3 9 
17 1 3 2 3 3 1 
4 1 7 2 3 3 8 
3 1 7 2 14 3 8 
11 1 30 2 14 3 1 
4 3
18 1 7 2 28 3 12 
30 1 9 2 11 3 3 
9 1 2 2 17 3 1 
3 1 22 2 7 3 17 
1 2
2 2 4 3 5 

5 4
10 2
3 2 4 3 11 
25 2 7 3 20 
28 2 13 3 1 
6 2 9 3 5 
17 2 8 3 29 
16 2 1 3 8 
8 2 3 3 6 
12 2 5 3 6 
27 2 2 3 2 
20 2 4 3 5 
8 1
5 3 1 
24 3 1 
26 3 4 
19 3 6 
10 3 4 
28 3 11 
20 3 1 
30 3 3 
4 3
19 1 2 2 2 3 1 
18 1 10 2 5 3 17 
13 1 2 2 23 3 4 
29 1 5 2 9 3 9 
2 2
14 3 5 4 1 
8 3 5 4 5 
6 4
5 1 12 2 3 3 2 4 2 
13 1 22 2 8 3 6 4 6 
27 1 2 2 9 3 1 4 31 
6 1 14 2 5 3 1 4 2 
25 1 2 2 1 3 1 4 1 
29 1 2 2 11 3 2 4 2 

4 3
7 3
11 1 13 2 2 3 5 
6 1 21 2 1 3 15 
2 1 4 2 3 3 20 
10 1 11 2 1 3 4 
28 1 17 2 7 3 2 
20 1 6 2 3 3 19 
19 1 2 2 6 3 2 
7 1
5 1 3 
8 1 12 
9 1 7 
2 1 10 
20 1 4 
23 1 8 
16 1 3 
5 3
4 1 12 2 6 3 5 
21 1 14 2 5 3 7 
6 1 12 2 15 3 4 
25 1 10 2 13 3 18 
12 1 12 2 5 3 14 
6 3
9 1 9 2 5 3 26 
4 1 9 2 3 3 8 
6 1 3 2 2 3 1 
3 1 8 2 14 3 27 
16 1 13 2 3 3 14 
20 1 2 2 1 3 2 

1 1
1 1
3 1 37 


10
3 2
7 1
8 1 25 
6 1 4 
14 1 17 
12 1 6 
13 1 10 
21 1 6 
15 1 2 
10 2
3 1 18 2 8 
19 1 4 2 22 
9 1 5 2 3 
2 1 18 2 6 
11 1 31 2 10 
6 1 12 2 12 
26 1 19 2 10 
1 1 4 2 43 
5 1 32 2 7 
21 1 5 2 12 
5 2
6 1 11 2 25 
30 1 8 2 14 
4 1 29 2 4 
29 1 41 2 1 
24 1 14 2 23 

3 3
8 1
5 3 2 
21 3 2 
2 3 2 
14 3 1 
8 3 12 
1 3 13 
10 3 4 
26 3 16 
3 3
14 1 18 2 10 3 7 
18 1 5 2 7 3 9 
6 1 3 2 1 3 2 
4 1
9 2 9 
25 2 3 
23 2 17 
27 2 3 

3 3
7 1
4 1 2 
30 1 18 
14 1 19 
3 1 7 
20 1 21 
7 1 3 
15 1 3 
2 2
30 2 13 3 6 
28 2 8 3 25 
5 3
29 1 13 2 8 3 13 
6 1 2 2 5 3 1 
14 1 6 2 12 3 2 
28 1 5 2 3 3 18 
4 1 19 2 4 3 15 

1 1
10 1
4 1 38 
8 1 13 
3 1 47 
28 1 10 
22 1 9 
16 1 33 
15 1 16 
5 1 8 
25 1 48 
29 1 14 

2 2
2 2
14 1 7 2 4 
7 1 9 2 30 
1 1
30 1 3 

4 3
1 1
30 3 16 
6 3
1 1 5 2 2 3 9 
26 1 2 2 12 3 13 
3 1 7 2 16 3 4 
15 1 2 2 6 3 13 
28 1 3 2 3 3 30 
25 1 7 2 8 3 15 
3 2
26 1 2 2 6 
5 1 22 2 3 
27 1 7 2 1 
8 3
28 1 32 2 3 3 3 
15 1 2 2 6 3 4 
30 1 9 2 10 3 1 
1 1 7 2 9 3 2 
29 1 6 2 36 3 1 
24 1 9 2 18 3 5 
13 1 3 2 13 3 11 
14 1 6 2 24 3 19 

2 1
6 1
26 1 42 
19 1 7 
14 1 14 
21 1 27 
17 1 12 
25 1 11 
2 1
20 1 28 
28 1 17 

3 2
7 1
24 1 7 
5 1 14 
14 1 18 
17 1 2 
1 1 27 
13 1 4 
21 1 10 
4 2
26 1 32 2 15 
16 1 12 2 29 
15 1 6 2 17 
5 1 32 2 15 
8 1
10 2 28 
28 2 11 
20 2 18 
15 2 3 
14 2 3 
3 2 6 
21 2 15 
23 2 1 

5 2
5 1
12 2 21 
6 2 11 
18 2 21 
21 2 11 
4 2 9 
4 1
9 2 7 
23 2 17 
12 2 33 
28 2 11 
8 2
6 1 6 2 16 
25 1 9 2 25 
14 1 25 2 16 
3 1 15 2 28 
13 1 16 2 25 
24 1 2 2 37 
12 1 25 2 19 
1 1 12 2 7 
9 2
5 1 7 2 16 
10 1 14 2 22 
25 1 4 2 8 
24 1 27 2 12 
15 1 21 2 18 
13 1 17 2 1 
20 1 3 2 20 
1 1 15 2 5 
2 1 8 2 25 
8 1
20 1 6 
5 1 11 
24 1 17 
27 1 24 
7 1 21 
12 1 8 
15 1 7 
8 1 8 

4 3
1 1
17 1 28 
6 3
5 1 7 2 7 3 18 
26 1 6 2 4 3 23 
10 1 2 2 2 3 4 
22 1 8 2 3 3 34 
14 1 7 2 6 3 7 
3 1 3 2 1 3 1 
8 3
5 1 3 2 2 3 3 
13 1 15 2 3 3 6 
26 1 6 2 21 3 15 
12 1 3 2 1 3 2 
8 1 7 2 9 3 3 
7 1 22 2 13 3 1 
1 1 2 2 16 3 4 
21 1 12 2 33 3 2 
10 3
4 1 6 2 10 3 13 
20 1 15 2 21 3 9 
18 1 2 2 2 3 6 
29 1 7 2 18 3 6 
21 1 7 2 3 3 4 
16 1 11 2 32 3 4 
6 1 29 2 4 3 1 
27 1 6 2 36 3 7 
24 1 6 2 3 3 4 
22 1 19 2 5 3 13 


10
4 1
10 1
10 1 43 
26 1 36 
27 1 42 
4 1 24 
9 1 43 
7 1 40 
25 1 45 
1 1 41 
12 1 25 
29 1 46 
9 1
1 1 26 
27 1 18 
5 1 23 
10 1 6 
26 1 33 
24 1 30 
29 1 9 
23 1 25 
21 1 5 
2 1
13 1 21 
12 1 10 
4 1
22 1 49 
25 1 12 
23 1 25 
5 1 24 

2 2
7 2
28 1 3 2 3 
6 1 37 2 10 
8 1 14 2 18 
20 1 3 2 30 
15 1 15 2 20 
16 1 23 2 23 
30 1 20 2 1 
1 2
25 1 5 2 1 

2 2
10 2
29 1 2 2 45 
17 1 5 2 33 
9 1 4 2 35 
25 1 11 2 36 
11 1 11 2 35 
2 1 32 2 7 
16 1 33 2 6 
23 1 2 2 9 
20 1 29 2 1 
6 1 10 2 4 
8 1
12 1 15 
1 1 16 
24 1 11 
29 1 19 
30 1 19 
13 1 14 
22 1 11 
7 1 2 

5 3
8 3
20 1 20 2 12 3 7 
25 1 5 2 9 3 1 
30 1 9 2 21 3 13 
16 1 2 2 7 3 17 
18 1 9 2 5 3 5 
1 1 19 2 1 3 11 
7 1 6 2 7 3 31 
27 1 5 2 13 3 8 
3 1
12 2 4 
15 2 12 
11 2 4 
2 1
21 3 2 
28 3 2 
7 3
1 1 7 2 9 3 2 
4 1 15 2 14 3 10 
8 1 4 2 13 3 1 
14 1 2 2 14 3 27 
21 1 16 2 4 3 16 
25 1 5 2 5 3 7 
2 1 17 2 8 3 8 
1 1
25 3 30 

3 3
2 1
4 2 5 
6 2 6 
10 3
29 1 13 2 6 3 5 
2 1 25 2 16 3 4 
22 1 6 2 9 3 29 
8 1 15 2 11 3 10 
13 1 14 2 1 3 15 
17 1 3 2 7 3 1 
1 1 15 2 2 3 11 
7 1 12 2 8 3 15 
24 1 3 2 10 3 4 
20 1 7 2 5 3 2 
9 1
25 3 4 
10 3 7 
24 3 40 
27 3 1 
9 3 18 
19 3 6 
4 3 16 
29 3 6 
28 3 1 

1 1
8 1
1 1 41 
8 1 15 
19 1 37 
7 1 12 
26 1 16 
9 1 36 
17 1 18 
28 1 43 

4 1
5 1
17 1 36 
21 1 25 
28 1 46 
9 1 11 
16 1 24 
7 1
8 1 40 
6 1 17 
12 1 25 
23 1 37 
29 1 20 
19 1 46 
28 1 41 
7 1
21 1 22 
20 1 12 
16 1 15 
19 1 6 
7 1 47 
4 1 6 
2 1 29 
6 1
1 1 39 
16 1 24 
12 1 42 
21 1 18 
6 1 42 
8 1 46 

5 4
3 1
24 1 10 
13 1 3 
10 1 11 
6 1
13 4 23 
28 4 1 
11 4 4 
12 4 7 
26 4 1 
10 4 5 
8 3
9 2 2 3 1 4 1 
27 2 1 3 1 4 5 
17 2 1 3 3 4 1 
6 2 2 3 14 4 9 
26 2 2 3 2 4 4 
12 2 1 3 1 4 1 
28 2 4 3 18 4 3 
10 2 4 3 11 4 6 
6 3
21 1 3 2 3 3 11 
24 1 8 2 1 3 7 
26 1 6 2 7 3 4 
18 1 13 2 8 3 10 
4 1 18 2 10 3 8 
28 1 2 2 1 3 2 
1 4
4 1 6 2 7 3 1 4 2 

1 1
1 1
12 1 24 

4 1
10 1
12 1 22 
26 1 15 
23 1 38 
18 1 40 
3 1 6 
4 1 31 
8 1 37 
25 1 47 
15 1 33 
24 1 11 
3 1
27 1 49 
8 1 15 
22 1 37 
6 1
5 1 49 
19 1 11 
30 1 48 
24 1 10 
12 1 43 
20 1 47 
1 1
1 1 6 


