10 20 100 2 2

10
1 1
10 1
18 1 49 
16 1 9 
1 1 31 
17 1 35 
6 1 43 
13 1 26 
7 1 42 
11 1 30 
3 1 25 
20 1 20 

2 2
6 2
2 1 3 2 17 
13 1 9 2 20 
9 1 8 2 6 
8 1 30 2 5 
5 1 25 2 10 
1 1 31 2 10 
10 2
13 1 5 2 35 
6 1 9 2 3 
10 1 29 2 6 
19 1 10 2 17 
1 1 12 2 16 
9 1 28 2 9 
7 1 10 2 33 
20 1 7 2 7 
16 1 3 2 20 
8 1 9 2 4 

2 2
10 2
1 1 15 2 6 
12 1 20 2 16 
6 1 4 2 25 
2 1 8 2 5 
14 1 2 2 9 
13 1 3 2 31 
18 1 6 2 8 
15 1 17 2 19 
4 1 10 2 29 
19 1 20 2 20 
7 2
11 1 26 2 5 
15 1 3 2 7 
7 1 16 2 8 
6 1 17 2 7 
9 1 23 2 3 
5 1 27 2 2 
8 1 4 2 12 

1 1
7 1
16 1 36 
8 1 23 
15 1 46 
18 1 28 
14 1 30 
17 1 23 
5 1 27 

1 1
3 1
18 1 30 
5 1 40 
1 1 43 

2 1
8 1
20 1 13 
18 1 31 
9 1 32 
13 1 25 
10 1 26 
7 1 11 
16 1 21 
6 1 19 
9 1
11 1 41 
13 1 12 
16 1 27 
3 1 11 
4 1 38 
8 1 9 
6 1 16 
5 1 8 
7 1 12 

1 1
5 1
17 1 10 
15 1 16 
1 1 14 
11 1 25 
4 1 24 

2 1
2 1
8 1 41 
10 1 16 
8 1
8 1 19 
7 1 33 
4 1 41 
1 1 24 
19 1 17 
9 1 23 
3 1 22 
10 1 19 

2 2
3 1
18 1 11 
3 1 45 
9 1 18 
7 2
12 1 14 2 7 
15 1 3 2 43 
8 1 12 2 16 
13 1 5 2 33 
10 1 9 2 6 
5 1 31 2 5 
20 1 4 2 18 

2 1
8 1
7 1 5 
6 1 37 
16 1 42 
14 1 29 
5 1 19 
18 1 37 
17 1 6 
12 1 10 
7 1
12 1 12 
1 1 9 
19 1 11 
17 1 45 
15 1 12 
20 1 48 
14 1 22 


10
2 2
6 1
5 2 15 
9 2 3 
12 2 24 
13 2 3 
17 2 5 
4 2 14 
3 2
4 1 5 2 3 
12 1 4 2 13 
15 1 3 2 3 

2 2
10 2
8 1 3 2 33 
20 1 9 2 19 
17 1 26 2 7 
10 1 2 2 4 
1 1 19 2 2 
4 1 2 2 13 
5 1 2 2 35 
11 1 34 2 5 
2 1 11 2 27 
12 1 7 2 1 
9 1
7 2 1 
2 2 4 
16 2 18 
15 2 14 
11 2 4 
8 2 18 
10 2 27 
6 2 8 
19 2 8 

1 1
6 1
8 1 22 
18 1 43 
13 1 30 
12 1 23 
7 1 9 
20 1 37 

1 1
1 1
1 1 14 

2 1
9 1
18 1 13 
8 1 29 
2 1 9 
10 1 27 
7 1 34 
17 1 17 
16 1 29 
1 1 41 
5 1 22 
8 1
17 1 37 
13 1 36 
3 1 9 
4 1 10 
10 1 23 
18 1 45 
9 1 32 
6 1 19 

1 1
6 1
11 1 43 
4 1 19 
6 1 45 
7 1 46 
5 1 47 
1 1 44 

2 1
10 1
2 1 14 
10 1 29 
9 1 31 
11 1 12 
1 1 19 
7 1 39 
5 1 12 
12 1 17 
6 1 7 
14 1 41 
4 1
8 1 20 
20 1 46 
12 1 35 
18 1 32 

2 1
3 1
15 1 41 
4 1 9 
2 1 24 
9 1
6 1 18 
16 1 22 
12 1 6 
13 1 9 
19 1 44 
3 1 48 
10 1 8 
20 1 27 
1 1 33 

2 1
3 1
13 1 14 
2 1 25 
20 1 30 
5 1
9 1 41 
16 1 40 
10 1 23 
12 1 38 
2 1 38 

1 1
9 1
2 1 20 
9 1 47 
11 1 5 
20 1 18 
17 1 40 
5 1 28 
3 1 25 
10 1 13 
19 1 6 


10
1 1
9 1
2 1 45 
4 1 41 
17 1 25 
5 1 40 
7 1 31 
3 1 24 
10 1 34 
15 1 19 
16 1 22 

2 2
1 1
10 1 2 
5 2
15 1 2 2 7 
4 1 16 2 21 
10 1 12 2 29 
20 1 33 2 8 
3 1 6 2 14 

2 1
5 1
17 1 16 
7 1 47 
13 1 19 
15 1 46 
2 1 37 
10 1
16 1 40 
17 1 34 
8 1 21 
13 1 8 
4 1 49 
18 1 6 
1 1 27 
6 1 26 
19 1 28 
14 1 22 

2 1
3 1
7 1 19 
19 1 45 
17 1 33 
4 1
11 1 34 
20 1 6 
17 1 44 
6 1 22 

2 2
8 2
11 1 15 2 12 
2 1 10 2 15 
20 1 18 2 21 
15 1 8 2 5 
3 1 14 2 14 
13 1 12 2 16 
19 1 30 2 5 
14 1 10 2 8 
5 1
15 2 22 
5 2 4 
10 2 24 
1 2 10 
7 2 6 

1 1
10 1
3 1 23 
4 1 6 
11 1 21 
6 1 41 
20 1 14 
13 1 35 
10 1 49 
15 1 46 
12 1 46 
16 1 37 

1 1
6 1
17 1 39 
3 1 28 
13 1 45 
10 1 7 
7 1 20 
2 1 35 

2 1
4 1
8 1 48 
12 1 23 
1 1 13 
17 1 25 
5 1
17 1 19 
6 1 25 
14 1 28 
1 1 17 
12 1 29 

1 1
1 1
8 1 26 

2 2
8 1
4 1 9 
19 1 4 
14 1 20 
20 1 28 
18 1 16 
16 1 23 
7 1 8 
9 1 22 
8 2
20 1 5 2 28 
14 1 36 2 12 
6 1 29 2 5 
16 1 4 2 13 
17 1 21 2 6 
5 1 7 2 32 
1 1 5 2 5 
15 1 3 2 22 


10
1 1
3 1
1 1 29 
11 1 15 
10 1 39 

2 1
3 1
20 1 27 
8 1 41 
12 1 13 
9 1
16 1 24 
7 1 10 
15 1 33 
10 1 42 
5 1 12 
8 1 25 
17 1 32 
19 1 44 
6 1 44 

1 1
3 1
20 1 30 
6 1 31 
9 1 12 

2 1
9 1
9 1 21 
8 1 26 
12 1 44 
17 1 8 
6 1 30 
14 1 48 
10 1 10 
18 1 44 
15 1 7 
5 1
1 1 46 
20 1 9 
3 1 33 
18 1 12 
15 1 37 

2 1
3 1
15 1 10 
5 1 29 
8 1 15 
6 1
14 1 14 
8 1 8 
9 1 27 
3 1 42 
13 1 10 
5 1 40 

1 1
7 1
13 1 30 
18 1 49 
7 1 37 
6 1 19 
9 1 17 
12 1 31 
17 1 41 

2 1
10 1
16 1 19 
14 1 41 
7 1 6 
12 1 18 
2 1 11 
9 1 49 
3 1 26 
13 1 13 
17 1 29 
4 1 40 
8 1
1 1 45 
5 1 13 
10 1 34 
20 1 28 
17 1 46 
7 1 32 
11 1 9 
8 1 37 

2 1
2 1
19 1 16 
3 1 31 
4 1
8 1 33 
10 1 33 
5 1 21 
15 1 12 

2 1
8 1
11 1 10 
14 1 48 
17 1 47 
4 1 33 
5 1 7 
18 1 39 
16 1 7 
10 1 48 
7 1
8 1 18 
9 1 15 
6 1 26 
2 1 48 
15 1 26 
5 1 43 
18 1 46 

2 2
5 1
17 2 5 
6 2 8 
1 2 14 
3 2 2 
2 2 6 
9 2
3 1 13 2 36 
10 1 14 2 9 
9 1 26 2 22 
20 1 24 2 15 
11 1 5 2 21 
13 1 6 2 7 
7 1 17 2 10 
12 1 43 2 1 
19 1 6 2 5 


10
2 2
1 2
1 1 7 2 12 
3 1
19 2 1 
6 2 6 
3 2 20 

1 1
4 1
16 1 40 
8 1 7 
17 1 16 
1 1 8 

2 1
6 1
14 1 39 
4 1 47 
3 1 15 
12 1 30 
16 1 16 
17 1 26 
3 1
1 1 42 
13 1 7 
3 1 15 

1 1
4 1
18 1 37 
5 1 7 
4 1 26 
7 1 36 

1 1
3 1
16 1 11 
7 1 49 
18 1 28 

2 1
6 1
12 1 19 
2 1 48 
9 1 9 
5 1 40 
13 1 26 
3 1 39 
6 1
10 1 29 
8 1 13 
18 1 21 
16 1 31 
1 1 5 
2 1 32 

1 1
7 1
16 1 22 
2 1 38 
12 1 43 
11 1 49 
15 1 16 
7 1 23 
8 1 32 

2 1
2 1
3 1 30 
20 1 15 
1 1
19 1 14 

2 1
7 1
3 1 23 
7 1 13 
18 1 45 
15 1 6 
17 1 9 
1 1 33 
10 1 7 
1 1
12 1 24 

2 2
8 2
14 1 2 2 10 
17 1 6 2 20 
7 1 11 2 8 
18 1 12 2 15 
3 1 6 2 34 
10 1 4 2 1 
5 1 19 2 22 
13 1 29 2 15 
10 1
16 1 2 
4 1 18 
8 1 16 
9 1 6 
12 1 10 
6 1 4 
2 1 42 
11 1 6 
20 1 7 
7 1 14 


10
1 1
9 1
3 1 44 
11 1 48 
9 1 39 
16 1 35 
18 1 30 
13 1 28 
19 1 17 
7 1 24 
14 1 14 

1 1
5 1
20 1 13 
4 1 46 
8 1 43 
3 1 12 
11 1 26 

2 2
2 2
10 1 25 2 6 
6 1 46 2 1 
1 2
8 1 3 2 4 

2 1
6 1
2 1 14 
19 1 27 
12 1 28 
9 1 42 
8 1 31 
6 1 10 
10 1
8 1 20 
2 1 14 
9 1 36 
6 1 12 
4 1 17 
19 1 41 
17 1 8 
13 1 47 
1 1 43 
7 1 24 

2 2
8 2
10 1 4 2 1 
20 1 3 2 10 
14 1 8 2 10 
5 1 13 2 5 
3 1 13 2 1 
16 1 25 2 8 
6 1 27 2 22 
9 1 9 2 28 
9 2
19 1 14 2 20 
8 1 25 2 20 
20 1 10 2 39 
1 1 2 2 10 
13 1 7 2 16 
17 1 4 2 20 
16 1 5 2 3 
5 1 18 2 25 
15 1 11 2 18 

2 2
6 2
1 1 7 2 7 
15 1 2 2 11 
16 1 12 2 5 
12 1 3 2 14 
11 1 9 2 3 
6 1 3 2 35 
2 1
12 2 14 
1 2 7 

2 2
3 2
1 1 4 2 5 
20 1 12 2 2 
4 1 16 2 8 
2 1
17 1 18 
12 1 8 

2 1
7 1
17 1 35 
11 1 18 
5 1 20 
2 1 22 
3 1 6 
1 1 35 
9 1 46 
7 1
16 1 20 
14 1 20 
18 1 46 
8 1 21 
6 1 9 
12 1 31 
5 1 20 

2 1
6 1
9 1 48 
18 1 7 
10 1 40 
5 1 41 
3 1 6 
14 1 11 
4 1
13 1 48 
6 1 17 
4 1 20 
14 1 36 

2 1
2 1
1 1 20 
15 1 47 
4 1
16 1 39 
3 1 20 
9 1 49 
14 1 8 


10
2 1
4 1
9 1 7 
7 1 20 
2 1 43 
20 1 25 
6 1
20 1 11 
9 1 42 
4 1 17 
10 1 34 
11 1 31 
1 1 48 

1 1
5 1
17 1 15 
20 1 11 
18 1 49 
11 1 36 
9 1 16 

2 2
4 2
7 1 13 2 31 
1 1 10 2 5 
11 1 7 2 7 
16 1 10 2 8 
4 1
3 1 20 
8 1 7 
2 1 26 
1 1 5 

2 2
7 2
9 1 8 2 21 
1 1 14 2 18 
12 1 3 2 14 
15 1 25 2 1 
10 1 17 2 11 
19 1 7 2 11 
16 1 31 2 6 
5 2
1 1 12 2 26 
11 1 2 2 41 
3 1 45 2 2 
6 1 8 2 10 
10 1 17 2 6 

1 1
8 1
4 1 36 
15 1 12 
6 1 45 
5 1 20 
14 1 24 
19 1 10 
1 1 46 
18 1 28 

1 1
3 1
8 1 48 
9 1 5 
17 1 36 

1 1
5 1
12 1 36 
10 1 23 
1 1 22 
15 1 41 
20 1 22 

1 1
1 1
2 1 26 

2 2
4 2
8 1 4 2 13 
16 1 26 2 1 
9 1 14 2 20 
12 1 5 2 11 
6 2
13 1 2 2 26 
15 1 5 2 29 
19 1 6 2 1 
4 1 5 2 13 
2 1 35 2 1 
14 1 6 2 33 

1 1
10 1
11 1 20 
19 1 27 
6 1 43 
15 1 24 
9 1 18 
1 1 33 
3 1 39 
2 1 46 
17 1 47 
18 1 44 


10
1 1
9 1
12 1 17 
16 1 42 
1 1 6 
9 1 13 
17 1 10 
8 1 9 
15 1 30 
18 1 34 
13 1 8 

2 2
4 2
11 1 28 2 16 
13 1 4 2 18 
16 1 29 2 19 
19 1 14 2 4 
10 2
18 1 4 2 1 
19 1 11 2 7 
20 1 7 2 6 
2 1 9 2 15 
1 1 35 2 3 
6 1 2 2 21 
13 1 6 2 27 
5 1 11 2 17 
17 1 33 2 8 
14 1 2 2 4 

1 1
3 1
19 1 23 
1 1 37 
20 1 39 

1 1
2 1
12 1 13 
14 1 48 

2 1
2 1
20 1 47 
10 1 9 
8 1
17 1 13 
9 1 23 
20 1 14 
15 1 13 
5 1 31 
11 1 32 
19 1 29 
13 1 14 

1 1
8 1
19 1 19 
15 1 21 
18 1 23 
20 1 30 
6 1 40 
13 1 40 
16 1 9 
5 1 19 

2 2
10 2
10 1 26 2 21 
14 1 2 2 10 
13 1 29 2 8 
8 1 4 2 12 
4 1 2 2 5 
20 1 38 2 7 
18 1 10 2 18 
9 1 34 2 8 
16 1 17 2 14 
5 1 14 2 19 
10 2
16 1 3 2 4 
9 1 11 2 28 
3 1 7 2 3 
13 1 3 2 14 
1 1 6 2 1 
10 1 20 2 16 
14 1 8 2 10 
6 1 15 2 13 
4 1 15 2 34 
11 1 5 2 1 

1 1
2 1
13 1 18 
20 1 30 

1 1
8 1
1 1 46 
20 1 11 
15 1 45 
17 1 36 
2 1 14 
11 1 39 
6 1 21 
5 1 15 

2 2
6 2
10 1 9 2 21 
2 1 30 2 18 
14 1 22 2 5 
18 1 35 2 8 
17 1 35 2 10 
16 1 15 2 14 
6 1
13 1 2 
3 1 4 
5 1 9 
4 1 9 
14 1 16 
10 1 2 


10
2 2
8 1
18 1 8 
5 1 22 
17 1 5 
11 1 13 
2 1 14 
7 1 21 
8 1 20 
19 1 27 
5 2
1 1 22 2 5 
4 1 29 2 3 
15 1 6 2 3 
18 1 43 2 6 
13 1 43 2 1 

2 1
1 1
11 1 30 
1 1
20 1 39 

2 2
10 2
16 1 3 2 10 
19 1 3 2 17 
5 1 6 2 5 
10 1 3 2 10 
17 1 5 2 14 
11 1 11 2 20 
13 1 7 2 14 
1 1 7 2 16 
2 1 26 2 11 
15 1 9 2 14 
10 2
6 1 9 2 22 
16 1 14 2 9 
7 1 2 2 27 
20 1 21 2 13 
15 1 24 2 10 
3 1 12 2 7 
8 1 18 2 13 
11 1 3 2 24 
19 1 13 2 10 
13 1 9 2 31 

1 1
3 1
20 1 18 
5 1 41 
14 1 49 

2 1
8 1
14 1 19 
8 1 36 
6 1 43 
3 1 38 
19 1 29 
11 1 13 
16 1 20 
7 1 14 
2 1
1 1 43 
8 1 5 

1 1
9 1
16 1 23 
4 1 28 
13 1 46 
2 1 15 
10 1 14 
12 1 17 
17 1 5 
19 1 16 
8 1 23 

1 1
5 1
18 1 28 
14 1 21 
15 1 5 
2 1 14 
9 1 40 

2 1
9 1
5 1 6 
10 1 10 
16 1 11 
17 1 19 
9 1 10 
13 1 46 
8 1 5 
7 1 37 
12 1 7 
5 1
5 1 26 
10 1 26 
1 1 35 
20 1 9 
14 1 20 

2 2
9 2
8 1 6 2 9 
2 1 4 2 27 
16 1 27 2 21 
12 1 16 2 15 
17 1 18 2 18 
3 1 27 2 3 
14 1 5 2 27 
20 1 4 2 2 
7 1 2 2 21 
6 1
8 1 24 
2 1 9 
14 1 36 
3 1 5 
4 1 36 
7 1 5 

2 1
8 1
9 1 26 
14 1 10 
2 1 28 
4 1 24 
12 1 33 
13 1 9 
15 1 30 
7 1 22 
7 1
19 1 31 
5 1 9 
20 1 12 
6 1 8 
12 1 10 
13 1 18 
3 1 24 


10
2 1
1 1
2 1 22 
9 1
2 1 27 
17 1 10 
15 1 10 
10 1 32 
1 1 6 
19 1 30 
18 1 47 
4 1 26 
14 1 40 

1 1
2 1
9 1 31 
12 1 44 

2 1
4 1
20 1 8 
2 1 23 
5 1 21 
9 1 14 
9 1
19 1 39 
13 1 16 
3 1 23 
8 1 14 
15 1 11 
12 1 13 
11 1 26 
5 1 26 
10 1 18 

1 1
5 1
6 1 31 
13 1 49 
12 1 23 
17 1 45 
1 1 33 

2 1
5 1
19 1 33 
11 1 22 
9 1 21 
16 1 33 
18 1 22 
2 1
14 1 25 
1 1 30 

1 1
3 1
11 1 38 
19 1 37 
8 1 25 

2 2
4 2
16 1 17 2 23 
3 1 21 2 12 
8 1 9 2 7 
14 1 6 2 35 
3 1
5 2 5 
12 2 20 
11 2 3 

2 1
10 1
7 1 47 
4 1 47 
5 1 6 
3 1 41 
17 1 5 
12 1 35 
6 1 6 
10 1 28 
8 1 24 
13 1 37 
8 1
12 1 29 
20 1 32 
15 1 24 
11 1 34 
18 1 8 
6 1 16 
10 1 43 
2 1 25 

1 1
5 1
19 1 34 
2 1 25 
15 1 26 
12 1 31 
14 1 27 

2 1
9 1
20 1 34 
9 1 46 
7 1 38 
8 1 11 
5 1 23 
3 1 11 
17 1 25 
14 1 24 
15 1 34 
8 1
13 1 48 
15 1 38 
8 1 30 
9 1 36 
2 1 32 
18 1 37 
12 1 38 
19 1 33 


