10 30 100 5 5

10
2 1
5 1
17 1 46 
11 1 43 
29 1 9 
6 1 7 
30 1 29 
5 1
30 1 13 
19 1 12 
15 1 11 
10 1 29 
26 1 9 

5 2
8 2
28 1 6 2 28 
26 1 4 2 13 
1 1 2 2 3 
3 1 6 2 18 
18 1 10 2 8 
30 1 27 2 12 
20 1 6 2 28 
8 1 3 2 3 
3 2
3 1 21 2 7 
15 1 16 2 18 
9 1 24 2 7 
4 1
28 1 5 
2 1 16 
9 1 9 
30 1 7 
5 2
16 1 7 2 18 
19 1 6 2 5 
8 1 16 2 11 
18 1 3 2 40 
21 1 3 2 31 
2 1
29 2 18 
3 2 4 

2 1
1 1
12 1 33 
2 1
22 1 30 
27 1 22 

4 3
9 1
2 1 31 
3 1 3 
11 1 7 
24 1 4 
9 1 7 
29 1 3 
16 1 19 
12 1 2 
27 1 22 
5 1
3 3 20 
14 3 10 
12 3 9 
13 3 11 
19 3 10 
2 1
20 3 1 
23 3 8 
5 3
27 1 7 2 2 3 23 
23 1 3 2 3 3 7 
30 1 5 2 7 3 32 
5 1 6 2 14 3 9 
8 1 35 2 4 3 4 

3 1
7 1
19 1 31 
26 1 5 
8 1 30 
14 1 44 
9 1 17 
15 1 34 
24 1 41 
5 1
3 1 14 
14 1 13 
29 1 15 
20 1 41 
15 1 38 
1 1
19 1 9 

3 1
5 1
6 1 6 
8 1 32 
23 1 7 
28 1 22 
15 1 5 
9 1
11 1 40 
9 1 24 
21 1 49 
19 1 49 
22 1 19 
15 1 31 
5 1 38 
26 1 7 
6 1 23 
4 1
4 1 10 
27 1 24 
3 1 15 
16 1 5 

3 1
5 1
29 1 18 
10 1 37 
12 1 27 
1 1 8 
19 1 15 
4 1
12 1 12 
6 1 35 
30 1 47 
13 1 5 
1 1
1 1 24 

1 1
5 1
13 1 13 
27 1 12 
3 1 40 
8 1 40 
30 1 32 

4 4
6 4
6 1 6 2 6 3 2 4 6 
11 1 2 2 8 3 28 4 4 
30 1 6 2 8 3 25 4 7 
24 1 11 2 20 3 2 4 5 
8 1 3 2 3 3 1 4 1 
28 1 2 2 2 3 1 4 1 
6 1
8 2 10 
26 2 1 
27 2 5 
15 2 1 
17 2 10 
24 2 9 
9 2
6 2 7 3 14 
29 2 12 3 5 
18 2 3 3 8 
10 2 2 3 11 
26 2 12 3 1 
20 2 9 3 4 
22 2 1 3 5 
16 2 9 3 13 
28 2 1 3 1 
6 2
27 3 16 4 4 
29 3 1 4 1 
8 3 3 4 1 
13 3 2 4 8 
2 3 13 4 5 
19 3 9 4 10 

1 1
4 1
1 1 44 
8 1 11 
22 1 29 
13 1 37 


10
4 1
5 1
29 1 16 
9 1 30 
8 1 9 
13 1 22 
7 1 27 
7 1
21 1 18 
7 1 7 
30 1 21 
10 1 36 
22 1 23 
11 1 23 
20 1 36 
5 1
19 1 18 
8 1 44 
17 1 49 
25 1 45 
29 1 48 
1 1
16 1 33 

4 3
9 2
21 2 3 3 6 
28 2 6 3 7 
9 2 4 3 21 
19 2 1 3 2 
18 2 1 3 31 
27 2 4 3 5 
5 2 1 3 15 
20 2 5 3 10 
16 2 23 3 3 
6 3
3 1 13 2 5 3 5 
2 1 25 2 22 3 1 
23 1 3 2 22 3 18 
19 1 2 2 6 3 3 
11 1 3 2 12 3 19 
22 1 34 2 2 3 12 
2 1
5 3 1 
30 3 22 
2 1
14 1 6 
10 1 10 

5 4
7 4
20 1 11 2 1 3 12 4 15 
29 1 6 2 2 3 2 4 2 
8 1 2 2 8 3 2 4 1 
15 1 4 2 4 3 15 4 5 
14 1 4 2 2 3 9 4 7 
16 1 2 2 3 3 2 4 1 
21 1 5 2 7 3 12 4 20 
6 1
18 3 5 
28 3 5 
29 3 4 
21 3 1 
5 3 2 
3 3 3 
7 4
4 1 13 2 7 3 1 4 3 
28 1 3 2 2 3 1 4 4 
7 1 20 2 8 3 2 4 7 
26 1 21 2 4 3 18 4 4 
1 1 2 2 4 3 5 4 1 
14 1 3 2 11 3 11 4 2 
3 1 11 2 2 3 2 4 19 
5 1
19 2 6 
13 2 11 
8 2 3 
15 2 4 
10 2 1 
3 1
1 3 2 
11 3 2 
23 3 3 

4 4
8 4
4 1 10 2 25 3 2 4 2 
19 1 7 2 10 3 5 4 13 
17 1 8 2 4 3 26 4 2 
11 1 7 2 3 3 9 4 8 
30 1 6 2 11 3 7 4 9 
26 1 31 2 1 3 7 4 3 
15 1 10 2 1 3 4 4 1 
21 1 17 2 1 3 11 4 14 
10 1
10 3 13 
24 3 5 
4 3 10 
25 3 9 
11 3 24 
1 3 3 
30 3 4 
29 3 3 
28 3 7 
3 3 2 
5 4
26 1 6 2 5 3 3 4 1 
17 1 14 2 3 3 2 4 4 
25 1 2 2 23 3 4 4 4 
13 1 27 2 6 3 4 4 1 
10 1 4 2 2 3 5 4 3 
4 4
21 1 12 2 11 3 13 4 2 
18 1 2 2 3 3 3 4 1 
27 1 14 2 4 3 20 4 7 
4 1 4 2 1 3 7 4 1 

1 1
7 1
2 1 41 
8 1 30 
26 1 18 
9 1 28 
25 1 6 
5 1 45 
20 1 21 

4 2
7 1
7 2 8 
22 2 2 
12 2 7 
24 2 1 
13 2 32 
14 2 2 
20 2 3 
10 2
16 1 5 2 2 
3 1 2 2 13 
8 1 40 2 4 
2 1 24 2 20 
14 1 7 2 9 
10 1 19 2 14 
30 1 7 2 12 
9 1 6 2 11 
13 1 8 2 26 
7 1 6 2 14 
6 1
5 1 9 
7 1 17 
17 1 40 
4 1 5 
2 1 24 
28 1 26 
5 1
16 1 36 
24 1 6 
12 1 31 
30 1 16 
11 1 28 

5 2
6 1
17 2 2 
20 2 2 
10 2 1 
11 2 22 
29 2 10 
3 2 1 
8 2
21 1 5 2 4 
8 1 35 2 3 
11 1 6 2 1 
9 1 32 2 8 
2 1 29 2 9 
29 1 9 2 38 
28 1 10 2 3 
13 1 5 2 28 
4 1
15 2 18 
21 2 7 
22 2 15 
8 2 15 
7 2
18 1 22 2 1 
29 1 20 2 4 
25 1 18 2 19 
9 1 25 2 23 
6 1 4 2 2 
17 1 12 2 23 
24 1 4 2 1 
7 1
4 2 2 
19 2 16 
20 2 1 
17 2 7 
3 2 7 
10 2 4 
13 2 13 

3 2
6 2
14 1 9 2 6 
12 1 3 2 43 
6 1 14 2 7 
21 1 13 2 25 
28 1 20 2 4 
29 1 9 2 9 
8 2
7 1 8 2 7 
16 1 22 2 15 
25 1 16 2 9 
15 1 2 2 3 
26 1 21 2 26 
12 1 37 2 6 
17 1 5 2 6 
21 1 4 2 23 
2 1
13 2 25 
14 2 40 

2 1
2 1
16 1 21 
12 1 49 
3 1
25 1 38 
21 1 40 
26 1 16 

1 1
8 1
5 1 35 
27 1 5 
16 1 31 
26 1 18 
3 1 25 
29 1 31 
24 1 28 
1 1 46 


10
3 3
9 1
20 1 3 
10 1 8 
13 1 2 
7 1 7 
4 1 9 
2 1 3 
12 1 7 
18 1 20 
5 1 6 
9 2
15 1 9 2 5 
10 1 17 2 4 
21 1 2 2 33 
30 1 16 2 29 
5 1 15 2 25 
25 1 7 2 12 
27 1 6 2 7 
4 1 9 2 8 
13 1 3 2 2 
10 3
13 1 2 2 6 3 12 
24 1 2 2 2 3 2 
7 1 3 2 3 3 5 
2 1 16 2 11 3 2 
5 1 32 2 8 3 1 
3 1 11 2 19 3 17 
15 1 19 2 1 3 28 
30 1 2 2 8 3 6 
11 1 3 2 3 3 13 
25 1 12 2 10 3 4 

5 1
10 1
23 1 19 
27 1 41 
2 1 5 
22 1 15 
29 1 20 
16 1 15 
24 1 27 
26 1 40 
7 1 16 
3 1 44 
4 1
5 1 36 
7 1 13 
26 1 12 
22 1 6 
10 1
30 1 48 
2 1 33 
5 1 10 
15 1 31 
19 1 26 
14 1 28 
7 1 43 
25 1 26 
20 1 21 
23 1 19 
2 1
10 1 48 
11 1 22 
7 1
7 1 28 
22 1 40 
4 1 24 
16 1 9 
3 1 43 
2 1 41 
6 1 32 

1 1
10 1
23 1 39 
8 1 31 
19 1 9 
7 1 5 
28 1 43 
5 1 14 
3 1 19 
21 1 14 
6 1 38 
13 1 32 

1 1
8 1
19 1 27 
10 1 28 
23 1 43 
28 1 47 
8 1 19 
21 1 9 
27 1 25 
15 1 47 

5 4
10 1
20 3 1 
13 3 2 
28 3 6 
18 3 2 
30 3 5 
23 3 3 
29 3 2 
10 3 16 
2 3 2 
3 3 8 
6 4
24 1 3 2 9 3 7 4 17 
5 1 14 2 2 3 13 4 13 
9 1 4 2 24 3 8 4 6 
8 1 12 2 10 3 3 4 5 
16 1 6 2 9 3 7 4 3 
20 1 6 2 4 3 3 4 1 
8 2
3 1 9 2 2 
17 1 2 2 6 
12 1 9 2 11 
19 1 9 2 2 
25 1 5 2 10 
26 1 4 2 13 
5 1 10 2 9 
15 1 2 2 1 
2 1
15 4 1 
7 4 1 
4 1
3 1 5 
27 1 2 
14 1 7 
28 1 2 

4 3
7 1
7 1 9 
14 1 34 
21 1 17 
9 1 5 
11 1 2 
10 1 10 
25 1 5 
4 1
6 3 5 
25 3 3 
8 3 3 
19 3 17 
2 3
28 1 2 2 21 3 5 
16 1 5 2 5 3 6 
5 1
5 2 1 
30 2 5 
28 2 3 
26 2 2 
18 2 13 

3 1
2 1
29 1 38 
15 1 17 
5 1
24 1 12 
13 1 17 
8 1 5 
17 1 23 
22 1 16 
9 1
29 1 17 
3 1 21 
16 1 20 
6 1 25 
1 1 32 
7 1 15 
10 1 13 
21 1 29 
4 1 39 

4 1
2 1
28 1 41 
26 1 33 
9 1
11 1 27 
2 1 39 
28 1 14 
25 1 46 
10 1 30 
3 1 27 
14 1 32 
8 1 8 
15 1 49 
5 1
21 1 42 
5 1 44 
14 1 5 
2 1 21 
8 1 40 
7 1
20 1 30 
11 1 17 
19 1 44 
24 1 14 
10 1 34 
15 1 17 
28 1 23 

1 1
3 1
11 1 25 
23 1 40 
18 1 49 

5 1
6 1
11 1 43 
26 1 27 
4 1 21 
21 1 27 
28 1 22 
17 1 47 
3 1
7 1 20 
1 1 13 
24 1 25 
7 1
11 1 38 
9 1 24 
8 1 37 
23 1 14 
25 1 14 
14 1 17 
22 1 13 
9 1
1 1 9 
27 1 38 
5 1 41 
24 1 27 
9 1 42 
23 1 49 
21 1 24 
16 1 41 
11 1 23 
7 1
30 1 13 
14 1 45 
4 1 43 
25 1 17 
9 1 48 
12 1 47 
19 1 9 


10
1 1
7 1
23 1 19 
10 1 42 
12 1 18 
22 1 35 
11 1 47 
5 1 24 
7 1 33 

3 1
6 1
12 1 20 
9 1 19 
6 1 15 
23 1 29 
15 1 37 
5 1 49 
4 1
12 1 45 
10 1 47 
27 1 34 
29 1 49 
3 1
5 1 20 
29 1 41 
19 1 47 

5 5
10 4
9 2 10 3 3 4 3 5 1 
30 2 9 3 6 4 5 5 9 
27 2 11 3 3 4 10 5 6 
24 2 2 3 6 4 4 5 9 
6 2 29 3 8 4 4 5 1 
7 2 6 3 2 4 2 5 6 
8 2 1 3 1 4 2 5 1 
13 2 3 3 4 4 17 5 11 
16 2 2 3 2 4 6 5 3 
17 2 7 3 2 4 2 5 1 
10 5
30 1 7 2 9 3 5 4 6 5 8 
1 1 2 2 2 3 3 4 1 5 1 
21 1 3 2 4 3 1 4 3 5 3 
11 1 4 2 1 3 3 4 1 5 1 
26 1 4 2 3 3 28 4 2 5 6 
25 1 5 2 3 3 1 4 4 5 2 
19 1 12 2 4 3 1 4 2 5 8 
3 1 13 2 3 3 1 4 2 5 4 
14 1 7 2 2 3 14 4 9 5 2 
23 1 6 2 2 3 6 4 3 5 4 
1 5
2 1 11 2 2 3 8 4 17 5 11 
3 1
13 1 2 
22 1 3 
4 1 2 
3 1
6 3 12 
1 3 1 
18 3 3 

4 1
3 1
26 1 6 
9 1 20 
7 1 5 
1 1
5 1 24 
10 1
7 1 39 
25 1 14 
6 1 44 
2 1 45 
22 1 16 
10 1 10 
21 1 27 
27 1 7 
17 1 23 
13 1 24 
9 1
9 1 28 
28 1 5 
10 1 29 
19 1 40 
6 1 18 
27 1 46 
5 1 6 
11 1 33 
7 1 34 

5 5
9 5
25 1 7 2 11 3 6 4 6 5 5 
22 1 2 2 1 3 1 4 2 5 1 
13 1 9 2 1 3 5 4 4 5 2 
26 1 7 2 1 3 16 4 1 5 2 
6 1 7 2 5 3 17 4 1 5 7 
18 1 4 2 13 3 6 4 12 5 1 
27 1 2 2 12 3 10 4 12 5 3 
7 1 7 2 6 3 8 4 5 5 17 
19 1 3 2 7 3 3 4 9 5 10 
6 1
12 4 1 
19 4 5 
6 4 6 
10 4 2 
7 4 2 
29 4 6 
5 5
13 1 8 2 11 3 1 4 13 5 16 
27 1 8 2 5 3 1 4 4 5 19 
30 1 2 2 1 3 1 4 1 5 1 
19 1 2 2 5 3 15 4 8 5 18 
21 1 5 2 7 3 2 4 1 5 6 
2 2
27 3 9 4 2 
17 3 9 4 6 
4 2
11 4 6 5 3 
26 4 3 5 14 
2 4 3 5 3 
3 4 6 5 8 

2 2
7 2
7 1 3 2 9 
2 1 7 2 16 
14 1 31 2 1 
18 1 6 2 12 
5 1 4 2 1 
15 1 13 2 20 
10 1 13 2 35 
1 1
22 2 22 

4 3
3 1
6 3 22 
29 3 1 
25 3 17 
9 2
30 2 9 3 21 
8 2 15 3 11 
11 2 5 3 7 
4 2 8 3 31 
21 2 12 3 8 
24 2 4 3 7 
18 2 5 3 9 
12 2 4 3 21 
19 2 3 3 9 
2 1
16 1 17 
2 1 8 
8 3
22 1 15 2 8 3 1 
16 1 5 2 5 3 5 
8 1 10 2 23 3 2 
26 1 3 2 43 3 3 
17 1 20 2 11 3 5 
4 1 5 2 4 3 1 
5 1 9 2 5 3 2 
13 1 6 2 8 3 3 

5 1
5 1
5 1 15 
21 1 42 
9 1 46 
27 1 37 
8 1 39 
4 1
12 1 22 
28 1 29 
25 1 37 
1 1 6 
8 1
29 1 26 
2 1 44 
20 1 41 
22 1 20 
13 1 38 
12 1 24 
4 1 24 
7 1 14 
4 1
28 1 33 
23 1 33 
20 1 27 
12 1 17 
10 1
18 1 10 
5 1 47 
30 1 21 
25 1 45 
11 1 40 
10 1 26 
15 1 7 
23 1 40 
20 1 41 
22 1 13 

1 1
4 1
10 1 21 
20 1 31 
4 1 17 
2 1 19 

5 2
6 1
8 1 6 
22 1 4 
1 1 4 
6 1 25 
5 1 34 
29 1 14 
9 1
5 2 7 
15 2 9 
30 2 7 
21 2 1 
22 2 18 
20 2 7 
29 2 7 
24 2 14 
28 2 18 
10 2
1 1 3 2 31 
16 1 32 2 14 
20 1 10 2 2 
19 1 11 2 7 
25 1 20 2 4 
6 1 7 2 16 
8 1 3 2 16 
7 1 34 2 10 
22 1 18 2 8 
14 1 5 2 13 
3 2
14 1 4 2 21 
15 1 31 2 1 
16 1 6 2 28 
1 1
13 1 20 


10
4 2
3 2
25 1 2 2 32 
14 1 22 2 8 
19 1 4 2 1 
5 2
7 1 16 2 24 
18 1 3 2 25 
1 1 2 2 3 
8 1 11 2 11 
28 1 2 2 28 
10 2
25 1 3 2 40 
2 1 40 2 5 
16 1 7 2 3 
19 1 8 2 28 
12 1 9 2 19 
11 1 15 2 13 
13 1 16 2 24 
30 1 14 2 2 
26 1 26 2 14 
7 1 7 2 1 
3 1
8 1 12 
11 1 15 
19 1 10 

1 1
6 1
17 1 9 
26 1 48 
29 1 28 
4 1 7 
23 1 24 
9 1 33 

3 2
6 2
18 1 12 2 15 
7 1 2 2 9 
30 1 13 2 13 
8 1 4 2 38 
2 1 4 2 33 
22 1 4 2 5 
3 2
2 1 31 2 14 
7 1 21 2 6 
3 1 6 2 38 
4 1
26 2 21 
11 2 1 
14 2 21 
15 2 15 

1 1
9 1
27 1 15 
21 1 22 
30 1 12 
16 1 40 
23 1 24 
8 1 11 
17 1 28 
11 1 47 
5 1 20 

2 2
1 2
10 1 3 2 42 
5 2
19 1 18 2 4 
26 1 5 2 5 
14 1 9 2 3 
9 1 11 2 1 
6 1 4 2 1 

3 1
2 1
29 1 28 
13 1 33 
6 1
24 1 8 
13 1 16 
6 1 24 
10 1 38 
25 1 11 
1 1 15 
5 1
18 1 7 
15 1 14 
29 1 18 
2 1 23 
11 1 15 

2 1
2 1
16 1 13 
4 1 7 
9 1
27 1 9 
9 1 15 
21 1 32 
12 1 32 
5 1 40 
13 1 13 
25 1 49 
10 1 29 
29 1 11 

5 4
9 4
15 1 25 2 8 3 4 4 2 
18 1 4 2 4 3 3 4 15 
11 1 12 2 3 3 14 4 10 
25 1 23 2 3 3 7 4 3 
27 1 4 2 9 3 3 4 13 
21 1 5 2 5 3 3 4 3 
20 1 3 2 9 3 6 4 3 
22 1 6 2 1 3 15 4 11 
10 1 2 2 2 3 7 4 3 
9 2
2 1 17 2 10 
24 1 8 2 2 
3 1 4 2 2 
23 1 6 2 6 
15 1 5 2 13 
29 1 4 2 2 
1 1 6 2 19 
22 1 4 2 2 
14 1 4 2 1 
1 2
7 2 20 3 1 
2 1
2 2 1 
25 2 3 
6 3
6 2 14 3 6 4 4 
25 2 1 3 1 4 2 
16 2 4 3 3 4 1 
21 2 2 3 3 4 3 
8 2 24 3 4 4 4 
1 2 21 3 2 4 15 

5 4
5 1
29 3 3 
4 3 7 
28 3 8 
16 3 10 
11 3 21 
4 4
14 1 11 2 3 3 4 4 6 
13 1 9 2 20 3 5 4 6 
7 1 2 2 2 3 3 4 3 
5 1 2 2 2 3 2 4 5 
1 4
16 1 19 2 9 3 1 4 1 
9 2
27 1 11 2 16 
13 1 8 2 3 
10 1 25 2 8 
23 1 4 2 7 
18 1 5 2 12 
7 1 6 2 8 
8 1 16 2 6 
17 1 3 2 10 
6 1 14 2 5 
1 2
25 2 5 3 8 

3 1
8 1
23 1 42 
24 1 15 
5 1 7 
29 1 12 
13 1 40 
30 1 18 
21 1 49 
2 1 41 
8 1
10 1 7 
11 1 32 
22 1 13 
29 1 31 
17 1 15 
30 1 14 
18 1 6 
26 1 17 
2 1
11 1 47 
12 1 43 


10
2 1
5 1
29 1 5 
12 1 27 
27 1 48 
19 1 18 
15 1 25 
8 1
2 1 15 
3 1 23 
22 1 14 
27 1 23 
7 1 48 
10 1 48 
18 1 24 
12 1 19 

5 2
6 1
21 2 1 
4 2 7 
1 2 31 
8 2 15 
9 2 11 
22 2 31 
6 1
30 2 15 
11 2 17 
10 2 24 
12 2 18 
9 2 16 
2 2 6 
7 1
15 1 10 
20 1 5 
9 1 16 
28 1 19 
8 1 10 
26 1 15 
24 1 39 
10 2
18 1 10 2 9 
4 1 30 2 17 
17 1 12 2 2 
9 1 20 2 11 
30 1 9 2 29 
14 1 25 2 5 
3 1 14 2 25 
16 1 3 2 36 
22 1 27 2 17 
19 1 3 2 2 
5 1
17 1 37 
29 1 13 
7 1 4 
13 1 12 
19 1 2 

2 1
1 1
9 1 16 
8 1
21 1 43 
15 1 29 
3 1 41 
13 1 26 
17 1 42 
26 1 30 
20 1 35 
11 1 37 

1 1
9 1
5 1 40 
30 1 47 
13 1 44 
29 1 29 
15 1 21 
18 1 28 
10 1 16 
7 1 18 
3 1 27 

2 2
7 2
23 1 38 2 6 
3 1 14 2 35 
14 1 3 2 21 
21 1 5 2 11 
26 1 2 2 7 
6 1 16 2 8 
10 1 3 2 13 
2 2
21 1 3 2 3 
17 1 2 2 34 

4 4
5 1
20 2 1 
28 2 1 
19 2 16 
11 2 5 
21 2 16 
5 3
10 1 4 2 5 3 1 
18 1 6 2 19 3 4 
2 1 5 2 25 3 7 
19 1 3 2 3 3 1 
29 1 4 2 8 3 15 
8 2
30 3 2 4 1 
13 3 1 4 3 
1 3 2 4 8 
2 3 3 4 2 
24 3 4 4 5 
8 3 5 4 16 
20 3 18 4 4 
15 3 1 4 7 
10 4
22 1 4 2 6 3 18 4 5 
9 1 5 2 2 3 4 4 20 
17 1 3 2 5 3 6 4 2 
15 1 2 2 1 3 2 4 1 
28 1 6 2 2 3 9 4 6 
19 1 23 2 9 3 4 4 10 
25 1 3 2 1 3 7 4 4 
29 1 11 2 20 3 3 4 7 
20 1 4 2 2 3 1 4 13 
26 1 9 2 13 3 3 4 9 

3 1
8 1
15 1 17 
4 1 9 
27 1 15 
30 1 25 
24 1 17 
7 1 23 
23 1 22 
14 1 39 
5 1
11 1 21 
22 1 22 
27 1 48 
20 1 17 
23 1 15 
8 1
13 1 38 
28 1 16 
22 1 29 
17 1 43 
12 1 42 
7 1 30 
10 1 40 
26 1 19 

2 1
5 1
16 1 10 
4 1 14 
14 1 33 
1 1 36 
7 1 39 
6 1
23 1 36 
29 1 45 
27 1 39 
25 1 11 
14 1 43 
21 1 31 

3 2
2 1
7 2 21 
18 2 4 
4 1
14 2 9 
1 2 18 
7 2 14 
17 2 22 
1 2
14 1 12 2 12 

2 1
9 1
4 1 43 
5 1 23 
1 1 5 
29 1 6 
23 1 42 
26 1 30 
27 1 18 
18 1 37 
28 1 45 
3 1
16 1 26 
3 1 15 
6 1 12 


10
5 2
5 1
16 1 7 
14 1 25 
23 1 9 
25 1 4 
20 1 8 
4 1
15 2 44 
26 2 7 
9 2 20 
20 2 4 
8 1
26 1 21 
4 1 5 
22 1 11 
27 1 8 
13 1 8 
20 1 16 
23 1 6 
10 1 8 
3 1
27 1 9 
12 1 17 
15 1 15 
10 2
28 1 33 2 15 
7 1 15 2 18 
21 1 37 2 6 
14 1 3 2 7 
9 1 18 2 23 
27 1 10 2 11 
6 1 3 2 20 
26 1 5 2 38 
17 1 3 2 12 
19 1 40 2 1 

1 1
6 1
30 1 36 
22 1 41 
19 1 13 
11 1 13 
18 1 30 
17 1 48 

5 4
6 1
30 3 12 
20 3 2 
5 3 15 
1 3 1 
23 3 4 
18 3 16 
10 1
22 2 2 
11 2 13 
5 2 20 
10 2 4 
1 2 8 
3 2 10 
6 2 2 
27 2 10 
4 2 8 
24 2 2 
9 4
21 1 3 2 2 3 1 4 3 
18 1 2 2 4 3 3 4 3 
22 1 9 2 3 3 3 4 7 
15 1 15 2 13 3 2 4 5 
10 1 11 2 2 3 3 4 1 
11 1 2 2 2 3 3 4 1 
19 1 3 2 7 3 8 4 8 
12 1 6 2 1 3 13 4 16 
17 1 16 2 6 3 9 4 3 
10 3
6 1 20 2 7 3 15 
26 1 10 2 14 3 5 
8 1 25 2 4 3 1 
5 1 2 2 4 3 6 
16 1 3 2 1 3 2 
25 1 22 2 4 3 2 
17 1 20 2 4 3 11 
15 1 4 2 8 3 11 
22 1 8 2 5 3 14 
4 1 2 2 5 3 10 
10 4
7 1 11 2 2 3 8 4 11 
9 1 2 2 3 3 4 4 30 
6 1 2 2 1 3 2 4 2 
23 1 7 2 6 3 5 4 1 
14 1 8 2 2 3 11 4 1 
20 1 17 2 1 3 6 4 1 
2 1 5 2 2 3 4 4 2 
4 1 8 2 3 3 1 4 7 
27 1 2 2 12 3 16 4 4 
16 1 8 2 12 3 1 4 28 

2 2
6 2
8 1 5 2 1 
29 1 6 2 3 
9 1 17 2 28 
21 1 3 2 5 
24 1 32 2 3 
27 1 14 2 4 
9 1
3 1 29 
30 1 38 
18 1 13 
2 1 8 
9 1 9 
22 1 19 
1 1 23 
17 1 22 
19 1 17 

5 2
4 1
24 2 32 
27 2 7 
17 2 27 
28 2 20 
3 1
1 1 22 
13 1 22 
30 1 18 
6 2
9 1 10 2 1 
7 1 9 2 21 
18 1 17 2 19 
5 1 15 2 1 
17 1 11 2 2 
22 1 6 2 16 
5 2
29 1 43 2 5 
20 1 9 2 11 
8 1 14 2 8 
16 1 19 2 20 
30 1 19 2 14 
9 2
27 1 35 2 2 
29 1 22 2 16 
26 1 6 2 14 
19 1 13 2 14 
22 1 36 2 7 
30 1 28 2 1 
6 1 12 2 36 
24 1 12 2 12 
5 1 3 2 4 

2 2
4 1
10 1 18 
4 1 24 
13 1 14 
1 1 7 
9 2
12 1 11 2 4 
25 1 19 2 1 
19 1 12 2 24 
7 1 9 2 1 
14 1 2 2 17 
1 1 9 2 10 
13 1 15 2 9 
28 1 7 2 9 
22 1 5 2 28 

3 1
7 1
30 1 5 
23 1 35 
17 1 32 
18 1 26 
9 1 13 
4 1 20 
20 1 47 
5 1
13 1 49 
7 1 32 
15 1 39 
22 1 31 
10 1 5 
6 1
24 1 39 
18 1 18 
14 1 25 
11 1 49 
26 1 36 
27 1 49 

4 1
4 1
4 1 25 
16 1 19 
1 1 48 
25 1 6 
10 1
10 1 12 
8 1 30 
5 1 34 
20 1 40 
11 1 48 
2 1 19 
21 1 10 
26 1 13 
15 1 5 
1 1 36 
9 1
13 1 49 
4 1 14 
17 1 38 
12 1 10 
2 1 15 
1 1 7 
25 1 40 
16 1 36 
3 1 20 
1 1
27 1 9 

3 1
8 1
11 1 7 
17 1 44 
10 1 6 
5 1 43 
9 1 42 
1 1 12 
25 1 32 
13 1 47 
5 1
20 1 47 
12 1 43 
9 1 30 
4 1 7 
21 1 47 
9 1
9 1 28 
12 1 12 
11 1 29 
5 1 45 
8 1 32 
15 1 16 
13 1 35 
23 1 30 
6 1 18 

5 4
4 1
3 3 7 
30 3 16 
6 3 5 
16 3 5 
7 1
17 3 8 
2 3 7 
5 3 1 
22 3 9 
24 3 10 
12 3 3 
27 3 1 
7 1
15 4 7 
16 4 2 
12 4 3 
7 4 6 
22 4 5 
25 4 14 
20 4 9 
5 2
25 2 7 3 17 
15 2 5 3 2 
20 2 5 3 21 
12 2 19 3 7 
16 2 6 3 3 
9 4
17 1 3 2 1 3 12 4 6 
15 1 13 2 3 3 5 4 24 
18 1 13 2 2 3 4 4 13 
27 1 2 2 1 3 1 4 1 
14 1 3 2 3 3 2 4 5 
1 1 2 2 5 3 10 4 1 
6 1 5 2 2 3 12 4 4 
22 1 8 2 12 3 8 4 7 
16 1 2 2 1 3 2 4 1 


10
2 1
7 1
13 1 47 
25 1 6 
29 1 22 
15 1 47 
4 1 31 
7 1 49 
30 1 28 
4 1
23 1 45 
9 1 24 
6 1 7 
30 1 24 

5 5
5 3
1 2 12 3 2 4 6 
8 2 4 3 4 4 2 
9 2 2 3 2 4 14 
16 2 2 3 2 4 9 
30 2 1 3 4 4 4 
5 1
16 4 1 
13 4 1 
20 4 9 
15 4 2 
4 4 10 
7 4
14 1 3 2 9 3 11 4 5 
12 1 2 2 7 3 1 4 1 
25 1 3 2 16 3 9 4 5 
13 1 10 2 11 3 2 4 6 
20 1 2 2 2 3 1 4 3 
23 1 14 2 8 3 12 4 9 
18 1 17 2 1 3 11 4 10 
9 5
10 1 8 2 9 3 15 4 1 5 6 
16 1 8 2 9 3 2 4 2 5 8 
26 1 18 2 7 3 7 4 4 5 7 
30 1 13 2 1 3 7 4 6 5 7 
29 1 3 2 14 3 2 4 6 5 9 
17 1 6 2 1 3 4 4 1 5 2 
1 1 2 2 3 3 6 4 5 5 1 
18 1 3 2 2 3 1 4 1 5 2 
4 1 2 2 5 3 3 4 2 5 1 
6 1
24 1 4 
11 1 3 
12 1 3 
2 1 6 
3 1 5 
27 1 4 

4 2
4 2
13 1 11 2 1 
20 1 2 2 8 
16 1 7 2 6 
22 1 2 2 39 
4 1
7 1 12 
20 1 29 
12 1 13 
9 1 2 
8 1
6 1 10 
4 1 2 
27 1 5 
22 1 3 
17 1 11 
24 1 9 
8 1 9 
5 1 37 
4 1
8 1 3 
11 1 13 
13 1 3 
17 1 12 

3 1
9 1
18 1 27 
25 1 11 
15 1 25 
27 1 32 
8 1 40 
29 1 41 
17 1 18 
26 1 33 
22 1 45 
8 1
21 1 41 
3 1 23 
25 1 47 
7 1 15 
26 1 49 
28 1 21 
5 1 28 
8 1 27 
5 1
25 1 22 
15 1 37 
7 1 29 
19 1 16 
24 1 41 

2 2
4 2
15 1 25 2 7 
11 1 40 2 3 
7 1 2 2 3 
27 1 30 2 3 
6 1
25 1 29 
18 1 18 
9 1 18 
26 1 10 
16 1 9 
6 1 18 

3 1
7 1
22 1 25 
15 1 30 
24 1 39 
13 1 8 
18 1 15 
7 1 42 
14 1 27 
4 1
18 1 49 
14 1 33 
26 1 10 
13 1 34 
4 1
20 1 13 
3 1 46 
19 1 17 
2 1 46 

1 1
4 1
17 1 40 
19 1 40 
22 1 26 
5 1 24 

4 4
9 3
10 2 7 3 14 4 7 
22 2 6 3 10 4 2 
18 2 20 3 5 4 8 
20 2 20 3 5 4 11 
30 2 3 3 1 4 1 
12 2 11 3 5 4 26 
15 2 16 3 15 4 8 
28 2 7 3 18 4 1 
1 2 6 3 11 4 8 
6 2
22 1 2 2 1 
23 1 10 2 5 
17 1 2 2 3 
5 1 7 2 1 
4 1 3 2 4 
24 1 7 2 7 
3 1
1 2 11 
15 2 10 
8 2 1 
9 4
15 1 7 2 2 3 2 4 2 
29 1 2 2 8 3 6 4 1 
30 1 11 2 15 3 15 4 5 
22 1 2 2 6 3 16 4 19 
23 1 25 2 1 3 13 4 1 
14 1 6 2 4 3 3 4 6 
16 1 3 2 2 3 18 4 3 
28 1 11 2 10 3 2 4 2 
3 1 9 2 2 3 2 4 3 

2 2
9 2
22 1 7 2 7 
25 1 29 2 11 
4 1 23 2 14 
7 1 35 2 2 
5 1 2 2 27 
23 1 6 2 8 
20 1 10 2 10 
16 1 10 2 10 
8 1 7 2 10 
6 2
24 1 44 2 4 
16 1 4 2 37 
21 1 4 2 2 
7 1 7 2 8 
2 1 2 2 47 
9 1 26 2 18 

2 1
3 1
1 1 42 
24 1 25 
6 1 35 
2 1
23 1 48 
10 1 6 


10
5 1
10 1
26 1 28 
13 1 8 
22 1 39 
28 1 38 
24 1 46 
30 1 6 
2 1 41 
19 1 41 
6 1 37 
3 1 24 
8 1
26 1 30 
3 1 33 
30 1 41 
5 1 25 
14 1 32 
25 1 24 
23 1 42 
9 1 42 
2 1
7 1 40 
30 1 33 
8 1
18 1 32 
7 1 8 
19 1 24 
27 1 40 
14 1 33 
6 1 30 
24 1 12 
1 1 17 
2 1
23 1 36 
3 1 15 

1 1
1 1
1 1 5 

5 2
10 1
18 2 7 
15 2 5 
9 2 6 
8 2 21 
20 2 19 
4 2 2 
27 2 28 
17 2 12 
3 2 3 
21 2 5 
5 1
25 2 18 
20 2 2 
23 2 17 
7 2 20 
19 2 1 
9 1
13 1 6 
21 1 2 
15 1 16 
18 1 8 
30 1 33 
25 1 16 
27 1 15 
11 1 11 
14 1 13 
10 2
7 1 10 2 4 
20 1 4 2 1 
5 1 8 2 5 
17 1 3 2 30 
12 1 12 2 6 
25 1 29 2 20 
11 1 4 2 42 
10 1 12 2 7 
1 1 11 2 3 
26 1 5 2 4 
4 2
22 1 4 2 14 
20 1 3 2 7 
26 1 8 2 6 
19 1 4 2 39 

1 1
10 1
25 1 23 
13 1 27 
26 1 11 
29 1 37 
9 1 48 
17 1 8 
5 1 44 
15 1 36 
7 1 36 
16 1 10 

5 4
4 2
30 3 4 4 2 
12 3 3 4 14 
3 3 9 4 2 
24 3 7 4 11 
2 4
2 1 2 2 13 3 12 4 2 
22 1 7 2 6 3 14 4 11 
4 2
22 2 4 3 1 
9 2 4 3 20 
19 2 2 3 1 
17 2 2 3 2 
9 1
10 4 2 
27 4 10 
11 4 1 
30 4 7 
14 4 2 
12 4 9 
8 4 1 
7 4 1 
2 4 15 
7 3
13 1 5 2 9 3 2 
8 1 3 2 5 3 5 
2 1 6 2 15 3 5 
9 1 5 2 4 3 4 
3 1 2 2 2 3 3 
16 1 4 2 5 3 3 
7 1 3 2 4 3 4 

4 3
3 2
8 1 26 2 1 
12 1 28 2 2 
6 1 5 2 18 
2 3
20 1 10 2 12 3 23 
14 1 4 2 30 3 2 
7 3
6 1 6 2 4 3 6 
12 1 3 2 2 3 2 
13 1 28 2 5 3 14 
16 1 2 2 10 3 2 
22 1 3 2 10 3 11 
20 1 7 2 18 3 8 
27 1 17 2 8 3 6 
10 3
12 1 3 2 13 3 3 
7 1 7 2 14 3 20 
6 1 31 2 7 3 3 
23 1 10 2 21 3 11 
16 1 10 2 9 3 29 
2 1 12 2 11 3 3 
14 1 2 2 4 3 8 
4 1 3 2 2 3 23 
5 1 4 2 5 3 4 
20 1 11 2 13 3 14 

4 3
9 1
13 3 1 
18 3 4 
4 3 2 
6 3 1 
21 3 1 
14 3 3 
7 3 1 
23 3 14 
26 3 14 
1 3
9 1 4 2 6 3 16 
3 3
6 1 10 2 7 3 32 
10 1 11 2 8 3 8 
2 1 2 2 2 3 1 
4 3
20 1 2 2 1 3 3 
30 1 5 2 8 3 21 
28 1 17 2 11 3 21 
16 1 2 2 5 3 14 

1 1
5 1
15 1 5 
13 1 24 
2 1 38 
22 1 38 
3 1 39 

4 3
1 3
23 1 4 2 38 3 6 
4 2
7 2 28 3 7 
23 2 2 3 1 
10 2 2 3 7 
21 2 22 3 3 
3 1
20 3 3 
7 3 9 
18 3 1 
6 1
7 2 11 
20 2 4 
21 2 7 
11 2 23 
17 2 6 
27 2 5 

4 1
4 1
9 1 7 
28 1 11 
10 1 25 
22 1 43 
4 1
8 1 11 
14 1 9 
21 1 45 
25 1 15 
8 1
4 1 40 
30 1 40 
1 1 10 
10 1 21 
15 1 39 
12 1 28 
26 1 25 
20 1 40 
6 1
9 1 43 
15 1 37 
25 1 11 
3 1 49 
14 1 12 
24 1 34 


10
5 3
3 2
28 2 10 3 1 
9 2 3 3 2 
1 2 3 3 3 
10 2
13 2 35 3 7 
17 2 6 3 9 
21 2 1 3 45 
2 2 4 3 3 
14 2 4 3 13 
20 2 2 3 4 
25 2 10 3 5 
12 2 10 3 1 
22 2 5 3 1 
26 2 6 3 3 
2 3
16 1 19 2 12 3 10 
4 1 5 2 2 3 1 
5 3
5 1 13 2 15 3 7 
13 1 12 2 11 3 3 
9 1 12 2 11 3 1 
3 1 18 2 7 3 6 
6 1 2 2 9 3 33 
10 1
20 3 1 
17 3 16 
10 3 3 
27 3 5 
1 3 6 
7 3 1 
21 3 16 
13 3 10 
16 3 1 
12 3 13 

1 1
5 1
6 1 36 
7 1 30 
2 1 35 
29 1 33 
30 1 46 

3 1
6 1
25 1 26 
29 1 10 
5 1 5 
1 1 40 
23 1 12 
18 1 10 
8 1
2 1 46 
5 1 12 
13 1 17 
17 1 9 
12 1 42 
27 1 30 
24 1 11 
23 1 11 
9 1
15 1 5 
22 1 49 
24 1 14 
11 1 5 
14 1 10 
10 1 14 
9 1 26 
17 1 34 
28 1 23 

3 2
7 2
19 1 35 2 6 
11 1 42 2 4 
21 1 3 2 2 
7 1 25 2 2 
17 1 22 2 5 
12 1 13 2 12 
15 1 37 2 7 
5 1
17 2 36 
19 2 8 
27 2 21 
5 2 1 
2 2 6 
5 2
18 1 14 2 19 
10 1 8 2 5 
26 1 16 2 27 
24 1 4 2 2 
19 1 8 2 11 

1 1
8 1
12 1 35 
19 1 30 
20 1 11 
9 1 31 
22 1 21 
21 1 21 
18 1 17 
24 1 37 

3 1
3 1
22 1 20 
29 1 18 
3 1 36 
8 1
25 1 46 
4 1 22 
15 1 19 
13 1 23 
7 1 7 
10 1 41 
29 1 5 
19 1 13 
5 1
17 1 42 
3 1 16 
28 1 33 
18 1 19 
7 1 12 

3 3
7 3
23 1 5 2 12 3 8 
12 1 2 2 6 3 31 
26 1 2 2 2 3 2 
27 1 3 2 3 3 10 
17 1 7 2 5 3 4 
21 1 11 2 25 3 2 
2 1 15 2 6 3 6 
2 1
13 3 9 
26 3 1 
8 1
13 2 1 
25 2 2 
18 2 7 
11 2 12 
4 2 1 
1 2 4 
17 2 5 
23 2 6 

4 3
10 2
25 1 2 2 4 
9 1 2 2 1 
16 1 2 2 3 
29 1 17 2 2 
15 1 6 2 5 
21 1 2 2 3 
22 1 5 2 6 
18 1 13 2 5 
4 1 4 2 4 
20 1 22 2 13 
7 1
26 2 3 
23 2 7 
19 2 6 
18 2 13 
17 2 3 
29 2 6 
22 2 37 
7 1
6 2 11 
17 2 1 
11 2 11 
27 2 36 
25 2 8 
7 2 1 
13 2 6 
7 3
24 1 5 2 3 3 1 
2 1 2 2 26 3 11 
28 1 24 2 17 3 7 
5 1 2 2 3 3 1 
11 1 3 2 3 3 2 
16 1 31 2 6 3 6 
22 1 3 2 5 3 3 

4 3
5 2
10 2 5 3 33 
3 2 15 3 1 
23 2 2 3 2 
27 2 5 3 19 
4 2 1 3 1 
10 3
8 1 5 2 2 3 3 
13 1 17 2 5 3 22 
17 1 7 2 14 3 8 
28 1 7 2 6 3 5 
6 1 6 2 28 3 9 
20 1 4 2 2 3 3 
12 1 14 2 13 3 14 
16 1 4 2 7 3 2 
11 1 6 2 2 3 10 
3 1 6 2 4 3 1 
5 2
19 1 7 2 12 
16 1 2 2 5 
27 1 6 2 3 
20 1 9 2 17 
21 1 2 2 3 
2 2
19 1 7 2 8 
13 1 7 2 15 

2 2
8 1
18 1 26 
13 1 30 
9 1 15 
29 1 34 
28 1 4 
15 1 4 
10 1 8 
22 1 33 
5 2
11 1 6 2 16 
17 1 16 2 26 
10 1 9 2 17 
14 1 27 2 21 
2 1 13 2 16 


