10 20 100 5 5

10
3 3
2 3
8 1 6 2 4 3 25 
13 1 24 2 2 3 13 
1 2
4 1 32 2 9 
2 1
18 3 3 
20 3 1 

5 4
2 4
11 1 4 2 3 3 2 4 4 
13 1 2 2 8 3 14 4 14 
2 2
13 1 2 2 3 
4 1 4 2 1 
2 2
11 1 2 2 1 
4 1 2 2 14 
2 2
10 3 5 4 3 
13 3 25 4 8 
1 2
3 2 2 3 11 

4 2
1 1
9 1 39 
1 2
18 1 20 2 14 
1 2
8 1 4 2 17 
1 2
2 1 6 2 17 

2 1
2 1
2 1 29 
6 1 34 
2 1
16 1 33 
2 1 33 

5 4
1 1
3 2 3 
1 1
8 3 5 
1 3
4 2 7 3 9 4 4 
1 1
19 4 10 
1 4
17 1 11 2 4 3 6 4 4 

5 2
1 1
11 2 10 
2 2
19 1 35 2 5 
20 1 13 2 11 
1 1
10 1 3 
1 1
8 1 9 
1 1
5 1 10 

1 1
1 1
15 1 38 

1 1
1 1
18 1 31 

2 1
2 1
6 1 27 
14 1 38 
1 1
2 1 43 

1 1
2 1
6 1 21 
4 1 6 


10
1 1
1 1
8 1 10 

3 1
2 1
19 1 45 
6 1 31 
2 1
3 1 16 
5 1 13 
1 1
18 1 36 

2 1
2 1
12 1 5 
8 1 38 
1 1
3 1 16 

1 1
2 1
11 1 40 
8 1 44 

3 1
2 1
20 1 17 
6 1 31 
2 1
3 1 24 
2 1 18 
2 1
1 1 34 
4 1 45 

2 2
2 2
13 1 16 2 33 
3 1 2 2 16 
1 2
9 1 13 2 8 

4 2
2 1
1 1 18 
6 1 35 
1 2
8 1 42 2 3 
1 1
5 2 20 
1 2
7 1 6 2 4 

5 5
2 2
10 3 4 4 1 
9 3 9 4 14 
1 1
18 4 6 
1 2
3 1 2 2 3 
2 5
7 1 4 2 13 3 1 4 14 5 17 
19 1 2 2 3 3 1 4 2 5 1 
2 4
7 2 1 3 5 4 8 5 6 
14 2 4 3 11 4 1 5 2 

2 1
2 1
1 1 32 
15 1 30 
2 1
1 1 48 
13 1 29 

5 5
1 1
9 1 3 
1 2
15 1 2 2 9 
2 3
18 1 15 2 4 3 3 
19 1 3 2 8 3 1 
2 5
6 1 16 2 2 3 1 4 3 5 25 
3 1 2 2 6 3 5 4 3 5 1 
2 3
2 2 1 3 3 4 1 
3 2 1 3 1 4 1 


10
4 2
1 1
12 1 22 
1 2
13 1 8 2 2 
2 1
4 1 6 
18 1 5 
1 2
3 1 2 2 28 

3 2
1 1
17 2 7 
2 1
10 1 33 
16 1 15 
1 2
18 1 4 2 7 

3 2
2 2
20 1 27 2 5 
3 1 6 2 19 
2 2
15 1 3 2 13 
4 1 7 2 29 
1 1
6 2 3 

1 1
1 1
19 1 33 

5 4
2 4
19 1 3 2 5 3 5 4 5 
5 1 6 2 4 3 17 4 12 
2 1
10 1 14 
8 1 2 
1 2
14 1 19 2 2 
1 4
18 1 2 2 2 3 12 4 25 
1 1
11 4 13 

3 2
2 2
9 1 6 2 1 
6 1 5 2 9 
1 1
20 1 4 
2 2
9 1 7 2 19 
3 1 5 2 26 

3 3
1 3
19 1 33 2 2 3 1 
2 1
9 1 3 
8 1 4 
1 1
4 2 2 

1 1
1 1
1 1 22 

1 1
2 1
9 1 31 
13 1 24 

2 1
2 1
6 1 12 
1 1 36 
2 1
14 1 27 
8 1 8 


10
3 1
1 1
10 1 31 
1 1
7 1 22 
1 1
12 1 37 

5 1
1 1
19 1 5 
1 1
9 1 23 
2 1
3 1 14 
6 1 48 
1 1
7 1 9 
2 1
2 1 19 
14 1 18 

5 3
1 2
7 2 2 3 5 
2 3
9 1 20 2 1 3 27 
5 1 8 2 13 3 1 
1 1
2 1 2 
1 1
15 2 6 
1 1
19 3 2 

1 1
2 1
18 1 37 
6 1 15 

3 1
2 1
8 1 31 
10 1 30 
1 1
2 1 42 
1 1
17 1 21 

2 1
1 1
9 1 16 
1 1
1 1 34 

3 2
1 2
19 1 4 2 31 
2 2
15 1 13 2 11 
13 1 3 2 3 
1 2
17 1 5 2 23 

1 1
1 1
17 1 13 

3 1
1 1
17 1 6 
2 1
16 1 40 
1 1 11 
1 1
12 1 49 

2 2
2 1
11 1 3 
4 1 14 
2 2
17 1 7 2 3 
10 1 20 2 5 


10
1 1
2 1
4 1 48 
19 1 40 

4 3
2 3
1 1 8 2 3 3 23 
7 1 3 2 10 3 35 
2 1
6 2 8 
16 2 2 
1 1
9 2 19 
2 1
18 1 30 
15 1 3 

2 2
2 2
5 1 21 2 10 
9 1 4 2 7 
2 2
7 1 16 2 9 
14 1 20 2 4 

2 1
2 1
5 1 47 
11 1 32 
2 1
12 1 28 
11 1 10 

1 1
2 1
14 1 37 
11 1 32 

5 1
2 1
8 1 24 
7 1 17 
1 1
18 1 8 
1 1
16 1 25 
2 1
19 1 40 
9 1 48 
1 1
1 1 42 

5 4
2 4
18 1 3 2 15 3 5 4 4 
1 1 6 2 10 3 6 4 9 
2 2
8 3 8 4 27 
13 3 5 4 6 
2 1
19 4 13 
2 4 5 
1 4
10 1 4 2 9 3 1 4 9 
2 2
14 3 3 4 3 
11 3 10 4 5 

1 1
2 1
4 1 13 
10 1 27 

2 1
1 1
3 1 5 
2 1
20 1 30 
14 1 27 

2 2
2 2
3 1 7 2 29 
1 1 8 2 26 
1 1
14 2 20 


10
5 3
1 1
10 3 2 
2 1
17 1 7 
12 1 3 
1 2
15 2 7 3 1 
1 3
14 1 6 2 2 3 4 
1 1
2 2 4 

1 1
2 1
4 1 41 
6 1 6 

3 1
1 1
15 1 23 
2 1
18 1 27 
9 1 46 
1 1
1 1 49 

1 1
2 1
9 1 12 
13 1 21 

2 2
1 2
6 1 19 2 15 
2 1
14 1 15 
7 1 9 

5 1
1 1
18 1 48 
2 1
6 1 45 
7 1 17 
1 1
10 1 7 
2 1
20 1 18 
4 1 49 
2 1
11 1 33 
17 1 38 

4 1
2 1
1 1 42 
14 1 23 
2 1
15 1 20 
12 1 30 
1 1
5 1 36 
1 1
6 1 48 

3 2
1 2
10 1 2 2 10 
2 2
5 1 4 2 7 
13 1 4 2 2 
1 1
7 2 9 

4 2
1 2
4 1 21 2 4 
2 2
1 1 6 2 15 
20 1 13 2 7 
1 1
13 2 25 
2 1
20 2 13 
2 2 1 

3 1
2 1
20 1 12 
18 1 9 
1 1
1 1 39 
2 1
18 1 30 
11 1 39 


10
2 2
1 1
4 2 5 
2 2
8 1 8 2 1 
13 1 23 2 10 

3 3
1 1
18 1 11 
2 3
1 1 4 2 6 3 20 
10 1 11 2 10 3 3 
1 1
7 1 3 

4 3
2 3
4 1 3 2 44 3 1 
9 1 32 2 5 3 1 
2 1
4 3 4 
17 3 1 
2 3
18 1 15 2 5 3 12 
7 1 8 2 38 3 2 
2 2
20 1 17 2 8 
6 1 16 2 1 

5 5
2 2
9 1 15 2 2 
13 1 16 2 8 
2 1
6 2 16 
19 2 24 
2 4
15 2 1 3 1 4 1 5 2 
19 2 2 3 2 4 2 5 1 
1 5
12 1 4 2 5 3 2 4 1 5 1 
1 3
1 2 3 3 1 4 8 

1 1
1 1
13 1 25 

3 3
2 3
5 1 7 2 13 3 29 
19 1 2 2 2 3 15 
2 2
1 2 25 3 7 
11 2 8 3 7 
1 3
18 1 5 2 1 3 1 

1 1
2 1
14 1 37 
8 1 28 

2 1
1 1
19 1 47 
2 1
7 1 21 
1 1 27 

5 4
2 3
17 2 5 3 20 4 14 
16 2 9 3 16 4 3 
1 3
6 1 11 2 3 3 2 
2 4
14 1 2 2 8 3 2 4 1 
11 1 4 2 13 3 2 4 3 
2 4
4 1 2 2 14 3 7 4 16 
3 1 14 2 6 3 22 4 2 
1 4
5 1 2 2 3 3 23 4 2 

1 1
1 1
16 1 14 


10
4 3
2 3
11 1 16 2 17 3 2 
15 1 3 2 26 3 2 
2 2
8 2 2 3 7 
1 2 5 3 6 
2 3
5 1 10 2 14 3 1 
9 1 3 2 7 3 21 
1 2
2 2 3 3 1 

4 1
1 1
19 1 33 
1 1
14 1 36 
2 1
12 1 12 
7 1 19 
1 1
15 1 47 

5 3
1 2
1 1 15 2 5 
2 1
17 2 2 
20 2 2 
1 3
10 1 25 2 19 3 3 
2 2
2 2 3 3 12 
7 2 2 3 2 
2 2
19 1 24 2 10 
9 1 17 2 9 

2 1
2 1
5 1 48 
8 1 13 
2 1
12 1 34 
20 1 15 

2 1
2 1
14 1 48 
8 1 18 
2 1
4 1 34 
18 1 8 

3 1
1 1
9 1 41 
1 1
6 1 27 
2 1
2 1 7 
4 1 45 

4 1
2 1
5 1 21 
1 1 46 
2 1
6 1 24 
13 1 26 
2 1
18 1 47 
1 1 15 
2 1
13 1 19 
1 1 43 

4 3
1 1
10 2 10 
1 2
3 1 3 2 17 
2 2
18 2 6 3 15 
8 2 18 3 12 
2 3
9 1 25 2 7 3 10 
11 1 22 2 14 3 5 

2 1
1 1
18 1 14 
2 1
8 1 27 
6 1 44 

2 2
2 1
5 2 8 
15 2 2 
1 2
11 1 18 2 15 


10
1 1
2 1
1 1 47 
3 1 23 

4 1
1 1
18 1 42 
2 1
16 1 11 
3 1 34 
1 1
9 1 9 
1 1
14 1 47 

5 1
2 1
10 1 26 
17 1 25 
1 1
12 1 33 
1 1
16 1 25 
2 1
4 1 29 
20 1 37 
2 1
6 1 21 
2 1 29 

5 4
2 1
19 4 13 
1 4 1 
2 1
16 2 2 
18 2 1 
1 4
8 1 8 2 8 3 3 4 22 
1 1
6 3 5 
1 2
3 2 7 3 1 

1 1
2 1
17 1 49 
7 1 38 

1 1
2 1
7 1 40 
13 1 9 

4 4
1 1
20 4 8 
1 2
14 3 4 4 3 
2 1
13 2 5 
12 2 6 
1 4
8 1 7 2 14 3 13 4 13 

4 1
1 1
1 1 36 
2 1
12 1 37 
14 1 13 
1 1
20 1 8 
1 1
16 1 39 

1 1
2 1
19 1 39 
5 1 45 

1 1
1 1
13 1 43 


10
4 4
2 1
16 4 1 
6 4 6 
2 4
3 1 4 2 2 3 3 4 27 
11 1 28 2 8 3 6 4 1 
2 1
3 2 4 
8 2 2 
2 3
14 2 9 3 16 4 8 
8 2 6 3 5 4 5 

5 4
2 4
7 1 7 2 2 3 8 4 14 
11 1 5 2 3 3 4 4 4 
1 1
20 1 4 
1 2
2 1 13 2 3 
1 3
8 1 15 2 23 3 1 
1 1
16 1 13 

1 1
1 1
3 1 43 

4 3
1 2
13 2 2 3 3 
2 1
5 3 5 
2 3 1 
1 1
6 3 6 
1 3
11 1 11 2 1 3 7 

5 1
1 1
18 1 20 
2 1
12 1 49 
3 1 35 
2 1
10 1 40 
1 1 36 
2 1
2 1 30 
8 1 18 
2 1
5 1 5 
14 1 31 

2 2
1 2
7 1 2 2 5 
2 2
4 1 4 2 4 
2 1 2 2 38 

1 1
2 1
18 1 47 
19 1 37 

3 3
1 2
14 1 9 2 3 
1 1
9 3 28 
2 3
8 1 5 2 1 3 2 
6 1 22 2 2 3 15 

1 1
2 1
1 1 10 
20 1 48 

1 1
1 1
14 1 48 


