10 20 100 2 2

10
2 2
1 2
14 1 9 2 22 
2 2
16 1 5 2 5 
2 1 11 2 9 

1 1
1 1
3 1 10 

1 1
1 1
1 1 46 

1 1
1 1
7 1 9 

2 1
2 1
4 1 37 
20 1 7 
1 1
7 1 43 

2 2
1 2
3 1 24 2 21 
1 1
20 1 6 

2 2
2 2
14 1 27 2 5 
5 1 9 2 6 
1 1
20 1 7 

2 1
2 1
4 1 23 
7 1 35 
1 1
13 1 44 

2 2
1 1
18 2 18 
2 2
16 1 9 2 27 
20 1 8 2 35 

2 1
2 1
13 1 23 
11 1 41 
1 1
18 1 23 


10
2 1
1 1
4 1 29 
1 1
11 1 33 

2 1
2 1
13 1 13 
4 1 42 
2 1
18 1 39 
7 1 10 

1 1
2 1
18 1 5 
10 1 34 

2 1
2 1
2 1 11 
1 1 49 
1 1
14 1 5 

1 1
1 1
16 1 27 

1 1
2 1
17 1 8 
9 1 10 

1 1
1 1
8 1 29 

2 2
1 1
16 1 21 
1 2
9 1 12 2 3 

2 1
2 1
19 1 28 
15 1 5 
2 1
7 1 47 
11 1 21 

2 2
2 2
9 1 29 2 8 
16 1 2 2 40 
1 2
15 1 5 2 11 


10
2 1
1 1
19 1 27 
2 1
20 1 13 
17 1 21 

2 2
2 2
7 1 4 2 3 
3 1 2 2 27 
1 2
17 1 11 2 36 

2 2
1 2
16 1 9 2 15 
1 1
4 1 16 

1 1
1 1
20 1 31 

1 1
1 1
7 1 25 

1 1
1 1
2 1 15 

1 1
1 1
8 1 11 

1 1
1 1
10 1 8 

1 1
2 1
5 1 14 
17 1 19 

1 1
2 1
4 1 36 
5 1 19 


10
2 2
2 2
8 1 37 2 7 
16 1 12 2 19 
1 1
10 1 7 

2 1
2 1
6 1 39 
10 1 39 
2 1
8 1 25 
16 1 43 

2 1
2 1
3 1 13 
5 1 19 
1 1
16 1 34 

1 1
1 1
13 1 18 

1 1
1 1
18 1 24 

2 1
2 1
7 1 31 
20 1 38 
2 1
1 1 38 
12 1 47 

1 1
1 1
13 1 14 

2 1
1 1
7 1 23 
2 1
6 1 38 
20 1 40 

2 1
1 1
1 1 22 
2 1
16 1 17 
6 1 31 

2 1
2 1
6 1 20 
8 1 19 
1 1
12 1 44 


10
1 1
2 1
18 1 41 
12 1 17 

1 1
1 1
20 1 7 

1 1
2 1
11 1 40 
12 1 30 

2 1
1 1
15 1 10 
1 1
2 1 16 

2 1
2 1
3 1 17 
12 1 44 
1 1
17 1 27 

1 1
2 1
17 1 33 
2 1 6 

2 2
1 1
20 1 30 
2 2
6 1 20 2 5 
11 1 10 2 2 

1 1
2 1
2 1 19 
4 1 20 

1 1
2 1
4 1 38 
12 1 19 

2 2
1 1
20 2 10 
2 2
8 1 7 2 12 
15 1 7 2 26 


10
2 1
2 1
12 1 42 
17 1 10 
2 1
7 1 49 
15 1 30 

2 2
2 2
13 1 4 2 27 
16 1 15 2 17 
2 2
11 1 41 2 2 
8 1 27 2 9 

1 1
1 1
1 1 36 

1 1
2 1
13 1 35 
6 1 30 

1 1
1 1
14 1 36 

1 1
1 1
7 1 22 

1 1
2 1
3 1 26 
13 1 18 

2 2
1 1
9 1 37 
1 2
18 1 15 2 4 

1 1
2 1
1 1 46 
16 1 16 

2 2
1 1
9 1 2 
2 2
3 1 9 2 3 
17 1 14 2 20 


10
1 1
2 1
8 1 14 
4 1 46 

1 1
1 1
8 1 29 

1 1
2 1
3 1 9 
14 1 20 

1 1
1 1
9 1 37 

1 1
1 1
11 1 48 

1 1
2 1
4 1 23 
11 1 21 

2 2
2 1
10 2 18 
13 2 2 
2 2
8 1 24 2 3 
9 1 3 2 6 

2 2
1 2
5 1 30 2 12 
1 1
14 1 21 

1 1
1 1
1 1 44 

1 1
2 1
14 1 35 
13 1 40 


10
2 2
2 1
5 1 5 
17 1 13 
1 2
10 1 9 2 30 

1 1
1 1
19 1 37 

1 1
2 1
13 1 10 
12 1 22 

1 1
1 1
9 1 44 

1 1
2 1
8 1 23 
11 1 49 

2 2
2 1
1 1 7 
14 1 4 
1 2
12 1 15 2 27 

1 1
1 1
14 1 7 

1 1
2 1
18 1 29 
11 1 25 

1 1
1 1
6 1 12 

2 1
2 1
6 1 19 
12 1 9 
2 1
18 1 23 
20 1 20 


10
2 1
2 1
15 1 30 
5 1 21 
2 1
14 1 49 
2 1 28 

1 1
1 1
14 1 29 

2 2
1 2
15 1 19 2 17 
2 1
5 1 6 
10 1 14 

2 1
1 1
13 1 34 
2 1
20 1 21 
5 1 17 

1 1
2 1
2 1 7 
3 1 18 

1 1
2 1
12 1 33 
16 1 18 

2 1
2 1
11 1 14 
2 1 49 
1 1
6 1 12 

2 2
2 1
15 2 9 
2 2 9 
2 2
13 1 8 2 17 
8 1 17 2 19 

2 2
1 1
12 2 9 
1 2
9 1 14 2 13 

1 1
1 1
2 1 47 


10
2 2
1 2
18 1 13 2 9 
2 1
7 2 6 
12 2 6 

1 1
1 1
2 1 23 

2 2
2 2
12 1 8 2 21 
1 1 41 2 7 
1 2
14 1 5 2 4 

2 1
2 1
1 1 17 
19 1 18 
2 1
14 1 7 
18 1 35 

1 1
2 1
19 1 10 
8 1 35 

1 1
1 1
6 1 6 

2 2
1 2
16 1 22 2 11 
2 1
6 1 14 
11 1 4 

1 1
2 1
2 1 23 
1 1 36 

2 1
1 1
16 1 21 
1 1
9 1 20 

1 1
2 1
4 1 34 
15 1 39 


