10 50 150 5 5

15
4 1
7 1
34 1 42 
24 1 18 
29 1 49 
36 1 31 
18 1 6 
32 1 48 
41 1 27 
1 1
45 1 35 
6 1
43 1 7 
37 1 7 
11 1 39 
40 1 35 
19 1 22 
39 1 19 
3 1
23 1 10 
25 1 40 
17 1 45 

3 1
4 1
19 1 23 
40 1 43 
21 1 15 
42 1 11 
8 1
10 1 27 
46 1 6 
17 1 33 
39 1 44 
34 1 44 
33 1 39 
22 1 11 
25 1 40 
4 1
49 1 20 
16 1 42 
24 1 17 
5 1 35 

5 2
10 2
6 1 7 2 2 
45 1 2 2 5 
46 1 12 2 28 
33 1 3 2 4 
49 1 6 2 7 
19 1 13 2 11 
14 1 7 2 13 
29 1 6 2 31 
15 1 18 2 22 
30 1 4 2 1 
8 1
2 2 22 
36 2 10 
24 2 3 
34 2 15 
50 2 2 
8 2 12 
48 2 3 
16 2 13 
10 2
39 1 2 2 40 
27 1 9 2 14 
10 1 6 2 27 
37 1 35 2 8 
7 1 4 2 5 
26 1 17 2 18 
4 1 8 2 6 
40 1 8 2 40 
25 1 24 2 7 
42 1 7 2 34 
5 1
17 1 20 
9 1 14 
28 1 24 
18 1 26 
11 1 12 
2 2
43 1 28 2 20 
1 1 7 2 12 

2 1
8 1
1 1 19 
4 1 25 
9 1 21 
34 1 44 
20 1 5 
28 1 29 
25 1 13 
12 1 36 
4 1
10 1 12 
33 1 10 
11 1 44 
3 1 7 

2 2
6 1
11 1 14 
7 1 3 
19 1 30 
10 1 16 
50 1 19 
16 1 5 
3 2
43 1 2 2 47 
32 1 35 2 1 
1 1 13 2 13 

2 1
1 1
37 1 37 
1 1
27 1 36 

3 1
9 1
11 1 34 
28 1 37 
7 1 37 
30 1 8 
10 1 13 
16 1 40 
50 1 40 
29 1 27 
32 1 23 
9 1
21 1 29 
42 1 40 
49 1 48 
37 1 36 
18 1 7 
22 1 38 
39 1 23 
20 1 17 
25 1 44 
9 1
34 1 16 
36 1 17 
2 1 14 
35 1 20 
48 1 8 
38 1 27 
27 1 29 
13 1 25 
14 1 39 

4 4
6 1
23 2 3 
37 2 22 
27 2 1 
28 2 6 
16 2 3 
50 2 3 
6 1
8 4 1 
3 4 9 
42 4 1 
22 4 20 
35 4 1 
20 4 1 
10 4
10 1 4 2 5 3 14 4 5 
34 1 6 2 5 3 19 4 5 
14 1 7 2 9 3 12 4 5 
46 1 2 2 14 3 9 4 12 
41 1 10 2 2 3 14 4 5 
49 1 3 2 3 3 23 4 11 
29 1 3 2 6 3 24 4 11 
1 1 2 2 1 3 1 4 1 
9 1 2 2 5 3 8 4 10 
47 1 10 2 4 3 20 4 15 
10 3
6 2 2 3 1 4 3 
2 2 2 3 12 4 6 
32 2 13 3 5 4 15 
11 2 1 3 3 4 3 
30 2 4 3 10 4 7 
26 2 4 3 11 4 7 
18 2 16 3 9 4 15 
31 2 10 3 7 4 15 
43 2 3 3 8 4 5 
19 2 8 3 11 4 1 

3 3
7 1
5 2 5 
35 2 4 
34 2 4 
6 2 9 
47 2 6 
49 2 15 
33 2 3 
9 3
16 1 10 2 1 3 3 
22 1 3 2 1 3 1 
8 1 24 2 1 3 6 
42 1 3 2 8 3 17 
4 1 3 2 8 3 38 
30 1 10 2 5 3 5 
31 1 3 2 5 3 19 
23 1 2 2 1 3 2 
37 1 18 2 20 3 7 
7 2
45 1 15 2 1 
40 1 15 2 5 
20 1 4 2 21 
27 1 2 2 14 
10 1 3 2 1 
21 1 14 2 1 
32 1 4 2 3 

5 2
9 2
9 1 11 2 17 
32 1 2 2 26 
47 1 7 2 25 
27 1 7 2 18 
22 1 3 2 4 
39 1 16 2 17 
11 1 35 2 7 
2 1 2 2 5 
50 1 5 2 20 
1 1
31 2 17 
10 2
14 1 47 2 1 
5 1 2 2 3 
17 1 12 2 6 
42 1 41 2 8 
38 1 20 2 13 
26 1 14 2 5 
48 1 6 2 2 
18 1 20 2 28 
3 1 9 2 3 
43 1 16 2 2 
6 2
45 1 26 2 5 
29 1 2 2 4 
15 1 11 2 29 
40 1 14 2 4 
44 1 4 2 1 
4 1 5 2 4 
4 1
49 1 27 
20 1 7 
8 1 8 
41 1 15 

5 1
7 1
29 1 30 
17 1 48 
11 1 42 
24 1 36 
34 1 13 
10 1 8 
27 1 12 
9 1
4 1 12 
23 1 44 
30 1 31 
37 1 26 
14 1 46 
1 1 20 
18 1 28 
38 1 30 
32 1 29 
3 1
43 1 31 
25 1 7 
35 1 40 
6 1
45 1 48 
28 1 15 
9 1 22 
2 1 34 
19 1 31 
20 1 17 
5 1
36 1 44 
21 1 35 
15 1 42 
16 1 23 
40 1 37 

5 3
7 3
41 1 4 2 14 3 17 
40 1 5 2 5 3 1 
42 1 4 2 28 3 16 
4 1 6 2 5 3 16 
17 1 7 2 5 3 8 
18 1 7 2 2 3 17 
14 1 2 2 2 3 6 
4 1
50 1 6 
27 1 37 
25 1 2 
2 1 6 
6 2
26 2 26 3 7 
35 2 9 3 1 
5 2 6 3 7 
46 2 4 3 2 
13 2 3 3 10 
45 2 15 3 3 
5 1
36 2 22 
10 2 8 
34 2 10 
23 2 8 
11 2 6 
6 3
8 1 10 2 2 3 3 
39 1 8 2 5 3 2 
7 1 15 2 2 3 23 
20 1 9 2 17 3 19 
44 1 8 2 2 3 1 
29 1 4 2 13 3 14 

4 4
7 1
35 2 1 
5 2 7 
27 2 5 
6 2 4 
47 2 11 
30 2 1 
29 2 1 
9 4
12 1 2 2 3 3 9 4 26 
8 1 2 2 2 3 1 4 2 
3 1 2 2 2 3 4 4 3 
37 1 8 2 26 3 14 4 1 
17 1 4 2 3 3 1 4 1 
19 1 17 2 1 3 13 4 10 
7 1 14 2 1 3 2 4 7 
13 1 3 2 10 3 1 4 19 
43 1 6 2 21 3 2 4 9 
10 2
44 3 6 4 6 
26 3 27 4 12 
48 3 4 4 13 
11 3 6 4 3 
14 3 8 4 21 
32 3 3 4 3 
21 3 1 4 1 
50 3 6 4 20 
22 3 18 4 6 
31 3 5 4 11 
5 2
28 1 2 2 1 
46 1 7 2 5 
16 1 14 2 4 
49 1 9 2 11 
38 1 14 2 2 

2 1
2 1
40 1 32 
16 1 26 
4 1
22 1 44 
46 1 10 
37 1 17 
31 1 11 

2 1
6 1
27 1 8 
6 1 8 
45 1 33 
4 1 48 
16 1 18 
43 1 5 
3 1
44 1 46 
23 1 41 
8 1 21 


15
1 1
3 1
10 1 16 
3 1 25 
27 1 14 

2 2
10 2
50 1 18 2 4 
11 1 30 2 4 
41 1 13 2 1 
23 1 7 2 4 
38 1 5 2 7 
16 1 6 2 8 
13 1 11 2 24 
43 1 29 2 8 
37 1 16 2 13 
46 1 22 2 3 
2 2
25 1 10 2 25 
26 1 21 2 22 

5 1
2 1
40 1 19 
16 1 7 
9 1
50 1 11 
33 1 28 
28 1 20 
34 1 27 
48 1 10 
3 1 34 
27 1 12 
9 1 37 
32 1 8 
3 1
49 1 29 
19 1 34 
44 1 31 
10 1
22 1 28 
36 1 47 
6 1 32 
42 1 22 
14 1 30 
31 1 47 
1 1 36 
21 1 36 
24 1 46 
23 1 8 
8 1
13 1 27 
35 1 20 
12 1 18 
5 1 24 
46 1 16 
25 1 15 
41 1 22 
15 1 15 

1 1
8 1
5 1 14 
10 1 20 
31 1 25 
12 1 14 
23 1 5 
19 1 31 
25 1 19 
22 1 11 

1 1
1 1
34 1 32 

4 2
1 2
19 1 9 2 33 
3 2
36 1 3 2 4 
31 1 24 2 16 
41 1 40 2 8 
3 1
32 2 2 
29 2 26 
16 2 7 
7 1
9 2 13 
34 2 1 
49 2 10 
24 2 10 
17 2 9 
43 2 6 
20 2 3 

4 3
7 1
4 3 2 
18 3 8 
48 3 38 
30 3 5 
31 3 7 
24 3 3 
19 3 30 
7 1
45 1 6 
27 1 22 
8 1 15 
39 1 13 
49 1 9 
21 1 31 
17 1 23 
3 3
6 1 7 2 10 3 2 
50 1 19 2 23 3 1 
22 1 3 2 2 3 3 
2 2
36 2 2 3 6 
43 2 16 3 11 

5 4
5 4
13 1 2 2 1 3 1 4 1 
47 1 15 2 1 3 11 4 8 
7 1 21 2 4 3 1 4 1 
36 1 7 2 3 3 9 4 5 
43 1 13 2 18 3 8 4 3 
9 3
16 2 15 3 5 4 1 
10 2 8 3 22 4 10 
27 2 4 3 1 4 1 
34 2 2 3 1 4 4 
11 2 2 3 7 4 7 
29 2 1 3 3 4 2 
23 2 13 3 8 4 7 
26 2 12 3 2 4 10 
39 2 7 3 3 4 6 
4 1
45 1 2 
18 1 3 
19 1 4 
9 1 3 
5 1
24 3 2 
12 3 3 
25 3 14 
1 3 7 
14 3 2 
10 2
22 3 7 4 13 
48 3 2 4 4 
21 3 14 4 19 
3 3 6 4 1 
49 3 2 4 11 
28 3 1 4 4 
35 3 6 4 5 
8 3 3 4 20 
44 3 11 4 2 
32 3 2 4 24 

2 1
9 1
4 1 11 
42 1 49 
45 1 47 
24 1 19 
30 1 11 
49 1 48 
44 1 30 
36 1 22 
19 1 40 
7 1
43 1 30 
28 1 17 
34 1 37 
9 1 5 
7 1 23 
50 1 30 
23 1 28 

2 1
2 1
10 1 19 
36 1 5 
2 1
46 1 34 
5 1 15 

3 3
10 2
44 2 1 3 4 
49 2 18 3 1 
38 2 10 3 2 
23 2 7 3 9 
22 2 5 3 5 
10 2 28 3 2 
37 2 2 3 1 
15 2 11 3 6 
16 2 6 3 15 
33 2 6 3 7 
8 3
26 1 3 2 2 3 1 
47 1 25 2 15 3 1 
34 1 5 2 2 3 15 
36 1 2 2 2 3 1 
40 1 12 2 3 3 7 
35 1 2 2 1 3 5 
48 1 24 2 17 3 7 
8 1 6 2 11 3 10 
9 2
27 1 10 2 3 
17 1 13 2 34 
9 1 3 2 12 
4 1 34 2 4 
1 1 5 2 8 
3 1 4 2 2 
42 1 3 2 4 
41 1 2 2 11 
2 1 6 2 2 

5 1
10 1
27 1 24 
13 1 48 
33 1 40 
49 1 43 
50 1 34 
10 1 11 
22 1 18 
31 1 10 
47 1 44 
7 1 5 
9 1
14 1 46 
6 1 45 
38 1 6 
34 1 28 
11 1 48 
48 1 10 
35 1 35 
20 1 32 
41 1 20 
5 1
43 1 10 
40 1 25 
16 1 5 
2 1 18 
19 1 13 
3 1
30 1 6 
9 1 36 
32 1 19 
5 1
24 1 18 
18 1 44 
29 1 28 
3 1 36 
26 1 9 

3 1
6 1
43 1 14 
27 1 32 
10 1 35 
28 1 17 
37 1 25 
39 1 43 
5 1
20 1 20 
13 1 46 
26 1 47 
2 1 30 
8 1 41 
5 1
35 1 45 
48 1 8 
24 1 40 
16 1 21 
12 1 21 

2 2
9 2
25 1 3 2 18 
18 1 4 2 22 
37 1 21 2 6 
2 1 5 2 23 
17 1 23 2 19 
20 1 41 2 4 
10 1 13 2 4 
33 1 19 2 9 
14 1 5 2 3 
5 1
48 2 32 
27 2 7 
26 2 24 
3 2 13 
40 2 2 

2 2
6 2
21 1 8 2 18 
41 1 10 2 22 
12 1 28 2 15 
24 1 4 2 15 
15 1 25 2 6 
26 1 42 2 2 
4 1
44 1 8 
10 1 4 
11 1 11 
43 1 8 


15
1 1
7 1
26 1 25 
47 1 36 
5 1 21 
40 1 34 
24 1 29 
46 1 43 
21 1 15 

5 2
9 1
39 2 35 
35 2 18 
43 2 31 
27 2 14 
49 2 7 
36 2 16 
5 2 12 
37 2 29 
10 2 20 
5 1
32 2 3 
50 2 6 
3 2 5 
15 2 12 
40 2 25 
6 1
42 1 44 
18 1 16 
6 1 14 
46 1 3 
7 1 18 
34 1 5 
3 2
44 1 8 2 14 
25 1 27 2 18 
21 1 27 2 11 
4 1
11 2 9 
20 2 7 
17 2 10 
48 2 6 

5 5
9 5
15 1 5 2 4 3 3 4 2 5 1 
45 1 16 2 17 3 2 4 4 5 5 
23 1 8 2 3 3 2 4 19 5 8 
4 1 4 2 2 3 11 4 18 5 1 
12 1 2 2 5 3 1 4 2 5 5 
14 1 2 2 2 3 5 4 3 5 10 
32 1 19 2 3 3 2 4 11 5 3 
21 1 14 2 3 3 4 4 11 5 5 
30 1 12 2 5 3 3 4 6 5 3 
1 4
41 1 6 2 6 3 2 4 14 
5 1
13 4 4 
39 4 5 
6 4 1 
7 4 4 
19 4 13 
8 4
8 1 5 2 3 3 1 4 2 
17 1 2 2 10 3 6 4 4 
48 1 4 2 2 3 1 4 2 
42 1 3 2 9 3 3 4 13 
31 1 11 2 2 3 2 4 3 
27 1 3 2 3 3 6 4 3 
18 1 5 2 12 3 9 4 9 
40 1 2 2 2 3 2 4 5 
5 1
29 1 10 
10 1 16 
34 1 18 
36 1 28 
11 1 3 

1 1
8 1
13 1 34 
50 1 41 
21 1 36 
29 1 33 
31 1 35 
6 1 35 
32 1 12 
34 1 49 

1 1
8 1
38 1 33 
13 1 12 
17 1 23 
3 1 7 
7 1 26 
25 1 48 
6 1 42 
19 1 45 

5 3
7 1
26 1 20 
35 1 11 
50 1 17 
44 1 3 
36 1 10 
45 1 13 
39 1 9 
1 3
47 1 4 2 1 3 1 
6 3
10 1 31 2 5 3 2 
14 1 6 2 4 3 35 
13 1 2 2 10 3 20 
42 1 23 2 18 3 4 
20 1 5 2 7 3 30 
30 1 9 2 7 3 3 
1 1
9 1 9 
7 3
8 1 8 2 4 3 6 
40 1 8 2 5 3 22 
5 1 2 2 2 3 1 
4 1 9 2 9 3 4 
37 1 4 2 4 3 2 
27 1 2 2 3 3 1 
22 1 13 2 26 3 4 

2 2
5 2
5 1 11 2 2 
4 1 12 2 5 
48 1 31 2 7 
36 1 4 2 2 
40 1 6 2 15 
2 2
44 1 12 2 30 
3 1 24 2 22 

3 2
4 2
4 1 7 2 7 
9 1 5 2 24 
37 1 15 2 2 
25 1 15 2 14 
8 2
20 1 8 2 8 
32 1 3 2 12 
29 1 16 2 26 
47 1 4 2 1 
14 1 29 2 13 
12 1 2 2 18 
6 1 15 2 7 
30 1 19 2 5 
10 1
26 1 44 
50 1 21 
28 1 29 
10 1 21 
21 1 9 
8 1 14 
13 1 16 
38 1 26 
40 1 7 
1 1 9 

1 1
6 1
23 1 17 
14 1 40 
3 1 16 
16 1 12 
8 1 45 
33 1 7 

5 2
5 2
5 1 2 2 4 
30 1 14 2 24 
15 1 21 2 13 
10 1 13 2 6 
43 1 31 2 7 
8 1
14 1 27 
37 1 40 
18 1 2 
40 1 5 
42 1 25 
11 1 14 
39 1 16 
7 1 9 
10 2
6 1 4 2 2 
47 1 25 2 19 
48 1 2 2 27 
27 1 17 2 11 
44 1 14 2 27 
33 1 18 2 12 
24 1 34 2 10 
50 1 14 2 9 
32 1 3 2 31 
17 1 35 2 6 
10 1
34 1 14 
13 1 5 
21 1 5 
4 1 15 
3 1 25 
22 1 32 
29 1 13 
36 1 2 
25 1 6 
8 1 12 
5 1
46 2 17 
38 2 12 
28 2 1 
23 2 26 
9 2 1 

1 1
7 1
48 1 15 
12 1 25 
47 1 11 
4 1 24 
11 1 20 
27 1 49 
44 1 21 

3 2
8 1
2 2 34 
21 2 2 
31 2 13 
20 2 35 
43 2 21 
25 2 16 
24 2 12 
48 2 11 
5 2
5 1 2 2 9 
47 1 7 2 2 
7 1 9 2 39 
22 1 5 2 24 
41 1 14 2 15 
8 1
33 1 27 
1 1 12 
13 1 10 
15 1 2 
11 1 22 
45 1 5 
6 1 7 
36 1 5 

4 1
8 1
49 1 22 
1 1 46 
32 1 13 
15 1 34 
42 1 14 
46 1 43 
5 1 43 
21 1 46 
4 1
22 1 36 
40 1 45 
17 1 41 
34 1 24 
8 1
26 1 36 
48 1 38 
18 1 8 
39 1 49 
30 1 25 
47 1 23 
37 1 21 
11 1 14 
5 1
24 1 48 
9 1 9 
7 1 20 
25 1 19 
3 1 14 

1 1
2 1
10 1 18 
50 1 10 

2 1
1 1
6 1 44 
2 1
16 1 42 
2 1 35 


15
2 2
6 2
29 1 25 2 16 
35 1 6 2 23 
26 1 10 2 20 
18 1 2 2 3 
1 1 16 2 11 
19 1 7 2 6 
5 1
46 2 4 
50 2 4 
47 2 2 
8 2 20 
11 2 17 

1 1
1 1
1 1 42 

4 1
10 1
6 1 14 
3 1 24 
39 1 46 
11 1 48 
29 1 38 
25 1 48 
37 1 35 
4 1 23 
43 1 31 
44 1 15 
2 1
49 1 5 
8 1 43 
9 1
27 1 48 
18 1 49 
48 1 20 
31 1 5 
5 1 30 
26 1 27 
46 1 7 
28 1 41 
14 1 41 
8 1
34 1 9 
38 1 48 
33 1 37 
45 1 8 
42 1 31 
47 1 17 
36 1 32 
9 1 37 

4 3
8 1
10 3 2 
2 3 10 
32 3 7 
39 3 7 
7 3 1 
28 3 4 
34 3 14 
8 3 29 
4 1
48 1 4 
4 1 10 
45 1 6 
42 1 2 
10 3
11 1 7 2 22 3 20 
16 1 7 2 21 3 6 
14 1 11 2 2 3 28 
1 1 5 2 9 3 18 
44 1 22 2 8 3 11 
13 1 16 2 4 3 17 
18 1 7 2 11 3 23 
25 1 15 2 7 3 7 
20 1 12 2 4 3 3 
15 1 17 2 1 3 6 
7 2
3 2 26 3 18 
31 2 18 3 3 
17 2 3 3 1 
9 2 2 3 17 
5 2 2 3 5 
19 2 1 3 4 
29 2 3 3 30 

5 3
4 3
16 1 2 2 4 3 11 
45 1 6 2 18 3 10 
28 1 26 2 4 3 6 
47 1 3 2 8 3 5 
4 1
23 1 2 
40 1 3 
42 1 5 
29 1 13 
3 1
12 3 1 
20 3 6 
7 3 1 
9 3
35 1 17 2 10 3 10 
38 1 7 2 3 3 23 
24 1 10 2 12 3 23 
6 1 16 2 19 3 2 
4 1 25 2 14 3 1 
14 1 4 2 2 3 3 
27 1 6 2 12 3 13 
25 1 4 2 3 3 1 
2 1 10 2 6 3 2 
2 2
10 2 3 3 1 
48 2 1 3 3 

3 1
5 1
24 1 37 
16 1 42 
3 1 41 
43 1 24 
15 1 26 
1 1
33 1 9 
1 1
2 1 29 

5 1
5 1
25 1 26 
3 1 27 
47 1 36 
44 1 36 
49 1 34 
1 1
29 1 45 
8 1
8 1 19 
14 1 9 
24 1 18 
33 1 5 
27 1 5 
42 1 9 
6 1 24 
39 1 45 
10 1
34 1 29 
10 1 36 
50 1 25 
17 1 31 
35 1 45 
40 1 15 
9 1 26 
31 1 10 
32 1 28 
11 1 22 
7 1
16 1 20 
23 1 43 
19 1 18 
43 1 42 
41 1 40 
48 1 11 
4 1 12 

3 3
2 2
26 2 1 3 4 
31 2 6 3 4 
10 3
34 1 9 2 5 3 7 
14 1 3 2 5 3 2 
11 1 7 2 3 3 7 
42 1 14 2 22 3 3 
5 1 3 2 2 3 4 
46 1 17 2 6 3 7 
28 1 8 2 4 3 3 
39 1 8 2 1 3 4 
45 1 2 2 19 3 17 
38 1 5 2 1 3 8 
3 3
21 1 4 2 23 3 4 
22 1 10 2 5 3 7 
30 1 20 2 6 3 12 

2 2
1 1
42 2 11 
6 2
15 1 20 2 13 
4 1 18 2 28 
35 1 3 2 12 
19 1 5 2 16 
50 1 9 2 1 
48 1 24 2 18 

3 2
1 2
44 1 31 2 6 
7 1
18 1 18 
3 1 7 
35 1 2 
42 1 26 
47 1 17 
41 1 9 
46 1 5 
9 2
2 1 5 2 40 
31 1 24 2 8 
28 1 5 2 7 
8 1 8 2 24 
17 1 3 2 6 
1 1 21 2 10 
25 1 4 2 27 
5 1 34 2 3 
43 1 8 2 13 

4 2
9 2
21 1 9 2 5 
28 1 10 2 14 
2 1 8 2 15 
26 1 2 2 5 
35 1 8 2 32 
16 1 10 2 32 
11 1 3 2 16 
32 1 2 2 5 
34 1 6 2 5 
6 1
3 1 26 
43 1 26 
48 1 3 
29 1 20 
36 1 10 
20 1 18 
7 2
45 1 8 2 39 
42 1 28 2 4 
12 1 7 2 12 
40 1 12 2 8 
38 1 11 2 18 
44 1 2 2 35 
39 1 12 2 10 
8 2
18 1 5 2 5 
4 1 3 2 33 
22 1 18 2 6 
33 1 27 2 11 
13 1 5 2 15 
41 1 4 2 28 
19 1 33 2 7 
15 1 18 2 5 

2 2
6 2
18 1 4 2 34 
4 1 20 2 17 
32 1 10 2 31 
7 1 38 2 4 
31 1 6 2 25 
49 1 3 2 18 
10 2
23 1 2 2 9 
16 1 13 2 2 
36 1 26 2 2 
35 1 31 2 17 
6 1 11 2 21 
25 1 22 2 3 
8 1 21 2 28 
17 1 10 2 5 
30 1 17 2 3 
19 1 25 2 2 

3 1
6 1
46 1 9 
34 1 47 
27 1 11 
45 1 21 
2 1 44 
22 1 11 
6 1
7 1 41 
38 1 44 
15 1 32 
9 1 43 
30 1 10 
10 1 41 
6 1
33 1 40 
24 1 46 
39 1 13 
49 1 28 
19 1 21 
32 1 40 

2 2
1 2
37 1 15 2 32 
1 1
48 2 4 

3 1
9 1
40 1 39 
27 1 15 
44 1 17 
43 1 31 
2 1 44 
1 1 30 
12 1 46 
17 1 7 
3 1 18 
5 1
4 1 20 
42 1 5 
39 1 43 
9 1 11 
8 1 28 
10 1
20 1 18 
13 1 9 
5 1 25 
16 1 6 
24 1 31 
34 1 13 
47 1 13 
32 1 9 
45 1 7 
10 1 22 


15
2 1
10 1
3 1 43 
5 1 13 
7 1 29 
17 1 37 
28 1 22 
30 1 23 
35 1 26 
6 1 37 
14 1 18 
16 1 7 
4 1
38 1 39 
12 1 8 
34 1 5 
32 1 6 

2 1
2 1
22 1 49 
5 1 34 
7 1
31 1 12 
9 1 30 
32 1 24 
16 1 31 
25 1 12 
20 1 14 
46 1 37 

2 2
7 2
48 1 4 2 10 
44 1 8 2 2 
2 1 9 2 9 
46 1 4 2 1 
5 1 15 2 33 
30 1 35 2 11 
41 1 18 2 14 
1 2
18 1 4 2 12 

4 1
6 1
6 1 37 
1 1 42 
25 1 7 
29 1 34 
50 1 7 
26 1 14 
7 1
22 1 15 
12 1 7 
2 1 19 
23 1 22 
14 1 36 
7 1 7 
5 1 35 
9 1
28 1 32 
9 1 12 
39 1 30 
48 1 39 
37 1 24 
11 1 49 
20 1 31 
8 1 13 
43 1 43 
2 1
33 1 34 
19 1 38 

2 1
3 1
34 1 14 
3 1 39 
45 1 26 
8 1
10 1 5 
36 1 38 
50 1 38 
31 1 19 
46 1 14 
19 1 6 
44 1 22 
2 1 24 

2 1
5 1
28 1 49 
2 1 38 
45 1 23 
39 1 25 
11 1 24 
3 1
15 1 27 
16 1 26 
42 1 17 

4 2
5 2
28 1 22 2 12 
14 1 24 2 13 
11 1 6 2 20 
33 1 5 2 30 
30 1 11 2 19 
10 2
48 1 41 2 2 
39 1 7 2 11 
27 1 10 2 1 
1 1 4 2 7 
24 1 5 2 15 
23 1 8 2 25 
19 1 6 2 6 
47 1 41 2 4 
15 1 4 2 25 
45 1 8 2 22 
2 2
4 1 21 2 9 
40 1 6 2 40 
10 1
35 2 10 
42 2 32 
17 2 4 
3 2 12 
31 2 7 
46 2 1 
9 2 6 
6 2 47 
13 2 32 
8 2 36 

5 2
5 1
19 1 23 
46 1 17 
2 1 5 
12 1 9 
3 1 20 
5 1
49 1 9 
8 1 6 
20 1 10 
31 1 3 
27 1 21 
9 1
36 1 2 
34 1 16 
47 1 11 
16 1 19 
44 1 3 
35 1 3 
29 1 34 
15 1 26 
23 1 25 
5 2
10 1 5 2 9 
30 1 46 2 2 
7 1 3 2 3 
43 1 8 2 8 
26 1 5 2 3 
3 2
17 1 26 2 18 
39 1 3 2 14 
1 1 31 2 8 

4 3
6 3
49 1 6 2 4 3 9 
3 1 7 2 19 3 13 
36 1 2 2 14 3 5 
42 1 3 2 4 3 8 
33 1 7 2 16 3 15 
43 1 15 2 2 3 28 
2 2
45 2 8 3 14 
19 2 3 3 5 
7 1
25 3 4 
16 3 3 
10 3 9 
35 3 13 
13 3 27 
50 3 4 
21 3 5 
3 2
41 1 6 2 2 
38 1 8 2 24 
6 1 10 2 21 

1 1
5 1
8 1 20 
1 1 32 
12 1 27 
25 1 15 
40 1 32 

1 1
7 1
32 1 34 
2 1 21 
24 1 38 
29 1 14 
20 1 5 
46 1 25 
10 1 49 

4 3
9 1
42 2 3 
32 2 7 
44 2 8 
4 2 1 
40 2 4 
31 2 25 
21 2 2 
22 2 18 
7 2 3 
2 3
24 1 2 2 1 3 13 
35 1 2 2 14 3 1 
2 2
18 2 16 3 12 
25 2 5 3 2 
4 3
30 1 9 2 6 3 20 
39 1 18 2 22 3 3 
14 1 2 2 2 3 1 
11 1 3 2 3 3 32 

2 1
10 1
50 1 35 
29 1 13 
9 1 48 
5 1 25 
20 1 38 
34 1 16 
38 1 20 
47 1 31 
2 1 13 
12 1 16 
7 1
46 1 6 
33 1 6 
35 1 15 
40 1 22 
18 1 23 
21 1 17 
3 1 20 

5 1
10 1
18 1 26 
8 1 40 
28 1 22 
29 1 37 
50 1 33 
45 1 15 
11 1 41 
23 1 13 
26 1 5 
34 1 31 
2 1
15 1 12 
5 1 26 
10 1
37 1 31 
6 1 40 
47 1 23 
21 1 36 
30 1 6 
10 1 46 
38 1 39 
39 1 19 
12 1 7 
44 1 27 
10 1
42 1 23 
14 1 37 
31 1 22 
33 1 24 
46 1 49 
27 1 15 
1 1 5 
40 1 30 
43 1 45 
17 1 5 
2 1
32 1 38 
16 1 14 

2 2
8 2
8 1 5 2 5 
31 1 4 2 18 
1 1 6 2 21 
37 1 11 2 25 
14 1 3 2 23 
11 1 14 2 16 
29 1 16 2 7 
35 1 6 2 7 
7 1
17 1 6 
15 1 3 
47 1 25 
24 1 11 
48 1 9 
44 1 14 
12 1 5 


15
5 3
9 1
47 2 6 
31 2 1 
48 2 4 
8 2 3 
45 2 28 
41 2 26 
21 2 2 
39 2 4 
19 2 12 
9 2
13 2 11 3 16 
11 2 3 3 1 
5 2 22 3 18 
37 2 20 3 11 
17 2 10 3 18 
49 2 10 3 3 
25 2 1 3 1 
1 2 3 3 16 
36 2 11 3 1 
4 2
4 2 1 3 1 
14 2 9 3 27 
9 2 1 3 3 
6 2 6 3 2 
3 3
46 1 17 2 8 3 2 
20 1 2 2 25 3 1 
35 1 14 2 10 3 4 
7 1
22 3 2 
10 3 7 
38 3 2 
29 3 6 
28 3 3 
33 3 14 
18 3 1 

5 5
3 5
25 1 13 2 2 3 15 4 13 5 5 
32 1 3 2 8 3 3 4 2 5 1 
6 1 5 2 3 3 2 4 15 5 4 
4 5
33 1 3 2 3 3 2 4 3 5 10 
5 1 2 2 1 3 3 4 3 5 4 
1 1 10 2 8 3 16 4 3 5 5 
20 1 2 2 2 3 2 4 5 5 3 
8 3
31 2 1 3 1 4 1 
45 2 6 3 7 4 9 
41 2 2 3 3 4 1 
40 2 9 3 3 4 8 
9 2 9 3 6 4 4 
44 2 10 3 8 4 7 
12 2 4 3 10 4 6 
47 2 3 3 15 4 6 
8 1
17 1 3 
18 1 6 
4 1 4 
48 1 14 
29 1 21 
43 1 3 
30 1 4 
13 1 11 
3 5
42 1 5 2 1 3 2 4 7 5 1 
2 1 4 2 2 3 3 4 1 5 18 
22 1 10 2 2 3 1 4 5 5 2 

1 1
6 1
26 1 39 
37 1 24 
43 1 32 
4 1 42 
21 1 36 
50 1 41 

1 1
2 1
5 1 24 
36 1 26 

2 1
4 1
20 1 25 
49 1 8 
5 1 12 
3 1 42 
1 1
36 1 17 

2 1
3 1
21 1 38 
11 1 49 
40 1 29 
7 1
32 1 14 
48 1 39 
49 1 14 
38 1 36 
5 1 11 
13 1 43 
2 1 16 

5 2
6 2
49 1 15 2 8 
28 1 11 2 6 
32 1 24 2 7 
25 1 6 2 24 
34 1 13 2 25 
27 1 4 2 18 
10 2
15 1 7 2 14 
11 1 6 2 33 
33 1 4 2 5 
6 1 4 2 10 
44 1 4 2 1 
14 1 31 2 13 
31 1 9 2 9 
10 1 41 2 7 
45 1 11 2 31 
9 1 32 2 9 
8 1
18 2 4 
43 2 9 
7 2 24 
22 2 6 
23 2 1 
3 2 10 
29 2 9 
48 2 6 
2 1
40 2 6 
47 2 13 
10 2
26 1 15 2 3 
4 1 18 2 12 
16 1 5 2 29 
12 1 2 2 9 
41 1 11 2 7 
8 1 15 2 10 
1 1 14 2 12 
37 1 12 2 9 
30 1 7 2 15 
2 1 43 2 2 

5 3
7 2
50 2 7 3 5 
12 2 2 3 34 
46 2 6 3 12 
10 2 5 3 9 
7 2 6 3 3 
19 2 2 3 2 
11 2 12 3 5 
1 3
20 1 14 2 6 3 18 
10 2
25 1 12 2 22 
27 1 20 2 4 
13 1 9 2 5 
3 1 6 2 3 
38 1 4 2 3 
41 1 7 2 10 
39 1 26 2 13 
18 1 9 2 7 
36 1 8 2 8 
8 1 3 2 3 
3 1
33 1 6 
37 1 2 
35 1 18 
10 1
15 3 10 
22 3 5 
44 3 3 
26 3 1 
5 3 8 
14 3 17 
1 3 31 
23 3 4 
42 3 25 
16 3 13 

1 1
5 1
12 1 46 
30 1 40 
31 1 41 
6 1 6 
7 1 45 

2 2
5 1
46 1 6 
25 1 17 
37 1 4 
43 1 4 
11 1 21 
8 2
32 1 6 2 23 
18 1 7 2 29 
15 1 27 2 11 
6 1 5 2 9 
22 1 13 2 22 
44 1 5 2 3 
21 1 17 2 3 
36 1 25 2 5 

5 3
2 1
41 2 3 
7 2 2 
4 3
17 1 14 2 5 3 2 
21 1 2 2 3 3 1 
25 1 2 2 4 3 7 
50 1 33 2 3 3 9 
6 1
11 3 3 
34 3 28 
14 3 2 
29 3 3 
12 3 5 
4 3 1 
6 2
31 1 2 2 3 
32 1 4 2 16 
3 1 10 2 2 
33 1 4 2 3 
27 1 14 2 4 
13 1 4 2 1 
10 2
10 1 2 2 3 
48 1 2 2 2 
5 1 3 2 1 
8 1 10 2 9 
39 1 9 2 13 
23 1 3 2 1 
22 1 7 2 9 
18 1 2 2 1 
30 1 10 2 6 
35 1 16 2 21 

4 4
4 4
22 1 10 2 25 3 5 4 5 
12 1 8 2 8 3 3 4 4 
50 1 12 2 8 3 3 4 4 
27 1 10 2 6 3 17 4 1 
8 2
16 2 12 3 6 
24 2 4 3 2 
17 2 3 3 6 
37 2 3 3 2 
36 2 3 3 7 
26 2 20 3 6 
30 2 2 3 8 
15 2 7 3 2 
8 4
25 1 8 2 5 3 1 4 2 
41 1 11 2 4 3 12 4 12 
48 1 13 2 4 3 2 4 29 
9 1 2 2 1 3 5 4 15 
18 1 2 2 1 3 1 4 1 
1 1 8 2 8 3 10 4 13 
6 1 5 2 6 3 8 4 2 
20 1 2 2 1 3 1 4 1 
3 2
19 3 5 4 16 
13 3 2 4 3 
7 3 4 4 5 

4 4
5 2
4 3 9 4 5 
50 3 9 4 17 
19 3 5 4 1 
20 3 12 4 2 
1 3 3 4 6 
3 4
34 1 9 2 1 3 1 4 6 
13 1 10 2 5 3 3 4 10 
26 1 2 2 3 3 5 4 17 
3 1
37 3 1 
24 3 17 
47 3 5 
3 4
48 1 6 2 2 3 27 4 8 
42 1 6 2 10 3 9 4 4 
12 1 5 2 1 3 4 4 4 

3 1
4 1
5 1 40 
11 1 40 
40 1 9 
23 1 14 
2 1
39 1 6 
4 1 17 
7 1
43 1 25 
50 1 22 
18 1 41 
29 1 15 
33 1 47 
24 1 8 
35 1 14 

3 3
2 1
9 1 6 
16 1 14 
1 3
20 1 8 2 7 3 2 
7 1
37 2 15 
33 2 20 
7 2 7 
25 2 34 
6 2 2 
28 2 2 
45 2 12 


15
5 2
7 1
8 2 12 
7 2 32 
24 2 23 
26 2 23 
18 2 1 
11 2 6 
12 2 10 
9 1
20 2 6 
9 2 1 
48 2 24 
6 2 1 
17 2 4 
36 2 1 
14 2 17 
4 2 17 
47 2 34 
6 1
22 2 7 
42 2 12 
25 2 14 
43 2 37 
32 2 23 
19 2 26 
8 2
16 1 30 2 4 
13 1 15 2 14 
10 1 2 2 9 
50 1 2 2 42 
5 1 12 2 1 
40 1 8 2 3 
34 1 7 2 20 
29 1 11 2 1 
9 2
28 1 15 2 8 
27 1 7 2 22 
21 1 22 2 9 
45 1 11 2 4 
33 1 29 2 5 
44 1 6 2 5 
39 1 4 2 3 
49 1 6 2 35 
15 1 6 2 5 

4 2
3 1
15 1 19 
21 1 22 
44 1 9 
6 2
22 1 13 2 3 
23 1 24 2 2 
7 1 10 2 15 
9 1 13 2 10 
36 1 23 2 17 
24 1 8 2 32 
2 1
3 1 38 
20 1 30 
1 1
10 2 5 

4 4
7 1
50 2 7 
14 2 6 
31 2 3 
29 2 2 
26 2 1 
10 2 5 
43 2 9 
6 4
20 1 8 2 13 3 7 4 15 
18 1 3 2 3 3 19 4 8 
21 1 5 2 6 3 3 4 1 
47 1 7 2 7 3 6 4 20 
7 1 21 2 3 3 6 4 16 
11 1 3 2 14 3 2 4 26 
1 3
4 1 3 2 6 3 4 
1 4
45 1 29 2 7 3 5 4 5 

1 1
5 1
4 1 47 
44 1 41 
26 1 38 
27 1 49 
29 1 27 

2 2
1 2
18 1 12 2 28 
9 2
38 1 13 2 3 
9 1 26 2 10 
29 1 11 2 18 
36 1 10 2 8 
3 1 34 2 15 
49 1 6 2 30 
30 1 5 2 40 
4 1 2 2 15 
40 1 37 2 1 

5 1
3 1
15 1 26 
26 1 41 
7 1 29 
4 1
10 1 15 
43 1 12 
9 1 19 
12 1 28 
3 1
35 1 12 
22 1 14 
33 1 46 
7 1
42 1 9 
4 1 44 
17 1 15 
28 1 27 
13 1 30 
16 1 33 
6 1 5 
2 1
31 1 19 
2 1 21 

3 1
8 1
49 1 17 
26 1 37 
31 1 34 
15 1 27 
20 1 45 
8 1 26 
25 1 9 
27 1 9 
3 1
16 1 13 
38 1 18 
11 1 30 
4 1
36 1 42 
39 1 14 
29 1 36 
3 1 30 

5 1
4 1
10 1 26 
47 1 19 
37 1 22 
46 1 27 
3 1
13 1 14 
1 1 9 
24 1 8 
6 1
31 1 34 
15 1 18 
50 1 22 
2 1 48 
4 1 24 
41 1 26 
10 1
5 1 11 
35 1 15 
17 1 44 
38 1 39 
39 1 47 
40 1 47 
49 1 25 
11 1 10 
30 1 48 
28 1 23 
9 1
14 1 5 
16 1 23 
21 1 15 
45 1 19 
26 1 30 
33 1 20 
19 1 5 
9 1 28 
20 1 25 

1 1
3 1
2 1 22 
27 1 8 
11 1 20 

1 1
10 1
27 1 37 
40 1 13 
29 1 36 
43 1 43 
7 1 32 
4 1 41 
39 1 10 
37 1 25 
15 1 10 
21 1 40 

3 2
9 1
9 2 8 
7 2 8 
3 2 2 
13 2 32 
28 2 19 
11 2 7 
16 2 2 
25 2 23 
12 2 20 
1 2
8 1 17 2 14 
6 1
35 1 4 
22 1 7 
31 1 23 
26 1 11 
50 1 5 
17 1 18 

2 1
3 1
32 1 12 
26 1 8 
25 1 32 
10 1
50 1 8 
28 1 42 
47 1 38 
44 1 9 
24 1 32 
6 1 19 
29 1 20 
4 1 32 
38 1 34 
41 1 35 

3 3
5 1
11 3 15 
5 3 10 
41 3 1 
43 3 16 
21 3 7 
1 3
25 1 2 2 3 3 24 
4 1
20 2 11 
2 2 14 
16 2 2 
15 2 4 

1 1
5 1
3 1 20 
19 1 34 
48 1 37 
20 1 21 
39 1 18 

2 2
6 2
13 1 17 2 15 
23 1 3 2 16 
9 1 7 2 34 
1 1 12 2 28 
14 1 3 2 40 
25 1 5 2 2 
4 2
28 1 24 2 19 
48 1 5 2 3 
30 1 28 2 5 
27 1 14 2 33 


15
5 1
10 1
32 1 18 
29 1 37 
25 1 40 
39 1 8 
7 1 42 
24 1 21 
50 1 24 
28 1 39 
35 1 29 
34 1 30 
7 1
5 1 20 
17 1 44 
45 1 46 
49 1 36 
15 1 30 
26 1 32 
23 1 48 
3 1
47 1 21 
11 1 36 
22 1 45 
5 1
40 1 25 
6 1 36 
2 1 7 
43 1 7 
46 1 39 
7 1
44 1 14 
27 1 24 
4 1 42 
9 1 43 
10 1 25 
14 1 44 
33 1 6 

4 3
7 3
28 1 16 2 19 3 12 
50 1 27 2 17 3 1 
44 1 30 2 9 3 8 
42 1 10 2 9 3 2 
1 1 15 2 9 3 2 
4 1 28 2 8 3 7 
27 1 9 2 5 3 9 
9 3
41 1 4 2 12 3 11 
43 1 2 2 11 3 3 
32 1 2 2 12 3 3 
31 1 17 2 9 3 18 
6 1 4 2 1 3 3 
10 1 16 2 2 3 8 
48 1 3 2 1 3 1 
29 1 9 2 3 3 18 
34 1 23 2 17 3 3 
5 2
21 2 12 3 12 
23 2 8 3 1 
24 2 3 3 2 
2 2 11 3 2 
25 2 17 3 17 
6 2
13 1 6 2 24 
7 1 5 2 10 
3 1 3 2 8 
20 1 23 2 21 
38 1 3 2 2 
14 1 5 2 25 

4 1
2 1
44 1 28 
41 1 15 
8 1
11 1 35 
7 1 12 
39 1 26 
35 1 21 
2 1 8 
31 1 48 
50 1 16 
8 1 29 
7 1
29 1 10 
34 1 35 
4 1 8 
36 1 33 
37 1 5 
21 1 34 
32 1 12 
7 1
16 1 27 
24 1 5 
19 1 46 
5 1 9 
33 1 6 
23 1 12 
15 1 5 

1 1
7 1
42 1 15 
10 1 41 
7 1 27 
27 1 37 
31 1 7 
30 1 47 
11 1 9 

4 4
5 1
2 2 8 
38 2 2 
28 2 5 
5 2 5 
18 2 8 
2 2
9 3 14 4 9 
48 3 1 4 1 
5 4
20 1 7 2 9 3 5 4 5 
25 1 4 2 15 3 5 4 3 
41 1 5 2 18 3 9 4 9 
34 1 5 2 4 3 6 4 2 
15 1 3 2 4 3 3 4 4 
3 4
42 1 2 2 2 3 1 4 2 
45 1 10 2 7 3 7 4 3 
24 1 4 2 4 3 2 4 1 

3 3
2 2
23 2 19 3 23 
6 2 3 3 6 
5 1
46 3 1 
27 3 8 
11 3 7 
13 3 14 
7 3 1 
7 3
5 1 40 2 2 3 6 
34 1 2 2 1 3 2 
24 1 10 2 21 3 15 
29 1 4 2 9 3 10 
14 1 14 2 5 3 6 
1 1 4 2 5 3 13 
32 1 16 2 1 3 6 

1 1
2 1
16 1 14 
9 1 37 

5 4
2 1
33 1 7 
21 1 3 
2 2
19 2 2 3 1 
2 2 4 3 7 
5 2
8 2 6 3 3 
41 2 6 3 11 
35 2 7 3 1 
39 2 2 3 10 
13 2 7 3 1 
3 4
32 1 8 2 13 3 2 4 9 
14 1 13 2 17 3 6 4 9 
7 1 20 2 3 3 1 4 18 
8 2
11 3 4 4 2 
34 3 3 4 4 
50 3 13 4 1 
43 3 10 4 10 
15 3 4 4 1 
25 3 7 4 8 
38 3 17 4 7 
44 3 11 4 2 

1 1
10 1
21 1 19 
37 1 41 
18 1 44 
5 1 33 
12 1 48 
35 1 5 
47 1 15 
36 1 17 
27 1 17 
6 1 46 

3 3
10 2
36 1 3 2 16 
3 1 3 2 8 
44 1 3 2 2 
23 1 25 2 8 
15 1 5 2 13 
5 1 4 2 13 
48 1 8 2 23 
12 1 29 2 3 
31 1 2 2 7 
1 1 3 2 1 
10 3
28 1 10 2 5 3 9 
32 1 25 2 2 3 1 
18 1 6 2 20 3 6 
11 1 8 2 1 3 11 
8 1 2 2 2 3 5 
29 1 2 2 16 3 21 
14 1 19 2 5 3 6 
38 1 9 2 24 3 6 
30 1 4 2 17 3 26 
24 1 17 2 13 3 11 
3 1
19 3 13 
21 3 23 
49 3 32 

4 4
5 4
37 1 8 2 5 3 2 4 1 
19 1 9 2 5 3 11 4 5 
43 1 11 2 2 3 2 4 1 
15 1 20 2 5 3 3 4 3 
33 1 12 2 14 3 6 4 6 
1 1
25 1 9 
9 2
38 2 13 3 21 
41 2 3 3 17 
39 2 9 3 2 
35 2 1 3 10 
12 2 15 3 19 
17 2 2 3 10 
34 2 15 3 14 
18 2 2 3 14 
42 2 4 3 1 
3 2
40 3 5 4 13 
32 3 4 4 2 
20 3 1 4 9 

2 1
1 1
33 1 24 
1 1
19 1 33 

1 1
4 1
36 1 48 
49 1 6 
44 1 31 
23 1 30 

4 3
9 2
18 2 2 3 2 
2 2 2 3 11 
27 2 12 3 3 
44 2 7 3 19 
24 2 4 3 2 
8 2 13 3 11 
19 2 4 3 13 
21 2 7 3 9 
10 2 2 3 4 
9 3
42 1 32 2 11 3 2 
26 1 21 2 2 3 6 
25 1 8 2 5 3 2 
3 1 19 2 6 3 5 
23 1 13 2 14 3 13 
33 1 12 2 13 3 18 
29 1 4 2 2 3 1 
4 1 2 2 5 3 1 
37 1 3 2 24 3 7 
10 1
17 2 3 
12 2 7 
16 2 7 
32 2 8 
46 2 1 
38 2 5 
45 2 14 
15 2 7 
6 2 3 
35 2 3 
10 2
13 2 1 3 11 
20 2 3 3 1 
9 2 10 3 5 
14 2 21 3 7 
34 2 24 3 2 
36 2 5 3 2 
1 2 2 3 8 
22 2 14 3 10 
31 2 4 3 1 
39 2 1 3 3 

4 3
1 3
10 1 3 2 7 3 2 
7 1
2 3 11 
6 3 13 
29 3 1 
14 3 10 
3 3 4 
45 3 6 
15 3 4 
5 1
24 2 2 
11 2 1 
39 2 10 
30 2 3 
36 2 8 
10 3
5 1 10 2 23 3 12 
18 1 14 2 18 3 2 
17 1 3 2 11 3 9 
38 1 3 2 4 3 2 
48 1 3 2 2 3 2 
19 1 8 2 5 3 34 
8 1 3 2 12 3 20 
28 1 5 2 22 3 1 
21 1 3 2 1 3 8 
34 1 23 2 16 3 6 


15
1 1
1 1
45 1 12 

2 2
1 1
49 2 4 
10 2
9 1 11 2 6 
11 1 4 2 7 
47 1 20 2 16 
40 1 13 2 3 
23 1 40 2 4 
50 1 26 2 2 
29 1 3 2 8 
41 1 2 2 11 
12 1 10 2 17 
36 1 21 2 14 

3 2
10 1
14 1 10 
32 1 4 
20 1 5 
28 1 19 
33 1 6 
37 1 6 
16 1 16 
25 1 34 
15 1 3 
43 1 10 
2 2
49 1 43 2 2 
36 1 21 2 19 
5 2
29 1 2 2 43 
42 1 7 2 42 
21 1 2 2 6 
26 1 17 2 2 
3 1 13 2 28 

5 3
8 3
4 1 13 2 14 3 4 
10 1 9 2 18 3 10 
46 1 14 2 11 3 19 
16 1 7 2 9 3 16 
17 1 13 2 4 3 23 
39 1 15 2 12 3 17 
41 1 12 2 13 3 11 
22 1 2 2 8 3 15 
6 1
8 2 2 
3 2 19 
27 2 8 
30 2 9 
34 2 3 
2 2 2 
8 1
20 1 13 
15 1 6 
5 1 4 
11 1 11 
19 1 11 
42 1 9 
1 1 2 
32 1 15 
4 1
28 3 4 
47 3 2 
40 3 14 
9 3 1 
9 2
18 2 3 3 2 
26 2 26 3 1 
7 2 5 3 2 
24 2 13 3 13 
6 2 7 3 12 
21 2 4 3 6 
23 2 4 3 2 
14 2 6 3 4 
50 2 18 3 6 

3 3
1 2
6 1 4 2 8 
9 1
3 1 5 
48 1 3 
46 1 4 
27 1 29 
21 1 5 
12 1 4 
42 1 15 
44 1 6 
2 1 13 
3 3
35 1 11 2 4 3 6 
41 1 12 2 4 3 1 
49 1 2 2 2 3 27 

5 1
1 1
20 1 40 
10 1
44 1 46 
9 1 34 
3 1 24 
31 1 13 
38 1 29 
40 1 14 
47 1 11 
46 1 18 
25 1 28 
48 1 44 
1 1
7 1 21 
2 1
6 1 30 
42 1 23 
3 1
26 1 22 
49 1 38 
16 1 46 

4 3
1 3
9 1 22 2 5 3 16 
9 2
27 2 16 3 8 
23 2 6 3 12 
47 2 3 3 2 
28 2 12 3 4 
3 2 12 3 5 
39 2 3 3 1 
8 2 12 3 3 
14 2 10 3 2 
17 2 4 3 2 
10 2
37 2 14 3 2 
50 2 14 3 2 
45 2 3 3 3 
44 2 8 3 4 
16 2 11 3 2 
20 2 2 3 10 
22 2 2 3 6 
36 2 28 3 6 
10 2 2 3 1 
29 2 6 3 12 
3 1
2 1 2 
48 1 8 
41 1 9 

5 1
2 1
50 1 37 
25 1 30 
9 1
9 1 17 
42 1 8 
2 1 33 
24 1 46 
6 1 48 
19 1 40 
21 1 13 
1 1 15 
43 1 30 
6 1
15 1 34 
8 1 38 
41 1 10 
22 1 33 
36 1 20 
49 1 18 
5 1
23 1 37 
34 1 27 
32 1 26 
4 1 40 
3 1 25 
3 1
28 1 43 
45 1 7 
30 1 48 

3 2
6 2
21 1 31 2 6 
43 1 13 2 18 
14 1 29 2 18 
34 1 18 2 28 
22 1 27 2 9 
25 1 17 2 26 
8 1
18 1 19 
40 1 10 
3 1 18 
1 1 2 
38 1 7 
12 1 12 
2 1 8 
13 1 27 
10 2
11 1 26 2 16 
24 1 24 2 10 
50 1 23 2 10 
10 1 10 2 6 
9 1 11 2 3 
26 1 2 2 7 
17 1 4 2 5 
8 1 5 2 21 
39 1 32 2 15 
37 1 28 2 5 

4 3
5 2
20 2 4 3 6 
40 2 10 3 15 
23 2 17 3 13 
24 2 4 3 1 
26 2 7 3 1 
9 1
47 1 5 
45 1 6 
50 1 2 
46 1 3 
16 1 9 
1 1 2 
25 1 15 
9 1 3 
22 1 22 
8 2
5 1 2 2 19 
41 1 7 2 7 
39 1 4 2 15 
32 1 18 2 9 
7 1 17 2 10 
8 1 11 2 28 
18 1 2 2 2 
12 1 4 2 6 
2 3
42 1 9 2 4 3 7 
33 1 16 2 3 3 14 

5 4
9 4
33 1 4 2 2 3 1 4 4 
25 1 2 2 2 3 1 4 8 
39 1 10 2 8 3 7 4 2 
4 1 8 2 14 3 4 4 12 
27 1 3 2 2 3 7 4 1 
50 1 11 2 16 3 6 4 1 
22 1 2 2 6 3 17 4 3 
24 1 7 2 8 3 6 4 4 
43 1 7 2 8 3 1 4 22 
4 1
21 2 5 
19 2 8 
14 2 7 
37 2 6 
8 1
20 3 4 
40 3 6 
18 3 16 
47 3 1 
45 3 5 
41 3 10 
28 3 8 
17 3 5 
2 2
13 3 1 4 5 
32 3 2 4 5 
5 4
2 1 6 2 5 3 2 4 8 
44 1 8 2 10 3 2 4 10 
29 1 29 2 6 3 4 4 9 
7 1 9 2 7 3 6 4 4 
31 1 2 2 3 3 11 4 6 

5 4
1 3
6 2 5 3 5 4 2 
1 4
17 1 4 2 6 3 2 4 20 
5 1
38 4 16 
8 4 1 
36 4 20 
47 4 7 
31 4 2 
2 1
11 1 6 
1 1 3 
7 1
30 4 1 
29 4 8 
41 4 2 
13 4 2 
46 4 3 
22 4 4 
9 4 5 

4 2
7 2
36 1 9 2 1 
35 1 26 2 12 
16 1 2 2 10 
21 1 12 2 14 
34 1 11 2 2 
44 1 7 2 13 
15 1 2 2 4 
2 1
45 1 12 
39 1 5 
9 1
18 1 13 
17 1 13 
26 1 26 
6 1 37 
13 1 7 
49 1 4 
11 1 4 
14 1 7 
1 1 5 
8 1
46 1 19 
31 1 6 
5 1 21 
7 1 7 
50 1 24 
43 1 36 
3 1 4 
2 1 5 

5 3
8 1
6 1 14 
50 1 5 
47 1 2 
39 1 24 
22 1 5 
28 1 15 
5 1 2 
13 1 23 
5 2
35 1 10 2 17 
9 1 11 2 5 
43 1 19 2 8 
26 1 12 2 25 
29 1 18 2 4 
3 1
25 3 10 
32 3 22 
12 3 19 
10 1
41 1 7 
18 1 3 
48 1 18 
49 1 2 
4 1 5 
33 1 20 
42 1 2 
23 1 3 
2 1 11 
27 1 7 
4 3
30 1 3 2 6 3 1 
15 1 13 2 10 3 26 
17 1 19 2 15 3 10 
40 1 2 2 3 3 2 

2 1
4 1
16 1 36 
44 1 28 
47 1 22 
50 1 35 
2 1
12 1 46 
45 1 35 


15
4 3
4 2
33 2 10 3 7 
9 2 2 3 3 
30 2 20 3 23 
16 2 19 3 11 
9 2
32 1 6 2 2 
15 1 2 2 2 
41 1 5 2 4 
44 1 4 2 4 
50 1 13 2 1 
49 1 26 2 7 
10 1 6 2 7 
2 1 3 2 12 
36 1 6 2 3 
2 3
3 1 10 2 8 3 12 
29 1 11 2 27 3 8 
2 2
43 1 6 2 8 
26 1 9 2 4 

1 1
1 1
6 1 8 

5 5
3 1
46 5 12 
26 5 1 
50 5 6 
3 4
27 1 5 2 4 3 6 4 3 
19 1 6 2 3 3 2 4 3 
32 1 3 2 12 3 6 4 4 
3 3
1 1 2 2 1 3 2 
4 1 2 2 1 3 1 
15 1 5 2 3 3 3 
8 5
42 1 2 2 2 3 2 4 5 5 2 
13 1 3 2 2 3 1 4 3 5 6 
39 1 2 2 1 3 3 4 1 5 1 
10 1 10 2 21 3 7 4 8 5 2 
9 1 2 2 3 3 4 4 3 5 1 
44 1 2 2 9 3 14 4 4 5 5 
28 1 2 2 9 3 14 4 5 5 4 
34 1 22 2 2 3 7 4 4 5 11 
3 1
35 1 3 
40 1 4 
23 1 3 

2 1
6 1
39 1 15 
21 1 19 
50 1 33 
30 1 23 
33 1 19 
41 1 14 
5 1
7 1 28 
26 1 10 
16 1 22 
44 1 36 
4 1 11 

4 4
3 3
49 2 1 3 1 4 7 
4 2 4 3 4 4 5 
14 2 7 3 4 4 10 
1 1
6 2 7 
2 4
27 1 4 2 4 3 2 4 6 
30 1 2 2 5 3 19 4 4 
3 4
46 1 7 2 34 3 4 4 1 
18 1 2 2 2 3 1 4 1 
7 1 5 2 7 3 21 4 15 

5 2
7 2
9 1 26 2 5 
39 1 17 2 32 
23 1 13 2 3 
48 1 5 2 9 
45 1 32 2 1 
5 1 9 2 4 
14 1 14 2 14 
3 1
32 1 7 
20 1 7 
16 1 9 
7 1
29 1 4 
7 1 23 
28 1 9 
21 1 35 
36 1 7 
4 1 22 
24 1 29 
3 1
6 1 25 
8 1 2 
31 1 13 
2 2
34 1 27 2 3 
12 1 15 2 18 

3 3
9 1
45 1 6 
47 1 6 
9 1 5 
19 1 3 
7 1 5 
40 1 13 
27 1 4 
25 1 21 
4 1 4 
10 1
1 2 4 
29 2 16 
16 2 4 
10 2 1 
3 2 2 
46 2 6 
6 2 7 
42 2 3 
50 2 2 
35 2 11 
6 3
39 1 10 2 1 3 7 
49 1 7 2 12 3 18 
38 1 8 2 31 3 3 
23 1 4 2 4 3 10 
12 1 4 2 5 3 7 
44 1 14 2 27 3 5 

1 1
9 1
30 1 40 
23 1 39 
42 1 43 
10 1 13 
27 1 26 
15 1 24 
6 1 46 
38 1 36 
25 1 18 

4 2
3 1
50 1 6 
18 1 15 
15 1 7 
7 2
38 1 12 2 9 
43 1 11 2 8 
39 1 2 2 9 
45 1 11 2 19 
42 1 11 2 6 
30 1 9 2 31 
49 1 4 2 1 
10 1
17 1 33 
4 1 17 
20 1 17 
12 1 4 
14 1 20 
27 1 7 
13 1 19 
36 1 4 
3 1 13 
28 1 19 
6 1
25 1 4 
23 1 13 
22 1 9 
21 1 7 
34 1 10 
41 1 14 

2 1
6 1
38 1 24 
30 1 36 
5 1 15 
27 1 29 
48 1 44 
28 1 32 
1 1
34 1 24 

4 1
1 1
30 1 11 
4 1
12 1 43 
8 1 42 
42 1 13 
48 1 22 
3 1
35 1 29 
24 1 19 
11 1 7 
4 1
13 1 22 
2 1 19 
40 1 32 
43 1 29 

5 1
6 1
18 1 14 
6 1 33 
22 1 37 
3 1 42 
8 1 24 
30 1 8 
1 1
24 1 19 
4 1
40 1 34 
35 1 34 
42 1 29 
36 1 32 
10 1
44 1 13 
1 1 46 
46 1 6 
41 1 38 
9 1 36 
23 1 43 
38 1 35 
11 1 16 
32 1 33 
4 1 49 
9 1
45 1 17 
34 1 25 
37 1 9 
43 1 33 
5 1 40 
20 1 48 
12 1 30 
17 1 9 
27 1 8 

5 3
2 3
6 1 7 2 35 3 4 
2 1 3 2 2 3 3 
7 3
33 1 5 2 16 3 12 
15 1 16 2 3 3 15 
50 1 3 2 9 3 3 
19 1 13 2 5 3 12 
4 1 34 2 4 3 3 
38 1 21 2 3 3 3 
39 1 18 2 11 3 8 
10 2
47 2 1 3 13 
29 2 10 3 4 
34 2 13 3 6 
20 2 2 3 30 
43 2 13 3 10 
13 2 3 3 9 
17 2 10 3 4 
22 2 27 3 11 
21 2 15 3 14 
28 2 12 3 1 
1 1
31 1 19 
3 1
8 1 3 
26 1 7 
35 1 2 

5 1
10 1
1 1 16 
22 1 34 
31 1 36 
33 1 35 
18 1 21 
48 1 24 
47 1 11 
35 1 21 
28 1 48 
23 1 30 
4 1
42 1 35 
44 1 26 
13 1 33 
29 1 44 
10 1
49 1 24 
43 1 31 
7 1 30 
40 1 6 
20 1 9 
11 1 15 
6 1 38 
10 1 42 
17 1 35 
36 1 26 
2 1
50 1 9 
37 1 47 
6 1
5 1 25 
16 1 16 
41 1 9 
15 1 20 
25 1 5 
30 1 20 

1 1
9 1
36 1 36 
25 1 6 
5 1 32 
33 1 8 
22 1 5 
39 1 46 
35 1 40 
4 1 22 
49 1 35 


