10 50 100 5 5

10
1 1
9 1
2 1 32 
19 1 31 
14 1 22 
21 1 32 
27 1 32 
10 1 35 
17 1 20 
1 1 22 
3 1 20 

2 2
5 2
36 1 42 2 6 
48 1 2 2 3 
24 1 4 2 11 
6 1 10 2 27 
42 1 2 2 36 
1 2
47 1 9 2 39 

2 1
8 1
13 1 23 
45 1 41 
39 1 39 
18 1 49 
43 1 24 
19 1 22 
16 1 41 
41 1 19 
6 1
22 1 33 
38 1 37 
34 1 7 
28 1 30 
27 1 32 
23 1 6 

3 1
9 1
28 1 16 
47 1 29 
30 1 31 
5 1 27 
19 1 19 
32 1 13 
15 1 20 
13 1 24 
33 1 28 
1 1
7 1 30 
3 1
38 1 49 
44 1 44 
42 1 5 

3 3
1 3
27 1 7 2 18 3 16 
5 1
10 1 12 
41 1 4 
26 1 2 
43 1 5 
8 1 4 
1 1
4 2 3 

3 1
9 1
15 1 44 
6 1 33 
18 1 9 
21 1 6 
29 1 29 
39 1 33 
46 1 27 
8 1 20 
2 1 33 
1 1
42 1 39 
7 1
38 1 22 
16 1 7 
44 1 17 
28 1 9 
20 1 43 
43 1 33 
32 1 33 

2 1
5 1
8 1 21 
5 1 24 
12 1 7 
13 1 49 
17 1 34 
7 1
27 1 37 
7 1 31 
48 1 17 
1 1 21 
32 1 8 
42 1 24 
15 1 36 

1 1
2 1
38 1 39 
30 1 20 

5 1
7 1
47 1 47 
37 1 29 
40 1 32 
27 1 8 
46 1 48 
44 1 20 
6 1 25 
2 1
16 1 46 
39 1 15 
9 1
1 1 16 
21 1 45 
38 1 31 
3 1 41 
31 1 23 
43 1 27 
17 1 19 
36 1 33 
29 1 43 
7 1
32 1 42 
4 1 9 
19 1 43 
49 1 15 
34 1 16 
8 1 38 
14 1 10 
8 1
50 1 5 
20 1 19 
33 1 35 
9 1 9 
15 1 6 
42 1 31 
5 1 9 
25 1 16 

1 1
5 1
49 1 39 
24 1 42 
46 1 23 
5 1 35 
50 1 47 


10
2 1
5 1
39 1 45 
22 1 10 
17 1 34 
25 1 36 
40 1 16 
10 1
37 1 33 
11 1 12 
10 1 44 
5 1 46 
33 1 44 
45 1 38 
36 1 28 
28 1 21 
8 1 42 
14 1 38 

1 1
2 1
38 1 42 
23 1 10 

5 1
3 1
12 1 18 
23 1 35 
34 1 15 
9 1
42 1 36 
29 1 22 
50 1 42 
43 1 22 
46 1 30 
15 1 10 
8 1 12 
20 1 6 
6 1 49 
10 1
1 1 48 
41 1 18 
27 1 24 
36 1 5 
9 1 22 
18 1 15 
37 1 46 
24 1 36 
10 1 44 
40 1 19 
1 1
11 1 38 
10 1
5 1 22 
17 1 10 
38 1 20 
30 1 7 
48 1 25 
3 1 26 
26 1 41 
28 1 9 
13 1 26 
7 1 24 

2 2
9 2
19 1 7 2 6 
28 1 46 2 3 
15 1 28 2 11 
41 1 11 2 7 
38 1 3 2 25 
9 1 24 2 20 
23 1 4 2 31 
6 1 4 2 9 
11 1 3 2 9 
3 2
50 1 3 2 41 
43 1 22 2 2 
26 1 6 2 1 

5 2
2 1
37 2 7 
38 2 15 
7 2
43 1 2 2 3 
26 1 24 2 4 
45 1 6 2 3 
9 1 9 2 17 
17 1 11 2 4 
2 1 14 2 35 
18 1 31 2 16 
2 1
16 2 3 
50 2 6 
5 1
5 2 4 
12 2 9 
11 2 5 
14 2 1 
49 2 11 
5 1
32 1 6 
28 1 5 
4 1 7 
25 1 11 
40 1 6 

3 2
7 1
45 2 20 
22 2 15 
38 2 2 
3 2 30 
34 2 16 
24 2 18 
7 2 6 
6 2
19 1 13 2 28 
33 1 33 2 12 
25 1 24 2 6 
49 1 9 2 5 
1 1 22 2 4 
46 1 25 2 16 
9 2
23 1 35 2 2 
9 1 2 2 23 
4 1 18 2 31 
15 1 7 2 41 
27 1 11 2 23 
18 1 7 2 5 
37 1 22 2 20 
36 1 2 2 8 
11 1 2 2 5 

4 3
5 1
13 1 25 
18 1 17 
17 1 12 
45 1 5 
27 1 2 
8 1
34 1 2 
30 1 9 
42 1 5 
37 1 3 
40 1 5 
6 1 5 
8 1 8 
22 1 9 
5 1
48 1 4 
49 1 5 
19 1 16 
5 1 6 
29 1 20 
5 3
43 1 2 2 2 3 1 
23 1 7 2 7 3 11 
41 1 10 2 30 3 5 
7 1 16 2 11 3 1 
9 1 6 2 12 3 7 

5 3
1 1
19 2 3 
3 3
16 1 13 2 5 3 8 
45 1 34 2 7 3 8 
18 1 3 2 7 3 16 
1 2
24 2 2 3 1 
6 1
28 3 12 
21 3 1 
12 3 35 
7 3 5 
34 3 1 
20 3 37 
7 3
5 1 16 2 8 3 12 
43 1 9 2 8 3 28 
9 1 2 2 1 3 10 
17 1 5 2 10 3 5 
33 1 6 2 1 3 36 
50 1 9 2 5 3 13 
4 1 6 2 15 3 26 

4 1
8 1
11 1 20 
48 1 36 
25 1 6 
38 1 19 
47 1 13 
30 1 36 
6 1 44 
15 1 15 
5 1
39 1 47 
35 1 13 
10 1 13 
19 1 30 
18 1 44 
1 1
17 1 13 
6 1
28 1 24 
5 1 16 
40 1 32 
29 1 28 
46 1 5 
43 1 23 

1 1
2 1
47 1 8 
20 1 25 


10
3 2
4 2
18 1 11 2 23 
13 1 44 2 1 
16 1 11 2 1 
28 1 14 2 7 
2 1
45 2 8 
35 2 8 
8 2
10 1 13 2 36 
43 1 7 2 19 
47 1 26 2 3 
48 1 3 2 42 
2 1 29 2 1 
24 1 26 2 21 
14 1 14 2 5 
20 1 5 2 40 

1 1
6 1
41 1 20 
1 1 9 
27 1 28 
12 1 21 
25 1 30 
21 1 22 

1 1
7 1
9 1 32 
1 1 15 
13 1 12 
15 1 28 
35 1 29 
23 1 8 
2 1 46 

4 3
5 1
32 2 7 
50 2 11 
46 2 14 
45 2 16 
6 2 6 
2 3
13 1 7 2 4 3 2 
25 1 17 2 21 3 6 
6 1
44 3 5 
41 3 9 
35 3 19 
40 3 2 
42 3 3 
33 3 5 
6 2
38 1 14 2 9 
20 1 14 2 15 
3 1 8 2 7 
4 1 8 2 6 
2 1 7 2 2 
5 1 4 2 1 

3 1
9 1
38 1 44 
1 1 40 
2 1 15 
50 1 8 
37 1 46 
40 1 35 
49 1 10 
43 1 27 
36 1 37 
10 1
5 1 9 
4 1 22 
18 1 13 
17 1 35 
15 1 45 
44 1 27 
24 1 12 
14 1 17 
48 1 42 
19 1 48 
6 1
23 1 7 
42 1 43 
20 1 16 
7 1 16 
27 1 44 
11 1 41 

5 4
9 1
25 2 5 
48 2 2 
3 2 3 
32 2 6 
40 2 1 
26 2 3 
44 2 22 
4 2 9 
1 2 8 
2 1
29 1 3 
14 1 5 
10 2
21 1 3 2 3 
49 1 16 2 10 
38 1 23 2 9 
43 1 12 2 2 
30 1 5 2 19 
12 1 8 2 16 
42 1 7 2 8 
8 1 2 2 1 
15 1 3 2 10 
6 1 3 2 2 
9 2
16 3 12 4 26 
50 3 3 4 1 
39 3 5 4 4 
27 3 9 4 4 
46 3 6 4 1 
28 3 1 4 1 
34 3 6 4 2 
20 3 8 4 4 
41 3 5 4 7 
8 4
35 1 2 2 1 3 2 4 15 
24 1 2 2 1 3 9 4 9 
2 1 15 2 6 3 8 4 7 
5 1 6 2 1 3 2 4 20 
19 1 18 2 8 3 2 4 2 
47 1 2 2 15 3 9 4 19 
7 1 5 2 11 3 9 4 8 
18 1 10 2 31 3 1 4 4 

2 1
4 1
10 1 9 
46 1 32 
12 1 43 
21 1 25 
9 1
32 1 23 
47 1 35 
16 1 42 
22 1 40 
5 1 11 
29 1 42 
26 1 48 
41 1 32 
43 1 24 

5 1
6 1
44 1 30 
12 1 11 
35 1 28 
8 1 30 
19 1 40 
34 1 16 
6 1
31 1 38 
10 1 12 
33 1 23 
9 1 15 
42 1 16 
24 1 19 
2 1
39 1 20 
50 1 24 
8 1
23 1 17 
41 1 10 
15 1 33 
32 1 16 
36 1 46 
25 1 45 
13 1 40 
48 1 49 
8 1
1 1 24 
45 1 43 
30 1 26 
49 1 31 
37 1 5 
21 1 19 
20 1 32 
43 1 38 

4 3
7 3
12 1 6 2 8 3 13 
30 1 8 2 6 3 12 
32 1 2 2 26 3 8 
23 1 20 2 8 3 15 
29 1 22 2 7 3 20 
19 1 6 2 4 3 3 
5 1 5 2 12 3 9 
5 3
37 1 5 2 30 3 7 
1 1 26 2 5 3 4 
31 1 13 2 19 3 1 
33 1 5 2 6 3 1 
21 1 3 2 5 3 1 
3 1
45 2 2 
16 2 3 
2 2 7 
3 1
26 2 1 
36 2 8 
38 2 4 

4 4
3 1
38 1 3 
8 1 12 
26 1 11 
9 1
9 1 13 
4 1 28 
49 1 2 
2 1 3 
36 1 5 
45 1 10 
41 1 10 
31 1 2 
18 1 2 
2 4
46 1 3 2 30 3 3 4 9 
47 1 13 2 7 3 5 4 2 
8 1
44 4 3 
50 4 5 
15 4 19 
27 4 10 
43 4 4 
22 4 4 
28 4 3 
25 4 1 


10
2 1
6 1
32 1 41 
17 1 21 
38 1 27 
5 1 24 
42 1 46 
45 1 41 
6 1
33 1 32 
19 1 31 
37 1 38 
40 1 29 
39 1 41 
27 1 45 

5 4
8 1
32 4 4 
15 4 6 
11 4 4 
19 4 4 
38 4 2 
9 4 2 
43 4 2 
3 4 11 
5 4
20 1 2 2 2 3 1 4 2 
46 1 5 2 2 3 3 4 2 
13 1 15 2 5 3 3 4 11 
25 1 4 2 4 3 2 4 3 
21 1 7 2 1 3 8 4 12 
10 1
12 3 8 
14 3 11 
23 3 5 
30 3 1 
39 3 13 
36 3 10 
44 3 2 
28 3 14 
16 3 2 
40 3 11 
2 1
1 4 2 
6 4 3 
5 4
49 1 9 2 1 3 2 4 15 
10 1 20 2 6 3 11 4 1 
45 1 3 2 1 3 1 4 1 
18 1 17 2 6 3 3 4 3 
41 1 3 2 1 3 5 4 2 

3 3
5 2
7 2 8 3 4 
15 2 5 3 5 
28 2 2 3 3 
10 2 17 3 5 
50 2 1 3 3 
8 3
18 1 27 2 7 3 6 
30 1 14 2 27 3 1 
1 1 14 2 2 3 21 
42 1 2 2 7 3 9 
25 1 23 2 1 3 1 
48 1 6 2 20 3 5 
14 1 22 2 12 3 5 
21 1 7 2 6 3 7 
6 2
26 1 6 2 6 
20 1 8 2 2 
34 1 11 2 6 
47 1 2 2 5 
19 1 30 2 5 
16 1 5 2 1 

3 1
7 1
10 1 31 
7 1 23 
45 1 19 
31 1 24 
44 1 41 
9 1 34 
21 1 30 
1 1
32 1 42 
7 1
22 1 7 
40 1 19 
46 1 48 
26 1 21 
19 1 35 
23 1 7 
3 1 8 

3 2
10 2
25 1 11 2 29 
49 1 10 2 6 
41 1 15 2 21 
38 1 26 2 9 
12 1 19 2 5 
44 1 31 2 14 
42 1 8 2 4 
30 1 3 2 5 
35 1 22 2 13 
50 1 6 2 2 
4 2
4 1 28 2 6 
45 1 10 2 27 
8 1 5 2 38 
43 1 6 2 33 
1 2
10 1 34 2 3 

1 1
3 1
40 1 42 
21 1 13 
47 1 34 

2 2
6 2
13 1 9 2 27 
1 1 5 2 2 
11 1 10 2 15 
5 1 5 2 5 
7 1 12 2 30 
45 1 45 2 2 
10 1
30 1 3 
3 1 2 
15 1 6 
17 1 9 
37 1 33 
50 1 26 
43 1 20 
19 1 9 
6 1 12 
35 1 37 

2 1
5 1
43 1 13 
44 1 5 
11 1 44 
30 1 49 
31 1 28 
10 1
9 1 14 
3 1 23 
7 1 36 
48 1 37 
18 1 6 
47 1 22 
36 1 15 
20 1 40 
32 1 33 
6 1 7 

2 1
4 1
14 1 20 
15 1 21 
20 1 34 
34 1 23 
9 1
25 1 47 
49 1 18 
31 1 41 
21 1 33 
40 1 48 
47 1 35 
12 1 46 
48 1 22 
23 1 20 

4 1
3 1
23 1 40 
3 1 41 
47 1 43 
2 1
2 1 9 
24 1 11 
7 1
4 1 43 
40 1 22 
5 1 30 
29 1 13 
45 1 20 
6 1 19 
20 1 13 
1 1
27 1 49 


10
3 2
4 1
35 1 8 
24 1 3 
22 1 31 
7 1 19 
2 2
49 1 5 2 17 
46 1 16 2 18 
3 1
42 2 31 
6 2 1 
31 2 33 

1 1
10 1
49 1 41 
16 1 10 
38 1 38 
33 1 28 
2 1 12 
8 1 21 
43 1 39 
30 1 11 
44 1 35 
47 1 35 

1 1
4 1
6 1 45 
15 1 20 
42 1 31 
29 1 11 

5 4
6 1
27 2 6 
43 2 3 
1 2 5 
24 2 3 
41 2 23 
4 2 2 
1 1
16 1 30 
2 1
26 2 7 
39 2 5 
1 4
21 1 10 2 5 3 16 4 2 
3 2
25 3 2 4 7 
11 3 2 4 12 
49 3 5 4 3 

4 3
8 2
2 1 5 2 29 
24 1 9 2 2 
44 1 2 2 17 
34 1 18 2 10 
8 1 4 2 3 
46 1 5 2 15 
33 1 7 2 3 
6 1 3 2 20 
1 3
27 1 16 2 4 3 16 
4 1
5 2 3 
49 2 1 
40 2 12 
22 2 9 
8 3
50 1 4 2 12 3 1 
3 1 16 2 19 3 4 
23 1 5 2 2 3 4 
19 1 19 2 1 3 14 
15 1 11 2 2 3 7 
38 1 3 2 4 3 5 
10 1 10 2 19 3 3 
47 1 4 2 5 3 20 

5 1
4 1
50 1 42 
43 1 29 
23 1 45 
35 1 43 
9 1
15 1 45 
21 1 12 
6 1 29 
2 1 18 
26 1 42 
16 1 40 
24 1 21 
45 1 13 
48 1 39 
1 1
40 1 41 
8 1
7 1 30 
32 1 41 
20 1 45 
8 1 19 
5 1 39 
29 1 37 
19 1 22 
49 1 46 
4 1
30 1 41 
17 1 20 
37 1 18 
27 1 20 

4 4
1 1
24 4 10 
9 4
45 1 2 2 2 3 10 4 27 
39 1 3 2 7 3 11 4 3 
15 1 5 2 2 3 19 4 1 
16 1 5 2 12 3 12 4 3 
21 1 7 2 24 3 2 4 1 
48 1 2 2 10 3 3 4 2 
26 1 9 2 2 3 20 4 3 
8 1 2 2 1 3 1 4 1 
31 1 2 2 4 3 17 4 2 
6 3
35 2 2 3 1 4 1 
3 2 3 3 10 4 3 
29 2 1 3 1 4 1 
28 2 5 3 5 4 1 
2 2 2 3 2 4 7 
42 2 5 3 12 4 3 
6 1
47 4 3 
37 4 3 
18 4 5 
1 4 3 
11 4 1 
17 4 1 

3 2
5 2
5 1 29 2 8 
15 1 9 2 33 
47 1 3 2 2 
32 1 14 2 1 
39 1 3 2 6 
6 1
19 1 16 
23 1 5 
4 1 24 
16 1 12 
34 1 11 
6 1 13 
1 2
44 1 6 2 1 

2 1
3 1
44 1 35 
1 1 38 
37 1 29 
5 1
18 1 36 
42 1 12 
14 1 31 
22 1 30 
20 1 34 

3 3
5 3
29 1 3 2 20 3 10 
46 1 7 2 23 3 1 
31 1 5 2 9 3 1 
44 1 6 2 1 3 1 
19 1 6 2 16 3 17 
2 2
36 1 2 2 4 
13 1 3 2 3 
8 3
38 1 27 2 9 3 5 
26 1 9 2 10 3 27 
8 1 11 2 8 3 27 
50 1 8 2 27 3 12 
5 1 4 2 1 3 25 
20 1 6 2 12 3 17 
6 1 5 2 14 3 14 
39 1 3 2 21 3 17 


10
1 1
2 1
3 1 38 
10 1 20 

4 4
6 2
40 2 9 3 8 
32 2 2 3 7 
27 2 1 3 1 
31 2 2 3 1 
13 2 6 3 2 
28 2 4 3 4 
8 2
41 2 1 3 1 
44 2 2 3 2 
39 2 12 3 2 
15 2 8 3 14 
47 2 14 3 10 
26 2 2 3 1 
36 2 4 3 15 
21 2 3 3 8 
10 1
3 1 22 
34 1 7 
12 1 9 
16 1 9 
10 1 8 
8 1 6 
49 1 5 
4 1 26 
42 1 5 
46 1 18 
9 4
6 1 10 2 7 3 12 4 3 
35 1 11 2 2 3 3 4 4 
9 1 5 2 16 3 3 4 5 
23 1 6 2 4 3 2 4 13 
50 1 6 2 1 3 4 4 5 
2 1 15 2 3 3 18 4 8 
7 1 16 2 5 3 17 4 2 
20 1 4 2 9 3 9 4 4 
11 1 8 2 1 3 11 4 11 

2 2
6 2
44 1 32 2 6 
25 1 3 2 27 
19 1 17 2 25 
22 1 38 2 6 
29 1 10 2 15 
43 1 32 2 8 
9 1
40 2 27 
27 2 35 
9 2 2 
21 2 11 
11 2 34 
45 2 7 
16 2 33 
17 2 6 
47 2 8 

1 1
8 1
20 1 36 
50 1 41 
38 1 25 
35 1 7 
15 1 39 
32 1 37 
41 1 42 
39 1 14 

5 3
9 2
14 2 19 3 27 
25 2 2 3 8 
27 2 15 3 8 
3 2 9 3 25 
6 2 14 3 17 
15 2 10 3 7 
45 2 1 3 35 
19 2 5 3 1 
47 2 18 3 7 
9 1
10 3 13 
16 3 2 
22 3 5 
24 3 17 
12 3 4 
43 3 1 
42 3 7 
46 3 1 
23 3 8 
2 2
7 1 5 2 17 
13 1 15 2 4 
3 2
39 2 2 3 1 
9 2 22 3 5 
5 2 5 3 8 
4 3
40 1 8 2 19 3 18 
2 1 6 2 9 3 2 
34 1 2 2 29 3 16 
26 1 2 2 9 3 19 

5 5
9 5
6 1 2 2 1 3 1 4 2 5 2 
32 1 2 2 8 3 4 4 5 5 2 
36 1 4 2 28 3 2 4 8 5 7 
43 1 2 2 7 3 8 4 8 5 2 
17 1 2 2 4 3 5 4 1 5 7 
16 1 3 2 1 3 2 4 4 5 1 
20 1 10 2 9 3 11 4 5 5 2 
15 1 11 2 3 3 15 4 3 5 7 
4 1 8 2 3 3 2 4 20 5 5 
9 1
40 3 13 
11 3 14 
3 3 11 
50 3 2 
42 3 3 
27 3 3 
39 3 3 
38 3 21 
44 3 2 
7 5
34 1 3 2 4 3 1 4 5 5 5 
12 1 3 2 3 3 1 4 3 5 1 
47 1 21 2 1 3 13 4 4 5 5 
7 1 2 2 1 3 5 4 2 5 14 
23 1 4 2 9 3 18 4 9 5 5 
5 1 2 2 1 3 2 4 1 5 1 
1 1 4 2 5 3 8 4 3 5 4 
6 5
37 1 21 2 5 3 4 4 15 5 3 
8 1 19 2 10 3 5 4 7 5 4 
46 1 2 2 1 3 2 4 2 5 1 
49 1 2 2 1 3 1 4 1 5 1 
21 1 8 2 5 3 3 4 2 5 5 
35 1 7 2 6 3 4 4 3 5 20 
3 3
26 3 4 4 26 5 2 
10 3 11 4 2 5 2 
18 3 1 4 1 5 1 

3 1
7 1
38 1 21 
43 1 45 
34 1 5 
31 1 41 
33 1 38 
26 1 22 
42 1 36 
4 1
28 1 9 
41 1 45 
24 1 33 
2 1 36 
1 1
9 1 25 

1 1
8 1
33 1 19 
30 1 12 
4 1 37 
42 1 18 
47 1 12 
10 1 8 
49 1 17 
39 1 24 

2 2
10 2
27 1 3 2 2 
9 1 6 2 8 
29 1 2 2 9 
20 1 33 2 4 
47 1 7 2 30 
10 1 43 2 1 
2 1 18 2 7 
46 1 5 2 6 
44 1 2 2 7 
41 1 4 2 1 
1 1
23 1 5 

3 1
3 1
27 1 39 
46 1 19 
7 1 9 
7 1
18 1 31 
2 1 29 
23 1 47 
43 1 29 
11 1 5 
21 1 14 
24 1 46 
5 1
33 1 37 
42 1 6 
39 1 37 
8 1 15 
37 1 39 


10
4 2
10 1
23 2 5 
5 2 24 
45 2 1 
24 2 16 
39 2 14 
9 2 9 
41 2 8 
38 2 14 
28 2 10 
12 2 4 
1 2
27 1 11 2 25 
1 2
3 1 31 2 17 
3 1
8 2 4 
32 2 36 
42 2 5 

1 1
5 1
15 1 29 
41 1 42 
49 1 37 
28 1 18 
1 1 25 

1 1
1 1
16 1 12 

2 2
9 1
27 1 2 
42 1 24 
38 1 11 
40 1 8 
43 1 14 
41 1 3 
46 1 21 
29 1 6 
50 1 3 
8 2
36 1 5 2 5 
1 1 16 2 20 
16 1 15 2 2 
47 1 19 2 2 
44 1 33 2 12 
39 1 9 2 24 
21 1 2 2 16 
7 1 2 2 4 

2 2
3 2
13 1 6 2 14 
18 1 4 2 11 
9 1 9 2 12 
3 2
35 1 22 2 1 
45 1 5 2 6 
44 1 45 2 3 

2 2
3 2
22 1 15 2 32 
25 1 35 2 1 
46 1 3 2 4 
1 2
43 1 28 2 3 

2 1
4 1
13 1 48 
23 1 45 
26 1 27 
12 1 20 
7 1
29 1 31 
47 1 43 
45 1 33 
49 1 17 
9 1 13 
3 1 35 
24 1 19 

1 1
7 1
6 1 43 
28 1 15 
39 1 47 
13 1 30 
12 1 26 
40 1 43 
21 1 31 

3 3
6 3
31 1 2 2 4 3 25 
6 1 2 2 9 3 4 
25 1 29 2 6 3 4 
42 1 12 2 15 3 2 
35 1 8 2 8 3 29 
45 1 3 2 6 3 3 
9 2
14 2 10 3 5 
15 2 27 3 6 
13 2 1 3 4 
48 2 4 3 3 
9 2 5 3 8 
49 2 6 3 5 
24 2 29 3 15 
37 2 3 3 2 
23 2 7 3 4 
8 1
16 1 9 
27 1 15 
30 1 25 
20 1 5 
33 1 2 
11 1 7 
17 1 4 
12 1 3 

1 1
2 1
2 1 47 
32 1 37 


10
3 2
1 1
45 1 9 
2 2
12 1 21 2 16 
30 1 30 2 10 
7 1
48 1 22 
11 1 4 
8 1 2 
35 1 4 
20 1 11 
1 1 42 
47 1 18 

5 1
2 1
2 1 38 
11 1 41 
2 1
44 1 11 
3 1 13 
5 1
32 1 5 
28 1 8 
34 1 26 
30 1 13 
5 1 6 
7 1
25 1 25 
50 1 20 
27 1 14 
19 1 6 
38 1 48 
39 1 48 
17 1 40 
8 1
23 1 39 
15 1 39 
14 1 24 
42 1 38 
46 1 11 
45 1 21 
4 1 7 
35 1 22 

3 1
7 1
31 1 21 
30 1 8 
23 1 11 
34 1 42 
18 1 43 
35 1 11 
48 1 44 
4 1
22 1 33 
38 1 36 
45 1 9 
20 1 29 
5 1
39 1 35 
5 1 32 
17 1 31 
43 1 27 
8 1 27 

4 2
10 1
31 1 15 
42 1 12 
23 1 22 
28 1 40 
48 1 9 
15 1 27 
5 1 16 
16 1 12 
45 1 19 
29 1 13 
9 1
8 2 3 
35 2 13 
43 2 18 
39 2 2 
30 2 13 
37 2 25 
20 2 5 
10 2 30 
46 2 15 
8 2
27 1 9 2 4 
49 1 2 2 11 
21 1 39 2 7 
14 1 13 2 29 
44 1 32 2 17 
40 1 10 2 2 
4 1 16 2 24 
7 1 4 2 23 
7 2
17 1 19 2 12 
32 1 13 2 9 
26 1 3 2 2 
12 1 6 2 39 
33 1 3 2 11 
38 1 33 2 10 
36 1 6 2 10 

5 2
10 2
36 1 4 2 9 
39 1 19 2 14 
14 1 11 2 4 
29 1 4 2 10 
30 1 8 2 32 
50 1 11 2 34 
48 1 6 2 13 
18 1 2 2 5 
2 1 17 2 32 
45 1 38 2 9 
10 1
13 1 8 
21 1 2 
9 1 5 
7 1 27 
42 1 3 
37 1 12 
22 1 17 
43 1 9 
35 1 3 
33 1 22 
3 2
25 1 25 2 3 
17 1 29 2 9 
49 1 19 2 7 
1 1
16 2 7 
9 1
38 2 5 
10 2 6 
44 2 3 
3 2 11 
40 2 3 
34 2 5 
6 2 6 
28 2 10 
32 2 14 

4 2
2 2
32 1 8 2 15 
29 1 12 2 10 
5 1
17 1 27 
2 1 16 
16 1 4 
15 1 7 
47 1 34 
3 1
31 2 2 
34 2 30 
19 2 10 
8 2
42 1 4 2 1 
38 1 2 2 10 
44 1 12 2 13 
6 1 27 2 2 
33 1 13 2 20 
25 1 6 2 6 
49 1 40 2 8 
21 1 6 2 10 

2 1
2 1
1 1 18 
15 1 19 
5 1
4 1 15 
39 1 44 
27 1 24 
40 1 35 
44 1 36 

1 1
2 1
16 1 17 
39 1 42 

1 1
4 1
31 1 38 
2 1 40 
15 1 7 
42 1 33 

1 1
2 1
3 1 16 
18 1 34 


10
5 1
7 1
7 1 37 
12 1 15 
3 1 16 
5 1 35 
15 1 26 
43 1 39 
9 1 21 
8 1
19 1 41 
40 1 25 
32 1 47 
18 1 41 
29 1 7 
46 1 24 
24 1 18 
23 1 16 
8 1
47 1 25 
30 1 7 
35 1 20 
2 1 22 
37 1 28 
34 1 29 
38 1 5 
41 1 30 
7 1
8 1 15 
44 1 42 
10 1 48 
20 1 48 
48 1 30 
1 1 34 
33 1 12 
7 1
25 1 38 
13 1 48 
22 1 36 
31 1 26 
11 1 25 
50 1 22 
26 1 43 

4 3
8 3
35 1 6 2 16 3 11 
33 1 2 2 5 3 37 
29 1 19 2 3 3 15 
8 1 16 2 14 3 3 
22 1 9 2 11 3 17 
34 1 6 2 6 3 2 
49 1 3 2 2 3 3 
32 1 19 2 6 3 7 
7 1
13 3 8 
5 3 4 
1 3 1 
30 3 10 
39 3 13 
3 3 16 
24 3 5 
8 3
18 1 4 2 12 3 6 
7 1 3 2 35 3 7 
27 1 2 2 4 3 3 
20 1 20 2 4 3 5 
43 1 8 2 5 3 9 
21 1 3 2 10 3 9 
11 1 16 2 21 3 6 
9 1 19 2 20 3 8 
1 2
14 1 29 2 11 

4 3
3 3
40 1 4 2 3 3 1 
10 1 3 2 2 3 7 
25 1 2 2 3 3 1 
10 3
33 1 11 2 17 3 3 
27 1 3 2 15 3 7 
39 1 8 2 3 3 29 
6 1 4 2 9 3 2 
13 1 37 2 8 3 4 
18 1 18 2 7 3 6 
32 1 12 2 6 3 1 
15 1 18 2 11 3 3 
42 1 2 2 7 3 16 
41 1 22 2 10 3 2 
8 1
21 1 3 
24 1 2 
14 1 5 
30 1 2 
45 1 8 
46 1 7 
35 1 5 
29 1 2 
8 2
7 1 5 2 25 
11 1 2 2 2 
49 1 10 2 9 
37 1 6 2 9 
31 1 3 2 3 
22 1 19 2 14 
43 1 2 2 2 
2 1 10 2 8 

1 1
8 1
49 1 16 
41 1 9 
21 1 46 
12 1 28 
38 1 8 
43 1 10 
15 1 37 
22 1 42 

5 3
7 3
45 1 8 2 3 3 13 
50 1 16 2 4 3 23 
32 1 7 2 8 3 1 
3 1 10 2 3 3 1 
23 1 11 2 9 3 4 
20 1 5 2 33 3 11 
21 1 3 2 3 3 1 
1 2
5 1 10 2 16 
4 3
8 1 21 2 5 3 1 
2 1 2 2 4 3 3 
25 1 18 2 2 3 5 
16 1 3 2 2 3 4 
9 1
34 1 9 
9 1 11 
48 1 2 
33 1 16 
22 1 17 
35 1 17 
14 1 6 
28 1 3 
36 1 29 
10 3
11 1 2 2 2 3 19 
24 1 4 2 9 3 2 
43 1 8 2 1 3 18 
26 1 19 2 11 3 14 
44 1 2 2 2 3 1 
46 1 4 2 1 3 16 
15 1 4 2 2 3 3 
10 1 18 2 8 3 23 
27 1 2 2 1 3 3 
19 1 6 2 6 3 1 

2 1
2 1
49 1 42 
25 1 9 
8 1
46 1 9 
8 1 27 
39 1 41 
4 1 45 
34 1 47 
6 1 37 
42 1 38 
47 1 6 

5 4
2 4
9 1 2 2 1 3 1 4 1 
16 1 2 2 17 3 5 4 3 
9 2
45 2 10 3 8 
26 2 23 3 3 
49 2 9 3 10 
3 2 1 3 5 
28 2 10 3 3 
42 2 9 3 11 
2 2 4 3 1 
33 2 11 3 21 
22 2 20 3 5 
5 2
46 1 31 2 2 
10 1 7 2 2 
4 1 7 2 1 
31 1 6 2 3 
43 1 29 2 2 
1 1
36 4 6 
7 4
7 1 14 2 5 3 13 4 5 
35 1 3 2 16 3 9 4 4 
15 1 7 2 17 3 19 4 2 
25 1 10 2 12 3 16 4 10 
37 1 11 2 4 3 4 4 1 
48 1 3 2 2 3 11 4 1 
30 1 6 2 8 3 16 4 4 

4 1
9 1
7 1 31 
41 1 37 
43 1 15 
34 1 32 
48 1 13 
32 1 8 
1 1 26 
2 1 29 
17 1 9 
8 1
29 1 48 
31 1 13 
8 1 34 
47 1 48 
14 1 15 
3 1 19 
24 1 12 
45 1 49 
5 1
40 1 27 
16 1 12 
4 1 20 
19 1 34 
15 1 17 
4 1
50 1 39 
12 1 38 
27 1 22 
37 1 17 

2 1
4 1
42 1 15 
38 1 36 
45 1 39 
32 1 33 
6 1
3 1 18 
39 1 12 
40 1 27 
50 1 31 
28 1 17 
26 1 39 

5 1
10 1
15 1 18 
29 1 20 
47 1 9 
14 1 15 
10 1 39 
20 1 44 
13 1 17 
46 1 11 
2 1 27 
49 1 27 
9 1
35 1 20 
1 1 39 
43 1 47 
39 1 14 
41 1 39 
8 1 16 
7 1 5 
31 1 11 
19 1 28 
4 1
44 1 14 
27 1 34 
30 1 6 
11 1 48 
1 1
28 1 43 
7 1
9 1 45 
21 1 44 
26 1 10 
6 1 14 
48 1 48 
16 1 21 
4 1 32 


10
2 1
10 1
11 1 11 
24 1 34 
33 1 49 
45 1 25 
36 1 49 
37 1 21 
40 1 35 
30 1 22 
41 1 6 
35 1 6 
1 1
43 1 37 

3 3
3 1
47 3 5 
18 3 3 
27 3 8 
10 3
33 1 11 2 15 3 7 
11 1 9 2 11 3 7 
23 1 6 2 5 3 11 
10 1 7 2 11 3 28 
12 1 19 2 15 3 8 
20 1 7 2 16 3 5 
38 1 23 2 2 3 5 
40 1 4 2 25 3 10 
14 1 4 2 10 3 27 
31 1 24 2 12 3 2 
8 3
13 1 5 2 15 3 22 
49 1 4 2 2 3 35 
39 1 15 2 16 3 2 
35 1 9 2 21 3 1 
43 1 2 2 2 3 1 
4 1 10 2 11 3 20 
48 1 6 2 3 3 3 
2 1 13 2 2 3 17 

5 1
9 1
14 1 35 
1 1 7 
17 1 13 
38 1 18 
33 1 39 
37 1 9 
20 1 24 
40 1 35 
24 1 45 
6 1
27 1 40 
8 1 21 
16 1 22 
5 1 37 
23 1 15 
19 1 13 
7 1
25 1 40 
26 1 39 
47 1 11 
28 1 27 
29 1 8 
2 1 36 
12 1 36 
6 1
32 1 49 
41 1 48 
21 1 35 
42 1 48 
30 1 31 
6 1 8 
2 1
13 1 15 
3 1 6 

2 1
3 1
46 1 11 
20 1 38 
35 1 17 
4 1
32 1 29 
44 1 12 
42 1 13 
13 1 11 

2 2
2 2
28 1 32 2 7 
5 1 26 2 1 
1 2
29 1 20 2 20 

1 1
1 1
43 1 37 

2 2
3 2
34 1 29 2 20 
16 1 5 2 41 
2 1 26 2 15 
9 1
15 2 1 
35 2 17 
21 2 4 
28 2 30 
50 2 5 
42 2 11 
45 2 18 
44 2 3 
23 2 14 

3 1
2 1
37 1 43 
13 1 35 
10 1
41 1 44 
20 1 17 
25 1 20 
27 1 35 
12 1 46 
19 1 17 
16 1 22 
10 1 47 
47 1 21 
46 1 18 
9 1
18 1 16 
45 1 14 
42 1 25 
40 1 37 
28 1 23 
48 1 35 
24 1 26 
15 1 14 
23 1 32 

3 2
10 2
23 1 10 2 18 
20 1 23 2 2 
28 1 12 2 11 
11 1 24 2 11 
38 1 32 2 2 
29 1 7 2 1 
34 1 9 2 4 
42 1 6 2 11 
16 1 34 2 15 
18 1 15 2 33 
2 2
2 1 10 2 18 
1 1 3 2 10 
3 1
26 2 7 
30 2 5 
3 2 7 

4 2
1 1
45 2 2 
2 2
31 1 38 2 3 
34 1 3 2 20 
3 2
46 1 14 2 13 
23 1 37 2 9 
1 1 18 2 13 
4 2
17 1 3 2 7 
35 1 3 2 15 
7 1 13 2 11 
16 1 14 2 15 


