10 50 150 5 5

15
2 2
2 2
5 1 14 2 17 
29 1 11 2 6 
7 2
16 1 8 2 3 
19 1 25 2 6 
37 1 20 2 5 
47 1 3 2 6 
18 1 16 2 25 
45 1 19 2 7 
28 1 7 2 15 

3 3
2 3
21 1 2 2 9 3 7 
11 1 10 2 11 3 15 
2 3
10 1 29 2 2 3 8 
7 1 2 2 9 3 22 
7 2
50 2 2 3 10 
23 2 3 3 3 
2 2 8 3 13 
32 2 5 3 4 
22 2 3 3 6 
34 2 2 3 5 
40 2 3 3 1 

5 4
10 3
31 1 7 2 4 3 16 
18 1 4 2 5 3 2 
11 1 16 2 5 3 13 
37 1 3 2 20 3 9 
14 1 8 2 5 3 12 
32 1 2 2 2 3 3 
38 1 13 2 3 3 5 
49 1 8 2 6 3 1 
8 1 5 2 4 3 2 
10 1 9 2 7 3 3 
5 2
5 3 1 4 1 
50 3 4 4 5 
13 3 10 4 1 
4 3 3 4 1 
26 3 10 4 2 
9 4
29 1 2 2 1 3 2 4 4 
28 1 2 2 5 3 3 4 2 
17 1 2 2 21 3 8 4 4 
35 1 14 2 14 3 4 4 12 
36 1 29 2 3 3 2 4 3 
40 1 3 2 29 3 9 4 1 
45 1 22 2 3 3 13 4 7 
22 1 2 2 1 3 5 4 1 
7 1 9 2 11 3 3 4 24 
8 2
19 3 1 4 8 
24 3 20 4 4 
2 3 8 4 17 
39 3 2 4 2 
46 3 11 4 2 
42 3 11 4 5 
15 3 2 4 2 
16 3 9 4 5 
1 3
23 2 5 3 10 4 16 

4 2
8 1
36 1 3 
1 1 7 
21 1 3 
30 1 2 
18 1 23 
46 1 4 
41 1 11 
9 1 3 
4 2
27 1 3 2 19 
50 1 13 2 20 
28 1 7 2 19 
31 1 3 2 6 
2 2
47 1 7 2 8 
6 1 3 2 18 
2 2
42 1 5 2 4 
17 1 6 2 10 

2 1
1 1
17 1 46 
7 1
27 1 43 
22 1 29 
7 1 11 
25 1 6 
47 1 30 
30 1 49 
31 1 33 

1 1
2 1
3 1 9 
39 1 11 

1 1
4 1
28 1 23 
1 1 34 
42 1 20 
27 1 5 

4 4
7 1
41 1 7 
39 1 4 
37 1 6 
10 1 3 
7 1 2 
46 1 10 
17 1 2 
5 4
14 1 2 2 1 3 2 4 2 
26 1 4 2 3 3 15 4 5 
33 1 13 2 2 3 5 4 4 
8 1 7 2 8 3 23 4 10 
49 1 6 2 2 3 3 4 2 
6 3
13 1 2 2 10 3 11 
44 1 16 2 5 3 1 
34 1 9 2 13 3 15 
32 1 12 2 13 3 10 
11 1 2 2 5 3 21 
19 1 3 2 13 3 2 
7 4
21 1 2 2 1 3 1 4 1 
22 1 3 2 3 3 1 4 1 
30 1 2 2 1 3 1 4 1 
4 1 19 2 4 3 3 4 10 
15 1 2 2 9 3 5 4 2 
25 1 2 2 3 3 3 4 1 
43 1 7 2 2 3 13 4 1 

1 1
9 1
2 1 19 
12 1 24 
4 1 22 
30 1 31 
16 1 9 
35 1 17 
26 1 32 
20 1 21 
21 1 21 

4 4
4 3
6 1 4 2 4 3 6 
35 1 4 2 8 3 3 
11 1 3 2 2 3 2 
10 1 2 2 6 3 2 
4 4
17 1 5 2 2 3 4 4 2 
22 1 2 2 1 3 2 4 1 
2 1 4 2 5 3 5 4 4 
13 1 24 2 5 3 7 4 3 
6 1
14 1 2 
4 1 6 
33 1 3 
32 1 9 
5 1 11 
50 1 6 
5 2
44 1 11 2 2 
29 1 14 2 25 
23 1 4 2 3 
40 1 6 2 4 
47 1 2 2 4 

5 2
8 1
43 2 6 
24 2 1 
22 2 22 
19 2 3 
32 2 21 
40 2 9 
44 2 24 
41 2 4 
9 2
39 1 14 2 34 
37 1 12 2 9 
16 1 6 2 2 
46 1 2 2 3 
9 1 17 2 11 
48 1 16 2 16 
30 1 30 2 2 
45 1 18 2 28 
35 1 4 2 34 
6 2
21 1 26 2 7 
27 1 3 2 3 
10 1 26 2 10 
7 1 15 2 8 
36 1 4 2 5 
6 1 21 2 24 
10 2
38 1 4 2 23 
34 1 4 2 8 
47 1 40 2 1 
13 1 23 2 3 
20 1 43 2 3 
28 1 5 2 38 
14 1 17 2 23 
29 1 16 2 28 
49 1 9 2 28 
1 1 12 2 9 
10 2
31 1 2 2 8 
42 1 35 2 1 
4 1 4 2 1 
3 1 11 2 6 
8 1 23 2 17 
25 1 17 2 9 
15 1 8 2 5 
5 1 5 2 28 
23 1 6 2 25 
50 1 47 2 2 

4 3
8 3
22 1 10 2 11 3 8 
36 1 9 2 13 3 26 
20 1 4 2 10 3 25 
7 1 15 2 5 3 6 
47 1 19 2 14 3 14 
11 1 16 2 3 3 13 
29 1 3 2 13 3 5 
43 1 5 2 9 3 5 
9 1
33 2 2 
13 2 2 
35 2 2 
31 2 9 
28 2 5 
4 2 3 
8 2 29 
2 2 6 
24 2 3 
4 2
50 1 13 2 3 
46 1 18 2 11 
21 1 12 2 3 
42 1 5 2 12 
5 2
26 2 1 3 23 
38 2 25 3 4 
19 2 2 3 1 
9 2 5 3 16 
1 2 27 3 10 

1 1
10 1
39 1 20 
5 1 36 
13 1 46 
36 1 15 
49 1 35 
27 1 41 
48 1 5 
41 1 38 
7 1 31 
30 1 30 

2 1
10 1
47 1 38 
20 1 38 
40 1 17 
24 1 7 
49 1 10 
35 1 23 
27 1 17 
31 1 47 
34 1 47 
4 1 43 
6 1
39 1 46 
22 1 39 
26 1 13 
10 1 40 
46 1 12 
23 1 35 

5 4
6 1
40 2 10 
42 2 9 
15 2 11 
18 2 8 
9 2 5 
32 2 2 
3 2
23 3 1 4 2 
48 3 3 4 1 
50 3 4 4 3 
6 3
46 1 2 2 10 3 35 
41 1 11 2 6 3 3 
6 1 8 2 9 3 2 
47 1 2 2 7 3 6 
1 1 5 2 25 3 6 
27 1 19 2 3 3 3 
9 4
10 1 5 2 5 3 8 4 11 
5 1 4 2 5 3 1 4 1 
29 1 2 2 8 3 6 4 2 
33 1 2 2 1 3 1 4 2 
11 1 3 2 1 3 1 4 1 
28 1 4 2 5 3 3 4 2 
20 1 2 2 1 3 2 4 1 
24 1 22 2 14 3 3 4 3 
37 1 11 2 19 3 6 4 1 
3 4
45 1 17 2 4 3 9 4 2 
14 1 8 2 9 3 5 4 1 
12 1 2 2 6 3 15 4 1 


15
1 1
5 1
3 1 32 
15 1 46 
12 1 31 
17 1 5 
18 1 7 

4 3
9 1
23 2 3 
35 2 6 
7 2 26 
43 2 4 
48 2 6 
50 2 2 
45 2 12 
15 2 5 
20 2 30 
2 2
2 1 7 2 2 
5 1 18 2 1 
2 3
29 1 3 2 3 3 3 
37 1 5 2 3 3 4 
7 1
34 1 11 
17 1 2 
10 1 14 
25 1 10 
18 1 2 
30 1 8 
28 1 4 

4 4
1 2
2 2 2 3 1 
10 1
41 3 12 
22 3 15 
26 3 1 
50 3 14 
13 3 7 
17 3 1 
27 3 2 
3 3 2 
33 3 4 
18 3 1 
8 4
46 1 3 2 20 3 17 4 6 
4 1 8 2 11 3 3 4 9 
7 1 10 2 1 3 1 4 6 
20 1 3 2 4 3 2 4 1 
43 1 2 2 2 3 2 4 1 
19 1 16 2 5 3 3 4 5 
23 1 2 2 6 3 2 4 2 
39 1 18 2 11 3 11 4 1 
8 1
40 1 2 
31 1 5 
29 1 6 
42 1 26 
34 1 4 
12 1 2 
15 1 6 
38 1 9 

3 2
6 1
41 1 8 
23 1 20 
17 1 45 
38 1 8 
18 1 2 
30 1 7 
8 1
43 2 13 
28 2 4 
6 2 6 
10 2 22 
49 2 40 
15 2 3 
11 2 9 
40 2 13 
1 2
39 1 25 2 1 

5 5
8 3
14 1 4 2 2 3 1 
43 1 11 2 2 3 6 
45 1 4 2 1 3 3 
25 1 5 2 5 3 4 
4 1 25 2 4 3 5 
28 1 5 2 5 3 10 
27 1 6 2 2 3 1 
21 1 31 2 2 3 2 
6 5
44 1 3 2 8 3 6 4 1 5 1 
39 1 16 2 13 3 17 4 2 5 1 
38 1 5 2 1 3 2 4 4 5 9 
10 1 9 2 3 3 6 4 3 5 3 
23 1 12 2 3 3 1 4 6 5 4 
30 1 3 2 1 3 8 4 33 5 3 
9 3
16 1 2 2 9 3 1 
17 1 2 2 2 3 3 
5 1 3 2 2 3 12 
46 1 9 2 5 3 8 
42 1 5 2 7 3 7 
19 1 6 2 11 3 7 
34 1 2 2 8 3 9 
1 1 2 2 3 3 8 
50 1 7 2 5 3 3 
10 1
8 1 2 
22 1 2 
36 1 7 
40 1 3 
26 1 10 
11 1 12 
15 1 4 
47 1 14 
37 1 11 
41 1 10 
5 1
9 3 2 
29 3 4 
13 3 4 
6 3 7 
3 3 2 

5 5
3 2
26 1 5 2 5 
13 1 6 2 5 
42 1 5 2 1 
4 4
16 1 4 2 3 3 4 4 2 
15 1 19 2 1 3 10 4 7 
10 1 5 2 2 3 1 4 2 
3 1 3 2 3 3 3 4 11 
4 5
34 1 2 2 26 3 10 4 2 5 2 
17 1 2 2 4 3 4 4 30 5 1 
7 1 6 2 15 3 9 4 7 5 2 
50 1 2 2 10 3 3 4 18 5 5 
4 3
20 2 4 3 9 4 12 
40 2 3 3 17 4 3 
30 2 3 3 8 4 25 
31 2 1 3 2 4 1 
7 3
6 2 3 3 4 4 7 
8 2 1 3 3 4 13 
45 2 8 3 11 4 4 
24 2 7 3 22 4 3 
35 2 7 3 11 4 2 
11 2 5 3 8 4 2 
37 2 1 3 6 4 1 

5 2
5 1
12 1 4 
40 1 15 
32 1 10 
1 1 9 
38 1 7 
4 1
47 2 20 
18 2 3 
48 2 4 
27 2 13 
8 1
37 2 17 
28 2 18 
35 2 1 
20 2 1 
22 2 33 
26 2 23 
44 2 5 
43 2 28 
1 1
39 1 6 
7 2
45 1 4 2 7 
6 1 36 2 9 
33 1 9 2 3 
49 1 13 2 14 
11 1 26 2 14 
10 1 41 2 3 
2 1 40 2 5 

4 1
3 1
3 1 17 
23 1 34 
12 1 23 
8 1
17 1 27 
24 1 49 
9 1 5 
22 1 20 
8 1 42 
14 1 38 
28 1 20 
48 1 45 
8 1
11 1 38 
29 1 7 
20 1 5 
25 1 10 
44 1 48 
4 1 32 
26 1 20 
18 1 10 
8 1
50 1 28 
33 1 19 
10 1 32 
36 1 45 
45 1 19 
37 1 14 
5 1 22 
15 1 12 

5 3
6 1
10 1 9 
11 1 17 
24 1 6 
34 1 5 
39 1 4 
50 1 3 
8 1
4 3 19 
7 3 9 
46 3 5 
35 3 18 
18 3 3 
44 3 15 
8 3 5 
1 3 8 
4 2
25 2 15 3 3 
17 2 13 3 9 
23 2 2 3 22 
5 2 31 3 6 
2 3
15 1 13 2 15 3 20 
48 1 7 2 9 3 18 
2 1
29 3 21 
42 3 9 

2 2
3 1
33 2 35 
6 2 17 
5 2 27 
9 2
13 1 14 2 7 
20 1 5 2 11 
50 1 11 2 32 
30 1 17 2 5 
3 1 4 2 2 
45 1 8 2 12 
32 1 24 2 10 
16 1 23 2 5 
1 1 5 2 13 

2 1
4 1
24 1 16 
23 1 17 
36 1 38 
43 1 5 
2 1
29 1 49 
14 1 11 

1 1
7 1
43 1 12 
35 1 44 
39 1 35 
47 1 20 
2 1 33 
18 1 42 
42 1 41 

3 2
5 2
45 1 5 2 12 
1 1 11 2 11 
11 1 5 2 2 
9 1 38 2 1 
29 1 3 2 26 
1 1
32 1 8 
5 2
3 1 7 2 13 
27 1 9 2 30 
34 1 3 2 3 
19 1 11 2 5 
38 1 20 2 7 

5 1
8 1
48 1 36 
45 1 43 
19 1 7 
25 1 45 
16 1 12 
4 1 22 
23 1 13 
7 1 25 
5 1
35 1 24 
22 1 19 
15 1 30 
9 1 31 
39 1 9 
9 1
36 1 43 
27 1 10 
5 1 38 
24 1 31 
44 1 37 
17 1 42 
3 1 14 
40 1 13 
28 1 19 
1 1
6 1 22 
10 1
18 1 11 
50 1 34 
1 1 10 
34 1 32 
13 1 21 
29 1 32 
42 1 20 
46 1 41 
8 1 39 
11 1 39 

4 4
7 4
10 1 5 2 16 3 4 4 19 
11 1 2 2 13 3 10 4 3 
28 1 13 2 11 3 4 4 6 
35 1 6 2 29 3 2 4 10 
18 1 9 2 12 3 17 4 1 
20 1 2 2 1 3 3 4 3 
24 1 9 2 15 3 2 4 11 
6 1
13 3 6 
27 3 8 
50 3 10 
46 3 10 
9 3 1 
23 3 7 
5 1
43 4 11 
47 4 7 
22 4 6 
17 4 3 
6 4 6 
7 2
15 3 3 4 20 
37 3 9 4 4 
1 3 3 4 1 
32 3 9 4 3 
29 3 7 4 7 
5 3 12 4 12 
8 3 14 4 9 


15
1 1
5 1
4 1 24 
14 1 20 
29 1 7 
23 1 16 
42 1 35 

5 3
5 2
32 2 6 3 4 
30 2 31 3 2 
47 2 12 3 2 
43 2 6 3 1 
38 2 1 3 3 
10 1
13 2 8 
29 2 1 
41 2 7 
27 2 12 
28 2 2 
12 2 4 
11 2 9 
50 2 4 
24 2 8 
16 2 14 
1 3
8 1 8 2 5 3 4 
10 1
7 3 3 
46 3 18 
6 3 6 
22 3 35 
5 3 3 
40 3 18 
17 3 2 
2 3 1 
10 3 13 
1 3 3 
6 1
14 3 5 
20 3 3 
42 3 11 
4 3 1 
15 3 2 
23 3 4 

3 3
5 3
31 1 3 2 24 3 14 
4 1 9 2 9 3 1 
25 1 8 2 1 3 37 
22 1 3 2 3 3 12 
35 1 6 2 1 3 1 
2 1
38 2 17 
5 2 4 
6 2
30 1 12 2 12 
9 1 18 2 15 
16 1 28 2 3 
7 1 3 2 2 
48 1 16 2 3 
44 1 17 2 4 

2 1
5 1
48 1 5 
15 1 31 
26 1 23 
34 1 31 
24 1 46 
7 1
22 1 17 
40 1 48 
11 1 42 
27 1 26 
13 1 36 
37 1 18 
3 1 20 

4 1
4 1
23 1 15 
50 1 5 
37 1 11 
9 1 15 
8 1
22 1 48 
14 1 39 
20 1 17 
45 1 37 
26 1 48 
39 1 29 
21 1 6 
2 1 24 
8 1
31 1 25 
47 1 16 
34 1 28 
6 1 29 
33 1 42 
48 1 43 
19 1 37 
46 1 26 
7 1
3 1 10 
49 1 10 
4 1 25 
15 1 37 
40 1 43 
29 1 17 
44 1 30 

5 4
8 2
41 1 2 2 1 
34 1 4 2 12 
20 1 23 2 2 
18 1 3 2 8 
37 1 11 2 3 
36 1 3 2 2 
8 1 10 2 29 
17 1 3 2 12 
8 1
30 2 4 
28 2 29 
46 2 1 
5 2 8 
12 2 6 
40 2 3 
39 2 1 
11 2 5 
9 4
44 1 12 2 23 3 10 4 1 
38 1 2 2 1 3 2 4 1 
22 1 17 2 16 3 6 4 6 
2 1 28 2 3 3 3 4 15 
16 1 6 2 10 3 15 4 1 
3 1 3 2 4 3 2 4 1 
10 1 5 2 15 3 14 4 10 
7 1 16 2 1 3 7 4 9 
50 1 4 2 2 3 29 4 3 
8 1
48 2 1 
14 2 10 
25 2 7 
31 2 11 
4 2 1 
21 2 2 
6 2 1 
1 2 17 
5 4
19 1 10 2 4 3 10 4 4 
15 1 13 2 9 3 4 4 6 
43 1 15 2 2 3 3 4 4 
26 1 17 2 16 3 7 4 2 
27 1 13 2 2 3 1 4 6 

2 1
2 1
22 1 38 
27 1 9 
1 1
6 1 35 

2 2
9 2
50 1 6 2 8 
5 1 25 2 2 
2 1 45 2 1 
25 1 5 2 8 
4 1 33 2 14 
3 1 28 2 7 
14 1 19 2 13 
45 1 12 2 4 
12 1 17 2 8 
2 1
33 1 12 
35 1 6 

2 1
10 1
6 1 15 
44 1 21 
47 1 43 
14 1 36 
45 1 44 
4 1 47 
35 1 10 
8 1 45 
21 1 47 
38 1 40 
6 1
13 1 47 
5 1 38 
12 1 22 
50 1 10 
19 1 22 
48 1 8 

3 2
3 2
19 1 10 2 3 
24 1 18 2 7 
33 1 39 2 4 
6 2
46 1 3 2 32 
45 1 44 2 1 
40 1 13 2 27 
4 1 6 2 16 
8 1 7 2 1 
15 1 11 2 9 
6 1
47 2 11 
16 2 23 
5 2 6 
1 2 9 
3 2 3 
2 2 29 

4 4
6 1
43 4 2 
21 4 1 
32 4 3 
8 4 8 
28 4 2 
15 4 1 
1 1
1 2 10 
10 4
22 1 11 2 7 3 1 4 3 
29 1 4 2 22 3 2 4 4 
33 1 3 2 4 3 28 4 3 
38 1 14 2 6 3 6 4 3 
23 1 17 2 1 3 27 4 1 
17 1 3 2 9 3 10 4 6 
48 1 9 2 3 3 19 4 18 
42 1 7 2 5 3 3 4 10 
16 1 2 2 21 3 22 4 2 
10 1 2 2 17 3 11 4 6 
5 1
6 1 8 
24 1 3 
11 1 7 
9 1 20 
47 1 5 

5 2
8 1
15 2 17 
1 2 35 
11 2 8 
39 2 9 
32 2 32 
22 2 15 
30 2 8 
14 2 15 
2 2
17 1 8 2 7 
34 1 2 2 5 
4 1
49 2 8 
23 2 4 
6 2 30 
27 2 12 
2 2
35 1 4 2 13 
40 1 4 2 2 
8 2
36 1 5 2 8 
29 1 6 2 18 
24 1 40 2 7 
42 1 13 2 2 
31 1 10 2 20 
5 1 16 2 29 
19 1 13 2 16 
25 1 15 2 13 

5 4
2 1
31 1 2 
25 1 9 
7 1
48 1 3 
29 1 12 
15 1 4 
50 1 15 
13 1 12 
21 1 28 
20 1 2 
4 2
39 2 18 3 2 
7 2 9 3 16 
33 2 13 3 5 
43 2 4 3 4 
7 2
3 2 10 3 2 
42 2 11 3 5 
40 2 1 3 20 
27 2 1 3 2 
19 2 4 3 9 
16 2 2 3 2 
45 2 2 3 3 
9 4
22 1 4 2 16 3 10 4 10 
18 1 2 2 4 3 9 4 9 
26 1 2 2 4 3 5 4 5 
38 1 2 2 5 3 13 4 14 
44 1 2 2 3 3 9 4 2 
11 1 4 2 24 3 2 4 11 
10 1 7 2 3 3 9 4 6 
1 1 2 2 1 3 1 4 1 
23 1 10 2 1 3 8 4 2 

3 1
3 1
3 1 37 
15 1 41 
8 1 19 
1 1
22 1 18 
10 1
42 1 22 
39 1 44 
29 1 40 
4 1 28 
19 1 35 
40 1 47 
37 1 30 
9 1 43 
27 1 37 
11 1 47 

4 4
10 1
16 2 6 
22 2 2 
21 2 2 
7 2 6 
39 2 1 
29 2 28 
25 2 1 
48 2 4 
47 2 4 
6 2 9 
10 1
37 2 23 
19 2 5 
1 2 5 
9 2 2 
4 2 1 
30 2 1 
31 2 8 
43 2 6 
13 2 3 
18 2 3 
1 4
12 1 4 2 8 3 3 4 1 
6 1
2 4 9 
17 4 22 
24 4 2 
50 4 10 
14 4 29 
38 4 4 


15
4 3
9 1
33 1 26 
5 1 2 
27 1 21 
47 1 19 
48 1 21 
41 1 7 
17 1 13 
25 1 33 
18 1 4 
8 1
42 2 16 
6 2 11 
26 2 22 
44 2 4 
7 2 18 
14 2 9 
24 2 4 
23 2 2 
9 3
34 1 18 2 1 3 1 
22 1 7 2 8 3 4 
19 1 16 2 1 3 12 
1 1 3 2 18 3 25 
21 1 12 2 3 3 28 
35 1 9 2 5 3 26 
49 1 16 2 6 3 2 
31 1 10 2 4 3 14 
15 1 8 2 7 3 13 
4 2
29 2 1 3 2 
50 2 3 3 6 
10 2 2 3 13 
38 2 2 3 4 

1 1
5 1
25 1 40 
45 1 37 
12 1 24 
20 1 34 
44 1 27 

2 1
8 1
43 1 41 
26 1 12 
31 1 39 
13 1 35 
41 1 43 
37 1 49 
18 1 45 
35 1 6 
6 1
9 1 15 
44 1 11 
16 1 33 
22 1 17 
2 1 5 
17 1 10 

1 1
4 1
12 1 22 
5 1 45 
43 1 43 
35 1 22 

2 1
3 1
48 1 20 
37 1 6 
6 1 33 
10 1
12 1 5 
29 1 5 
5 1 27 
25 1 25 
50 1 22 
22 1 6 
32 1 14 
42 1 29 
8 1 49 
1 1 17 

4 4
7 3
43 1 4 2 2 3 3 
38 1 12 2 2 3 4 
36 1 2 2 1 3 1 
6 1 11 2 1 3 3 
18 1 6 2 7 3 23 
47 1 8 2 10 3 5 
27 1 24 2 7 3 3 
1 1
48 3 4 
1 3
42 2 9 3 8 4 13 
4 4
8 1 2 2 2 3 7 4 12 
9 1 3 2 1 3 1 4 1 
41 1 2 2 1 3 18 4 15 
24 1 3 2 1 3 2 4 1 

2 1
10 1
26 1 17 
30 1 49 
15 1 42 
12 1 8 
19 1 40 
23 1 20 
8 1 44 
13 1 18 
34 1 34 
44 1 5 
3 1
7 1 45 
6 1 42 
18 1 5 

2 2
5 2
4 1 41 2 3 
37 1 13 2 23 
41 1 4 2 5 
43 1 21 2 15 
20 1 22 2 7 
8 1
17 1 7 
1 1 6 
40 1 11 
29 1 5 
2 1 2 
36 1 10 
31 1 20 
18 1 8 

1 1
5 1
21 1 31 
24 1 38 
6 1 15 
2 1 44 
32 1 8 

2 2
5 2
8 1 14 2 12 
19 1 7 2 1 
50 1 13 2 23 
41 1 22 2 4 
9 1 3 2 2 
8 2
18 1 9 2 3 
44 1 5 2 28 
46 1 8 2 9 
16 1 23 2 9 
37 1 38 2 1 
26 1 4 2 29 
27 1 10 2 11 
12 1 33 2 15 

4 4
3 4
10 1 9 2 5 3 3 4 8 
15 1 6 2 6 3 18 4 6 
38 1 4 2 9 3 19 4 6 
3 4
9 1 16 2 2 3 4 4 2 
12 1 13 2 2 3 7 4 5 
42 1 14 2 1 3 2 4 1 
6 2
29 1 5 2 4 
43 1 5 2 9 
14 1 3 2 2 
20 1 28 2 2 
22 1 2 2 15 
34 1 28 2 7 
5 1
39 1 5 
49 1 4 
4 1 6 
31 1 3 
24 1 34 

4 1
5 1
12 1 18 
26 1 30 
2 1 37 
48 1 16 
9 1 27 
5 1
20 1 46 
22 1 23 
6 1 29 
18 1 27 
17 1 22 
1 1
35 1 18 
1 1
31 1 47 

3 2
1 2
10 1 35 2 4 
1 1
28 2 2 
5 1
40 2 5 
22 2 2 
6 2 37 
36 2 10 
17 2 18 

5 2
10 2
44 1 9 2 11 
33 1 2 2 3 
32 1 13 2 15 
31 1 13 2 5 
50 1 16 2 18 
18 1 5 2 3 
40 1 3 2 4 
8 1 24 2 14 
47 1 19 2 24 
46 1 23 2 15 
9 1
3 1 22 
9 1 18 
21 1 7 
10 1 13 
26 1 24 
2 1 4 
1 1 14 
43 1 11 
48 1 7 
1 2
17 1 15 2 10 
4 1
11 2 28 
24 2 10 
29 2 1 
14 2 27 
10 2
37 1 2 2 5 
35 1 29 2 11 
5 1 6 2 30 
42 1 15 2 17 
23 1 4 2 1 
38 1 31 2 16 
49 1 15 2 22 
34 1 5 2 8 
45 1 29 2 3 
22 1 4 2 2 

2 1
1 1
43 1 33 
7 1
25 1 16 
30 1 46 
47 1 41 
24 1 22 
36 1 30 
37 1 42 
19 1 28 


15
3 2
10 1
46 2 9 
37 2 5 
9 2 8 
40 2 13 
26 2 3 
43 2 5 
21 2 9 
16 2 1 
30 2 4 
28 2 22 
6 2
17 1 4 2 14 
10 1 7 2 28 
35 1 18 2 1 
24 1 4 2 2 
11 1 38 2 2 
34 1 44 2 1 
8 2
14 1 5 2 33 
13 1 43 2 6 
15 1 5 2 2 
36 1 10 2 37 
47 1 18 2 16 
31 1 8 2 1 
39 1 6 2 9 
50 1 6 2 5 

2 1
5 1
17 1 8 
42 1 22 
4 1 46 
11 1 37 
19 1 7 
3 1
41 1 26 
49 1 11 
3 1 10 

1 1
2 1
50 1 25 
27 1 32 

3 2
4 2
25 1 26 2 19 
10 1 29 2 7 
36 1 10 2 2 
44 1 7 2 32 
7 1
21 2 1 
3 2 1 
49 2 21 
11 2 23 
6 2 4 
48 2 24 
15 2 11 
2 1
28 2 13 
37 2 5 

4 4
8 3
48 1 9 2 2 3 24 
31 1 3 2 4 3 6 
41 1 14 2 2 3 6 
7 1 13 2 9 3 12 
26 1 2 2 2 3 6 
44 1 3 2 3 3 3 
38 1 3 2 3 3 2 
43 1 11 2 10 3 9 
10 4
45 1 2 2 2 3 2 4 10 
20 1 10 2 8 3 9 4 2 
35 1 11 2 2 3 20 4 9 
23 1 5 2 16 3 3 4 24 
10 1 2 2 2 3 1 4 1 
27 1 2 2 11 3 2 4 8 
16 1 2 2 1 3 1 4 1 
34 1 5 2 2 3 3 4 12 
8 1 3 2 2 3 3 4 9 
22 1 9 2 2 3 5 4 5 
2 1
2 3 3 
14 3 19 
4 3
21 2 3 3 4 4 2 
6 2 1 3 1 4 2 
32 2 2 3 3 4 1 
50 2 2 3 1 4 1 

3 1
3 1
17 1 35 
34 1 36 
43 1 42 
7 1
40 1 15 
22 1 7 
36 1 29 
29 1 32 
46 1 12 
24 1 31 
25 1 8 
4 1
19 1 44 
42 1 6 
28 1 34 
5 1 45 

1 1
2 1
28 1 12 
35 1 22 

1 1
10 1
17 1 31 
33 1 28 
25 1 19 
18 1 44 
27 1 41 
9 1 47 
45 1 45 
13 1 17 
5 1 37 
14 1 31 

2 2
7 1
12 2 9 
18 2 8 
19 2 2 
34 2 14 
30 2 22 
39 2 7 
7 2 4 
7 2
49 1 7 2 10 
10 1 7 2 29 
11 1 19 2 17 
45 1 19 2 11 
15 1 8 2 19 
37 1 2 2 29 
23 1 15 2 2 

2 1
10 1
46 1 22 
49 1 34 
42 1 31 
1 1 8 
8 1 42 
5 1 45 
50 1 22 
25 1 29 
32 1 42 
24 1 30 
9 1
10 1 49 
2 1 47 
48 1 20 
39 1 25 
34 1 46 
7 1 37 
11 1 13 
12 1 43 
14 1 28 

2 2
3 2
36 1 2 2 41 
40 1 17 2 6 
15 1 9 2 24 
10 1
27 2 6 
34 2 16 
8 2 10 
10 2 1 
17 2 14 
2 2 10 
3 2 33 
44 2 1 
39 2 14 
45 2 18 

2 1
6 1
9 1 47 
32 1 41 
13 1 20 
33 1 26 
31 1 12 
8 1 9 
7 1
46 1 45 
30 1 42 
25 1 45 
28 1 11 
40 1 24 
36 1 40 
50 1 42 

2 1
1 1
22 1 43 
3 1
2 1 15 
18 1 40 
11 1 15 

2 1
2 1
4 1 35 
15 1 9 
6 1
45 1 31 
49 1 7 
48 1 9 
43 1 34 
40 1 29 
32 1 45 

1 1
3 1
42 1 10 
1 1 11 
30 1 35 


15
3 3
2 1
11 3 11 
38 3 5 
8 3
20 1 20 2 4 3 19 
46 1 2 2 10 3 25 
33 1 2 2 14 3 8 
36 1 6 2 1 3 1 
21 1 3 2 15 3 3 
24 1 21 2 11 3 5 
23 1 7 2 13 3 3 
22 1 4 2 8 3 21 
7 1
47 3 2 
13 3 22 
5 3 10 
34 3 13 
8 3 22 
3 3 5 
31 3 32 

1 1
1 1
32 1 41 

1 1
3 1
14 1 43 
18 1 35 
48 1 38 

4 3
2 1
21 1 2 
33 1 3 
9 1
24 3 7 
38 3 2 
1 3 1 
40 3 3 
16 3 1 
49 3 4 
5 3 7 
27 3 7 
15 3 6 
8 3
25 1 2 2 2 3 1 
23 1 8 2 1 3 26 
32 1 5 2 3 3 1 
29 1 24 2 6 3 2 
46 1 5 2 8 3 15 
31 1 15 2 1 3 3 
22 1 9 2 5 3 1 
28 1 6 2 18 3 25 
5 3
4 1 24 2 4 3 9 
47 1 3 2 2 3 1 
42 1 5 2 3 3 25 
44 1 26 2 1 3 4 
50 1 8 2 1 3 1 

3 1
1 1
37 1 25 
9 1
2 1 40 
49 1 25 
8 1 39 
36 1 33 
44 1 21 
41 1 41 
33 1 41 
3 1 47 
15 1 18 
9 1
47 1 42 
39 1 27 
5 1 40 
7 1 30 
14 1 45 
21 1 22 
31 1 39 
17 1 48 
10 1 42 

5 3
4 1
28 3 5 
30 3 9 
17 3 24 
40 3 1 
7 1
38 2 8 
25 2 7 
41 2 8 
32 2 4 
35 2 3 
29 2 1 
45 2 12 
3 3
49 1 2 2 5 3 4 
46 1 2 2 2 3 1 
34 1 9 2 30 3 1 
5 2
48 2 1 3 1 
31 2 12 3 5 
39 2 5 3 6 
47 2 3 3 6 
20 2 9 3 19 
4 1
3 3 11 
14 3 4 
43 3 29 
5 3 13 

2 1
8 1
12 1 37 
5 1 42 
32 1 45 
46 1 47 
30 1 18 
34 1 26 
39 1 21 
38 1 29 
2 1
44 1 12 
50 1 26 

3 2
8 2
5 1 16 2 3 
2 1 4 2 27 
18 1 10 2 14 
24 1 3 2 3 
35 1 38 2 4 
33 1 20 2 17 
16 1 12 2 17 
30 1 26 2 23 
3 2
26 1 5 2 2 
42 1 21 2 8 
11 1 7 2 27 
2 1
29 2 6 
36 2 1 

3 1
7 1
40 1 38 
19 1 20 
39 1 33 
9 1 21 
13 1 49 
41 1 28 
16 1 19 
1 1
38 1 25 
1 1
8 1 43 

5 2
5 2
31 1 39 2 2 
8 1 9 2 10 
32 1 5 2 41 
41 1 35 2 13 
16 1 15 2 18 
10 2
46 1 7 2 1 
21 1 15 2 21 
2 1 21 2 1 
12 1 9 2 9 
20 1 9 2 2 
3 1 3 2 42 
29 1 10 2 9 
15 1 18 2 10 
5 1 33 2 11 
13 1 4 2 1 
7 2
23 1 16 2 28 
37 1 15 2 11 
10 1 8 2 26 
48 1 21 2 1 
45 1 26 2 21 
34 1 9 2 21 
40 1 2 2 8 
5 1
7 2 12 
22 2 31 
28 2 13 
17 2 7 
24 2 9 
6 2
9 1 7 2 17 
4 1 5 2 12 
49 1 33 2 10 
44 1 13 2 31 
11 1 2 2 44 
38 1 6 2 6 

2 1
4 1
11 1 40 
26 1 12 
19 1 25 
50 1 24 
6 1
49 1 7 
27 1 20 
37 1 39 
16 1 16 
18 1 6 
35 1 11 

3 2
4 1
31 2 31 
43 2 3 
13 2 12 
50 2 28 
9 2
6 1 21 2 17 
47 1 4 2 10 
17 1 8 2 3 
2 1 38 2 4 
39 1 21 2 13 
15 1 3 2 23 
3 1 19 2 2 
35 1 12 2 15 
40 1 18 2 2 
8 1
27 1 10 
5 1 2 
28 1 7 
23 1 7 
21 1 10 
29 1 12 
41 1 12 
49 1 2 

2 1
8 1
33 1 9 
42 1 9 
49 1 45 
36 1 40 
27 1 23 
6 1 40 
24 1 36 
1 1 17 
4 1
39 1 39 
37 1 17 
17 1 29 
46 1 31 

1 1
5 1
25 1 34 
6 1 40 
44 1 6 
9 1 27 
13 1 15 

5 4
2 1
31 4 2 
39 4 4 
4 1
35 1 17 
10 1 4 
28 1 3 
33 1 10 
10 4
15 1 3 2 24 3 1 4 16 
8 1 2 2 1 3 1 4 6 
7 1 4 2 4 3 6 4 9 
5 1 16 2 1 3 22 4 1 
38 1 6 2 15 3 5 4 2 
47 1 3 2 5 3 13 4 2 
36 1 17 2 9 3 9 4 10 
22 1 11 2 7 3 6 4 4 
21 1 11 2 4 3 14 4 15 
32 1 17 2 15 3 11 4 1 
2 3
11 2 5 3 12 4 24 
49 2 8 3 18 4 9 
3 1
30 2 3 
29 2 8 
40 2 2 


15
1 1
10 1
5 1 42 
41 1 11 
27 1 15 
35 1 25 
39 1 35 
19 1 14 
48 1 6 
40 1 45 
29 1 24 
30 1 7 

2 1
5 1
32 1 47 
17 1 47 
8 1 43 
10 1 31 
3 1 29 
8 1
41 1 41 
39 1 31 
11 1 32 
26 1 22 
47 1 9 
18 1 29 
6 1 42 
37 1 29 

5 3
6 1
27 3 31 
21 3 5 
11 3 5 
36 3 3 
35 3 13 
23 3 24 
4 1
44 2 3 
5 2 5 
32 2 6 
8 2 17 
3 1
13 1 9 
40 1 5 
24 1 2 
1 2
37 1 4 2 1 
2 3
15 1 17 2 9 3 8 
4 1 18 2 3 3 2 

1 1
4 1
16 1 31 
41 1 25 
36 1 9 
44 1 23 

2 2
3 1
34 1 9 
1 1 14 
18 1 25 
2 2
6 1 6 2 3 
25 1 17 2 29 

1 1
10 1
17 1 20 
5 1 41 
40 1 12 
30 1 36 
35 1 21 
49 1 49 
11 1 19 
24 1 42 
19 1 22 
18 1 24 

2 1
3 1
12 1 32 
28 1 41 
11 1 42 
3 1
21 1 44 
49 1 7 
46 1 15 

3 3
8 1
6 2 1 
17 2 5 
37 2 18 
10 2 14 
42 2 5 
9 2 2 
47 2 3 
11 2 10 
5 1
19 1 33 
32 1 7 
34 1 2 
7 1 13 
2 1 5 
3 3
20 1 21 2 6 3 20 
15 1 8 2 7 3 11 
27 1 5 2 24 3 9 

1 1
1 1
5 1 48 

3 3
9 3
6 1 2 2 3 3 8 
13 1 2 2 18 3 4 
47 1 2 2 20 3 1 
3 1 22 2 6 3 1 
37 1 3 2 10 3 5 
11 1 10 2 4 3 4 
28 1 13 2 2 3 5 
20 1 2 2 23 3 24 
29 1 3 2 11 3 2 
9 2
7 2 4 3 26 
46 2 11 3 2 
26 2 3 3 12 
31 2 26 3 15 
8 2 3 3 4 
33 2 4 3 6 
44 2 17 3 8 
42 2 2 3 17 
45 2 26 3 6 
9 3
50 1 29 2 8 3 3 
36 1 4 2 2 3 4 
19 1 2 2 8 3 4 
15 1 10 2 2 3 5 
9 1 31 2 6 3 1 
22 1 6 2 7 3 3 
40 1 12 2 10 3 9 
27 1 6 2 25 3 9 
16 1 11 2 10 3 20 

5 4
7 3
23 2 20 3 3 4 13 
26 2 2 3 4 4 3 
25 2 1 3 1 4 1 
11 2 1 3 17 4 4 
42 2 2 3 3 4 18 
9 2 5 3 13 4 2 
19 2 5 3 3 4 1 
3 2
41 3 14 4 8 
16 3 14 4 20 
4 3 1 4 3 
9 4
24 1 2 2 2 3 11 4 18 
17 1 6 2 7 3 4 4 5 
18 1 2 2 2 3 2 4 2 
1 1 2 2 1 3 1 4 1 
10 1 23 2 4 3 3 4 17 
36 1 13 2 5 3 8 4 2 
15 1 5 2 2 3 4 4 3 
13 1 2 2 6 3 33 4 3 
21 1 19 2 10 3 8 4 2 
7 3
34 1 3 2 1 3 5 
22 1 6 2 11 3 3 
32 1 3 2 1 3 1 
2 1 3 2 19 3 11 
7 1 5 2 14 3 5 
12 1 9 2 1 3 6 
44 1 5 2 2 3 2 
5 4
49 1 13 2 6 3 2 4 28 
50 1 6 2 18 3 11 4 6 
33 1 2 2 2 3 1 4 1 
3 1 2 2 18 3 5 4 1 
39 1 6 2 2 3 18 4 16 

3 2
2 1
18 2 16 
17 2 33 
6 1
11 1 5 
15 1 2 
25 1 15 
16 1 15 
3 1 7 
19 1 15 
6 2
47 1 21 2 9 
22 1 5 2 7 
12 1 8 2 2 
44 1 19 2 4 
32 1 17 2 16 
49 1 12 2 20 

1 1
8 1
10 1 46 
12 1 17 
2 1 9 
5 1 32 
32 1 29 
20 1 17 
17 1 44 
9 1 45 

4 2
2 2
30 1 13 2 25 
19 1 34 2 13 
10 1
42 1 17 
29 1 13 
34 1 2 
17 1 20 
46 1 9 
1 1 2 
23 1 20 
28 1 43 
38 1 15 
7 1 3 
4 1
26 1 25 
43 1 8 
27 1 6 
16 1 9 
1 2
6 1 3 2 2 

2 1
9 1
28 1 45 
15 1 23 
8 1 34 
22 1 5 
7 1 24 
27 1 18 
4 1 46 
50 1 15 
1 1 15 
8 1
13 1 10 
34 1 13 
48 1 22 
40 1 43 
47 1 11 
3 1 21 
35 1 20 
23 1 27 


15
5 3
6 1
41 3 1 
2 3 14 
35 3 21 
22 3 29 
7 3 6 
5 3 1 
8 3
38 1 6 2 12 3 9 
42 1 20 2 17 3 3 
11 1 3 2 1 3 1 
25 1 21 2 16 3 5 
18 1 8 2 5 3 2 
40 1 27 2 16 3 5 
33 1 12 2 1 3 3 
23 1 2 2 1 3 3 
1 2
21 1 15 2 2 
2 3
44 1 2 2 2 3 2 
26 1 6 2 20 3 2 
5 3
32 1 10 2 6 3 9 
12 1 5 2 9 3 5 
16 1 6 2 16 3 12 
19 1 3 2 1 3 2 
45 1 14 2 4 3 2 

4 1
7 1
16 1 47 
1 1 38 
2 1 12 
15 1 46 
19 1 34 
45 1 46 
40 1 47 
6 1
49 1 47 
6 1 14 
48 1 6 
9 1 23 
33 1 49 
5 1 39 
3 1
25 1 16 
38 1 7 
14 1 34 
9 1
36 1 11 
43 1 13 
27 1 48 
17 1 7 
44 1 10 
42 1 28 
35 1 33 
24 1 8 
23 1 40 

1 1
8 1
13 1 27 
42 1 11 
15 1 22 
45 1 42 
18 1 20 
14 1 33 
20 1 35 
7 1 21 

2 1
2 1
5 1 43 
1 1 23 
5 1
22 1 24 
24 1 26 
26 1 40 
31 1 35 
40 1 24 

5 5
6 1
20 3 2 
21 3 2 
1 3 5 
34 3 10 
16 3 3 
13 3 6 
2 5
32 1 5 2 2 3 4 4 12 5 6 
24 1 4 2 16 3 10 4 5 5 9 
1 2
37 2 2 3 2 
6 1
49 2 10 
7 2 2 
14 2 3 
23 2 13 
11 2 6 
39 2 7 
2 1
28 5 1 
17 5 3 

2 2
9 2
27 1 14 2 32 
30 1 11 2 17 
6 1 16 2 19 
3 1 11 2 1 
35 1 37 2 7 
31 1 35 2 1 
1 1 4 2 8 
13 1 4 2 45 
50 1 16 2 5 
10 2
5 1 7 2 1 
41 1 13 2 4 
47 1 2 2 5 
29 1 3 2 12 
43 1 4 2 12 
21 1 20 2 25 
32 1 19 2 30 
34 1 9 2 21 
4 1 5 2 21 
9 1 5 2 34 

3 1
8 1
32 1 38 
23 1 6 
4 1 19 
17 1 16 
26 1 30 
5 1 20 
28 1 45 
19 1 16 
4 1
15 1 47 
2 1 48 
45 1 10 
27 1 14 
10 1
6 1 49 
8 1 44 
18 1 41 
47 1 46 
33 1 45 
39 1 16 
36 1 20 
46 1 10 
22 1 18 
37 1 31 

2 2
7 2
48 1 37 2 3 
30 1 8 2 15 
24 1 17 2 27 
29 1 8 2 39 
3 1 3 2 22 
32 1 21 2 22 
44 1 3 2 46 
3 1
7 1 12 
47 1 28 
50 1 15 

3 3
5 3
21 1 6 2 2 3 1 
16 1 5 2 3 3 3 
34 1 14 2 3 3 20 
23 1 12 2 8 3 1 
44 1 7 2 5 3 20 
10 1
10 2 8 
32 2 7 
3 2 15 
50 2 7 
46 2 9 
39 2 7 
41 2 9 
28 2 9 
40 2 10 
25 2 7 
2 3
48 1 8 2 2 3 30 
13 1 8 2 15 3 2 

4 4
3 4
36 1 7 2 12 3 2 4 5 
18 1 21 2 17 3 3 4 5 
8 1 19 2 6 3 11 4 6 
8 4
28 1 4 2 2 3 2 4 1 
48 1 4 2 14 3 5 4 16 
42 1 10 2 11 3 13 4 15 
16 1 8 2 4 3 9 4 13 
9 1 8 2 10 3 13 4 3 
37 1 7 2 3 3 6 4 2 
21 1 31 2 12 3 5 4 1 
34 1 7 2 12 3 4 4 5 
9 2
40 2 7 3 6 
46 2 4 3 3 
11 2 6 3 5 
3 2 7 3 8 
17 2 2 3 5 
4 2 1 3 1 
19 2 1 3 4 
49 2 6 3 5 
39 2 5 3 9 
10 1
1 3 12 
20 3 8 
31 3 1 
14 3 4 
2 3 11 
23 3 6 
33 3 7 
22 3 11 
10 3 6 
7 3 1 

3 2
1 1
32 2 20 
8 2
41 1 4 2 33 
45 1 3 2 15 
38 1 5 2 35 
8 1 15 2 4 
47 1 6 2 5 
26 1 25 2 22 
6 1 3 2 3 
7 1 8 2 8 
2 2
21 1 9 2 7 
12 1 7 2 34 

5 5
8 5
27 1 3 2 4 3 3 4 13 5 5 
41 1 5 2 19 3 6 4 5 5 14 
13 1 5 2 2 3 3 4 2 5 18 
31 1 2 2 1 3 1 4 1 5 1 
3 1 2 2 4 3 4 4 3 5 7 
34 1 6 2 7 3 7 4 11 5 2 
6 1 6 2 3 3 12 4 14 5 14 
37 1 11 2 12 3 5 4 2 5 5 
1 2
40 3 3 4 4 
1 1
48 1 29 
10 3
36 2 1 3 1 4 1 
28 2 1 3 3 4 6 
44 2 1 3 7 4 1 
1 2 3 3 26 4 1 
24 2 1 3 1 4 1 
16 2 1 3 3 4 1 
18 2 11 3 5 4 7 
5 2 1 3 2 4 1 
26 2 3 3 25 4 9 
39 2 6 3 7 4 22 
7 3
50 1 2 2 3 3 1 
45 1 19 2 9 3 11 
46 1 3 2 2 3 2 
32 1 2 2 2 3 4 
47 1 8 2 3 3 6 
9 1 5 2 5 3 10 
19 1 2 2 1 3 2 

2 1
5 1
32 1 41 
43 1 22 
7 1 14 
11 1 14 
31 1 9 
6 1
30 1 36 
29 1 28 
28 1 6 
46 1 43 
17 1 15 
3 1 9 

2 2
7 2
8 1 2 2 15 
23 1 4 2 10 
10 1 6 2 3 
36 1 16 2 22 
13 1 9 2 29 
43 1 34 2 9 
5 1 3 2 5 
9 2
44 1 5 2 2 
28 1 7 2 4 
31 1 10 2 15 
11 1 3 2 5 
9 1 28 2 9 
39 1 14 2 32 
3 1 8 2 21 
48 1 23 2 10 
30 1 34 2 8 

1 1
2 1
4 1 31 
5 1 6 


15
3 2
6 1
14 2 5 
9 2 33 
36 2 27 
8 2 2 
20 2 11 
19 2 24 
4 2
33 1 37 2 5 
42 1 3 2 14 
26 1 3 2 2 
1 1 44 2 2 
9 2
2 1 10 2 17 
40 1 8 2 27 
49 1 4 2 8 
23 1 25 2 1 
45 1 7 2 9 
30 1 9 2 23 
29 1 38 2 2 
27 1 5 2 5 
15 1 9 2 10 

1 1
9 1
33 1 6 
17 1 30 
24 1 10 
35 1 31 
30 1 17 
10 1 14 
38 1 11 
20 1 39 
14 1 45 

5 4
4 4
32 1 14 2 7 3 7 4 4 
22 1 3 2 16 3 5 4 2 
13 1 4 2 4 3 7 4 3 
47 1 7 2 26 3 4 4 2 
1 3
49 2 2 3 2 4 1 
8 3
24 2 3 3 2 4 1 
8 2 2 3 13 4 1 
14 2 2 3 3 4 1 
38 2 6 3 2 4 6 
2 2 12 3 9 4 8 
16 2 4 3 3 4 6 
21 2 21 3 5 4 3 
20 2 15 3 14 4 4 
1 4
44 1 2 2 1 3 4 4 5 
4 1
4 2 4 
48 2 6 
46 2 3 
18 2 5 

2 2
10 2
49 1 28 2 11 
31 1 26 2 2 
18 1 6 2 34 
14 1 11 2 21 
43 1 3 2 38 
38 1 31 2 6 
33 1 6 2 25 
34 1 17 2 13 
41 1 4 2 11 
15 1 9 2 12 
8 1
27 2 3 
48 2 9 
36 2 34 
5 2 2 
28 2 17 
50 2 1 
6 2 31 
30 2 19 

4 1
10 1
1 1 22 
27 1 22 
9 1 27 
7 1 32 
8 1 35 
34 1 44 
19 1 11 
4 1 42 
14 1 7 
17 1 45 
5 1
37 1 16 
11 1 42 
30 1 49 
35 1 35 
31 1 14 
6 1
38 1 42 
43 1 21 
22 1 32 
24 1 11 
36 1 6 
15 1 34 
7 1
16 1 10 
28 1 47 
20 1 24 
40 1 47 
47 1 9 
50 1 11 
6 1 31 

4 4
2 4
37 1 15 2 2 3 5 4 6 
30 1 8 2 9 3 15 4 1 
3 1
17 4 7 
1 4 1 
50 4 10 
1 1
23 1 5 
5 1
31 4 6 
11 4 1 
21 4 10 
14 4 2 
25 4 5 

5 3
8 1
29 2 25 
2 2 6 
30 2 15 
49 2 21 
24 2 2 
17 2 6 
12 2 19 
39 2 3 
1 3
43 1 3 2 6 3 3 
5 1
27 2 7 
18 2 24 
28 2 4 
5 2 8 
35 2 4 
7 2
23 2 1 3 7 
31 2 1 3 8 
42 2 2 3 44 
50 2 11 3 21 
25 2 19 3 7 
1 2 3 3 23 
48 2 3 3 2 
3 2
34 1 17 2 11 
40 1 22 2 2 
36 1 34 2 1 

2 2
2 2
10 1 20 2 14 
31 1 6 2 17 
3 1
4 2 3 
13 2 17 
38 2 3 

1 1
1 1
47 1 25 

1 1
6 1
41 1 8 
46 1 18 
26 1 34 
5 1 17 
32 1 44 
50 1 28 

5 3
6 1
5 1 2 
29 1 9 
10 1 7 
42 1 39 
30 1 7 
20 1 3 
1 2
43 1 22 2 24 
1 3
38 1 12 2 19 3 2 
2 3
11 1 28 2 1 3 15 
27 1 22 2 5 3 6 
10 1
21 1 6 
14 1 16 
3 1 7 
41 1 3 
48 1 17 
2 1 7 
13 1 3 
47 1 4 
22 1 4 
16 1 10 

4 4
2 3
23 1 18 2 1 3 3 
49 1 3 2 26 3 8 
7 2
37 1 2 2 1 
17 1 20 2 6 
16 1 3 2 6 
4 1 2 2 1 
44 1 9 2 3 
45 1 16 2 3 
36 1 2 2 28 
7 1
41 2 2 
20 2 12 
2 2 11 
33 2 14 
42 2 2 
11 2 11 
32 2 15 
4 4
48 1 2 2 3 3 2 4 19 
25 1 3 2 1 3 2 4 3 
1 1 12 2 4 3 13 4 2 
7 1 2 2 2 3 1 4 1 

1 1
9 1
16 1 16 
43 1 19 
30 1 20 
15 1 7 
24 1 49 
28 1 35 
33 1 22 
7 1 18 
35 1 7 

1 1
9 1
13 1 28 
14 1 17 
47 1 29 
22 1 25 
48 1 37 
42 1 30 
46 1 26 
1 1 13 
18 1 18 

2 1
10 1
19 1 35 
45 1 15 
48 1 7 
38 1 32 
13 1 49 
44 1 42 
36 1 46 
9 1 41 
47 1 7 
32 1 48 
7 1
3 1 48 
27 1 15 
50 1 27 
18 1 40 
34 1 31 
41 1 46 
28 1 42 


15
3 2
8 1
42 2 6 
40 2 40 
3 2 4 
48 2 8 
31 2 1 
29 2 8 
6 2 15 
43 2 4 
9 1
36 1 28 
35 1 10 
22 1 5 
18 1 9 
46 1 8 
9 1 22 
12 1 21 
16 1 9 
49 1 4 
10 2
2 1 25 2 1 
10 1 2 2 12 
38 1 40 2 9 
24 1 18 2 26 
15 1 15 2 2 
11 1 11 2 25 
8 1 18 2 8 
44 1 22 2 12 
32 1 2 2 8 
41 1 17 2 25 

4 1
5 1
25 1 24 
44 1 13 
50 1 26 
38 1 9 
43 1 44 
6 1
41 1 18 
4 1 22 
9 1 39 
1 1 36 
2 1 37 
48 1 40 
5 1
15 1 6 
42 1 7 
34 1 38 
21 1 13 
8 1 16 
4 1
32 1 47 
17 1 33 
11 1 12 
35 1 25 

4 1
1 1
27 1 32 
7 1
5 1 41 
18 1 27 
21 1 45 
30 1 34 
33 1 10 
13 1 40 
44 1 28 
8 1
23 1 13 
48 1 33 
38 1 24 
1 1 44 
6 1 18 
41 1 5 
20 1 32 
9 1 28 
8 1
11 1 21 
24 1 18 
4 1 35 
22 1 13 
50 1 17 
7 1 39 
39 1 34 
12 1 26 

3 2
2 1
42 2 12 
14 2 16 
4 1
15 1 6 
30 1 18 
2 1 5 
40 1 9 
9 2
41 1 14 2 7 
21 1 13 2 2 
6 1 10 2 11 
20 1 5 2 13 
19 1 17 2 12 
5 1 5 2 1 
27 1 18 2 19 
44 1 24 2 10 
18 1 17 2 21 

1 1
4 1
17 1 26 
2 1 39 
26 1 30 
37 1 48 

3 1
1 1
45 1 5 
5 1
27 1 16 
40 1 35 
18 1 45 
14 1 6 
6 1 40 
4 1
9 1 17 
35 1 49 
21 1 47 
5 1 9 

5 5
4 1
3 3 16 
16 3 4 
7 3 6 
43 3 4 
4 1
19 1 2 
27 1 11 
46 1 2 
11 1 6 
7 1
8 2 4 
37 2 1 
10 2 5 
5 2 4 
44 2 6 
47 2 1 
15 2 1 
2 1
49 1 21 
6 1 3 
10 5
45 1 3 2 2 3 3 4 2 5 1 
9 1 2 2 1 3 2 4 1 5 1 
33 1 5 2 1 3 3 4 2 5 2 
31 1 7 2 4 3 3 4 2 5 3 
41 1 3 2 2 3 3 4 4 5 5 
21 1 5 2 9 3 2 4 6 5 7 
32 1 3 2 2 3 3 4 1 5 1 
30 1 16 2 1 3 8 4 1 5 2 
42 1 5 2 2 3 2 4 1 5 1 
34 1 4 2 9 3 5 4 2 5 5 

1 1
3 1
40 1 49 
16 1 46 
43 1 13 

1 1
9 1
8 1 37 
49 1 16 
3 1 48 
43 1 33 
25 1 40 
37 1 12 
4 1 42 
21 1 8 
29 1 42 

4 1
10 1
3 1 30 
26 1 20 
10 1 26 
29 1 30 
1 1 21 
41 1 32 
40 1 17 
21 1 6 
17 1 44 
23 1 10 
6 1
30 1 27 
6 1 41 
11 1 47 
36 1 7 
16 1 34 
13 1 27 
3 1
25 1 34 
18 1 10 
42 1 15 
7 1
35 1 5 
37 1 10 
28 1 47 
39 1 8 
48 1 19 
15 1 38 
38 1 8 

3 1
2 1
10 1 26 
27 1 39 
5 1
19 1 39 
17 1 5 
6 1 40 
28 1 12 
50 1 22 
10 1
31 1 23 
35 1 34 
21 1 6 
12 1 22 
3 1 25 
8 1 22 
7 1 21 
4 1 18 
38 1 39 
36 1 37 

5 4
4 2
47 3 1 4 3 
30 3 6 4 29 
50 3 11 4 11 
5 3 1 4 1 
9 1
24 1 7 
4 1 2 
2 1 10 
26 1 3 
8 1 5 
34 1 9 
40 1 3 
39 1 12 
48 1 11 
6 4
7 1 2 2 7 3 1 4 7 
14 1 3 2 2 3 6 4 1 
43 1 7 2 3 3 18 4 4 
23 1 2 2 9 3 22 4 1 
13 1 26 2 1 3 4 4 2 
25 1 13 2 5 3 7 4 14 
5 2
31 1 7 2 6 
9 1 3 2 1 
11 1 32 2 4 
36 1 2 2 8 
22 1 8 2 2 
8 4
12 1 3 2 6 3 2 4 2 
37 1 10 2 5 3 19 4 7 
46 1 3 2 9 3 2 4 7 
38 1 12 2 11 3 3 4 7 
21 1 5 2 24 3 12 4 1 
3 1 5 2 5 3 2 4 1 
35 1 4 2 7 3 13 4 18 
20 1 12 2 18 3 9 4 10 

4 1
6 1
34 1 35 
17 1 21 
48 1 27 
22 1 6 
11 1 37 
2 1 5 
6 1
41 1 41 
20 1 46 
23 1 23 
28 1 48 
4 1 25 
14 1 9 
9 1
10 1 42 
40 1 17 
47 1 24 
18 1 45 
36 1 6 
44 1 25 
24 1 37 
29 1 44 
3 1 21 
3 1
33 1 48 
12 1 43 
13 1 8 

1 1
1 1
32 1 39 

3 1
7 1
35 1 28 
9 1 41 
41 1 8 
20 1 9 
24 1 10 
7 1 14 
2 1 24 
6 1
13 1 12 
33 1 47 
32 1 48 
21 1 16 
14 1 41 
27 1 20 
6 1
42 1 45 
38 1 39 
43 1 37 
40 1 46 
26 1 15 
46 1 43 


