10 20 150 5 5

15
4 4
2 1
16 2 14 
12 2 8 
2 2
10 3 16 4 5 
3 3 13 4 12 
2 4
14 1 2 2 1 3 1 4 2 
7 1 4 2 5 3 3 4 2 
2 4
3 1 2 2 2 3 7 4 19 
19 1 20 2 3 3 5 4 20 

1 1
2 1
19 1 14 
8 1 29 

2 1
2 1
1 1 5 
8 1 43 
2 1
10 1 32 
15 1 22 

4 2
1 1
7 2 14 
1 2
12 1 32 2 17 
1 2
5 1 4 2 14 
1 2
10 1 8 2 13 

2 2
1 2
5 1 7 2 29 
2 1
15 2 35 
11 2 31 

1 1
2 1
20 1 20 
8 1 22 

5 4
1 3
14 2 1 3 1 4 1 
2 3
19 1 13 2 4 3 11 
4 1 6 2 6 3 14 
2 2
15 2 8 3 5 
5 2 5 3 3 
1 1
3 2 1 
1 4
12 1 20 2 5 3 3 4 4 

1 1
2 1
12 1 10 
18 1 7 

3 1
2 1
4 1 38 
6 1 15 
2 1
8 1 35 
19 1 35 
2 1
11 1 28 
2 1 47 

4 3
2 2
16 1 10 2 9 
9 1 6 2 13 
1 2
18 2 8 3 27 
2 3
6 1 14 2 9 3 15 
7 1 4 2 5 3 19 
1 3
13 1 16 2 12 3 19 

1 1
2 1
15 1 35 
19 1 40 

1 1
2 1
2 1 41 
12 1 38 

2 1
1 1
10 1 18 
1 1
20 1 34 

4 4
1 4
14 1 4 2 1 3 18 4 15 
2 4
2 1 2 2 22 3 4 4 8 
13 1 14 2 12 3 2 4 5 
2 1
3 2 4 
15 2 5 
2 2
19 2 17 3 13 
1 2 5 3 2 

4 4
2 3
1 2 7 3 3 4 3 
14 2 2 3 9 4 1 
2 1
19 2 13 
2 2 1 
2 4
12 1 13 2 4 3 2 4 3 
6 1 3 2 4 3 8 4 7 
1 2
8 2 1 3 8 


15
5 1
1 1
20 1 9 
1 1
12 1 8 
2 1
6 1 33 
3 1 17 
2 1
1 1 38 
18 1 28 
1 1
9 1 45 

1 1
2 1
9 1 11 
20 1 26 

1 1
1 1
8 1 21 

1 1
1 1
6 1 21 

1 1
1 1
13 1 9 

5 2
1 1
14 2 39 
1 1
12 1 6 
1 1
10 2 1 
2 1
18 1 14 
11 1 3 
1 2
15 1 10 2 3 

5 4
2 1
19 4 3 
18 4 39 
2 4
6 1 18 2 6 3 8 4 11 
16 1 3 2 10 3 14 4 7 
1 4
9 1 4 2 7 3 5 4 1 
1 1
7 2 8 
2 1
14 3 1 
11 3 7 

2 2
1 2
7 1 25 2 11 
2 2
6 1 11 2 7 
8 1 5 2 14 

3 3
1 1
18 3 22 
2 3
12 1 20 2 7 3 5 
4 1 3 2 7 3 9 
2 1
20 1 14 
14 1 5 

5 4
1 1
2 4 11 
2 4
1 1 9 2 3 3 14 4 11 
17 1 3 2 10 3 5 4 13 
2 1
3 4 1 
17 4 11 
1 1
5 2 9 
2 2
16 1 2 2 3 
12 1 3 2 18 

4 2
2 1
16 1 6 
8 1 19 
1 2
14 1 4 2 3 
1 2
17 1 24 2 10 
2 1
6 2 20 
4 2 10 

5 1
1 1
12 1 7 
2 1
20 1 31 
13 1 49 
1 1
14 1 7 
2 1
19 1 13 
9 1 10 
1 1
3 1 6 

4 4
1 2
8 2 17 3 6 
1 3
20 2 3 3 4 4 3 
1 3
12 2 6 3 2 4 3 
2 4
2 1 23 2 4 3 2 4 16 
16 1 9 2 3 3 3 4 2 

3 3
2 2
12 2 3 3 14 
8 2 12 3 13 
2 2
6 1 5 2 25 
16 1 8 2 1 
2 3
7 1 7 2 3 3 4 
5 1 6 2 5 3 1 

3 3
2 2
13 1 7 2 3 
8 1 2 2 2 
1 3
2 1 26 2 7 3 7 
1 1
16 2 12 


15
3 3
1 3
12 1 6 2 27 3 12 
1 2
3 1 5 2 4 
1 1
9 3 7 

3 1
1 1
12 1 39 
2 1
13 1 25 
8 1 47 
1 1
17 1 26 

3 3
2 1
20 2 8 
3 2 18 
2 1
17 2 18 
13 2 2 
1 3
4 1 7 2 3 3 1 

4 3
1 2
15 1 11 2 6 
2 1
17 2 11 
9 2 15 
1 3
14 1 5 2 8 3 11 
2 1
19 2 4 
11 2 18 

2 1
2 1
16 1 47 
1 1 24 
1 1
6 1 28 

1 1
2 1
6 1 12 
19 1 6 

3 2
2 2
7 1 2 2 40 
5 1 16 2 26 
1 2
20 1 3 2 13 
2 1
6 1 6 
8 1 12 

5 1
2 1
12 1 20 
18 1 30 
1 1
10 1 25 
2 1
11 1 30 
3 1 40 
2 1
14 1 7 
12 1 28 
1 1
5 1 16 

5 4
1 1
18 3 7 
1 1
9 2 1 
1 4
4 1 22 2 2 3 4 4 13 
2 2
12 3 5 4 5 
8 3 4 4 1 
2 1
1 3 5 
6 3 11 

5 2
1 1
11 2 10 
2 1
9 2 19 
17 2 17 
2 1
20 1 24 
5 1 4 
1 1
6 1 16 
2 2
4 1 14 2 14 
18 1 5 2 5 

4 1
1 1
6 1 24 
2 1
8 1 47 
5 1 40 
2 1
19 1 10 
17 1 25 
1 1
11 1 11 

5 5
1 1
14 5 1 
2 2
10 3 2 4 4 
8 3 2 4 1 
2 5
3 1 6 2 13 3 7 4 1 5 2 
17 1 2 2 3 3 2 4 2 5 2 
2 1
2 2 5 
10 2 1 
2 2
19 1 3 2 3 
5 1 5 2 12 

3 1
1 1
19 1 23 
2 1
15 1 34 
4 1 30 
1 1
11 1 21 

3 1
2 1
19 1 28 
7 1 8 
1 1
14 1 22 
1 1
1 1 38 

2 1
2 1
6 1 45 
17 1 11 
1 1
1 1 5 


15
3 2
1 2
20 1 12 2 17 
1 1
1 1 26 
1 2
5 1 26 2 1 

3 2
2 2
19 1 48 2 1 
8 1 38 2 8 
2 2
14 1 8 2 41 
8 1 19 2 4 
1 1
13 1 19 

4 2
1 2
8 1 7 2 8 
1 1
5 1 4 
1 2
16 1 12 2 4 
1 1
19 2 9 

4 4
1 2
9 2 8 3 20 
2 4
4 1 2 2 4 3 1 4 1 
7 1 11 2 4 3 4 4 4 
2 4
20 1 15 2 6 3 4 4 1 
10 1 5 2 11 3 14 4 14 
1 1
13 4 16 

4 1
2 1
9 1 38 
5 1 14 
1 1
20 1 40 
1 1
13 1 19 
2 1
18 1 21 
1 1 27 

2 2
2 1
7 1 2 
17 1 8 
2 2
10 1 33 2 9 
7 1 10 2 4 

2 1
1 1
17 1 31 
1 1
19 1 10 

5 1
2 1
8 1 28 
5 1 26 
2 1
1 1 6 
4 1 47 
1 1
12 1 46 
1 1
19 1 21 
2 1
8 1 49 
4 1 42 

1 1
1 1
20 1 9 

3 1
1 1
13 1 10 
1 1
10 1 34 
1 1
18 1 36 

3 1
2 1
4 1 39 
18 1 8 
1 1
16 1 15 
2 1
4 1 29 
13 1 32 

4 1
1 1
13 1 27 
2 1
1 1 44 
2 1 49 
1 1
6 1 38 
1 1
5 1 42 

1 1
1 1
3 1 9 

5 2
1 1
12 1 16 
2 2
10 1 16 2 5 
17 1 10 2 11 
2 1
19 1 24 
7 1 19 
1 1
14 1 6 
1 1
6 2 2 

4 1
1 1
9 1 20 
2 1
20 1 24 
1 1 34 
2 1
16 1 12 
12 1 10 
2 1
4 1 25 
18 1 24 


15
3 1
2 1
20 1 26 
18 1 25 
2 1
3 1 8 
7 1 29 
1 1
12 1 5 

5 3
2 3
2 1 4 2 6 3 17 
1 1 2 2 3 3 2 
2 2
13 1 2 2 10 
7 1 7 2 26 
1 1
18 1 30 
2 1
15 3 19 
16 3 1 
2 1
14 1 8 
9 1 14 

5 2
2 2
2 1 8 2 7 
1 1 4 2 4 
2 1
2 1 8 
16 1 17 
2 1
19 1 3 
13 1 22 
2 1
19 1 3 
7 1 39 
2 1
6 1 29 
4 1 4 

5 5
2 5
13 1 5 2 12 3 21 4 2 5 4 
18 1 6 2 6 3 2 4 2 5 15 
2 3
14 3 3 4 2 5 5 
8 3 10 4 4 5 6 
2 3
12 1 3 2 9 3 4 
18 1 9 2 3 3 4 
1 3
2 1 5 2 5 3 6 
1 1
11 5 8 

1 1
2 1
13 1 39 
2 1 33 

2 2
1 2
1 1 8 2 30 
2 2
12 1 4 2 1 
11 1 3 2 12 

3 2
1 2
11 1 27 2 4 
1 1
5 2 45 
2 2
20 1 2 2 8 
18 1 32 2 8 

1 1
2 1
12 1 33 
15 1 43 

2 2
2 2
15 1 23 2 5 
9 1 23 2 20 
2 1
18 1 3 
4 1 17 

3 2
1 2
4 1 11 2 8 
2 1
8 1 5 
10 1 19 
2 1
6 2 11 
5 2 16 

5 1
1 1
20 1 38 
2 1
6 1 21 
18 1 21 
2 1
14 1 29 
6 1 21 
2 1
2 1 15 
13 1 38 
1 1
12 1 14 

5 5
2 1
10 5 1 
1 5 8 
1 4
13 1 3 2 2 3 1 4 5 
2 4
5 1 4 2 2 3 2 4 2 
19 1 4 2 9 3 5 4 5 
2 1
18 5 14 
3 5 9 
1 5
4 1 5 2 17 3 3 4 10 5 2 

4 1
1 1
13 1 20 
1 1
9 1 14 
2 1
19 1 45 
2 1 32 
2 1
15 1 45 
7 1 13 

4 2
2 2
18 1 5 2 4 
16 1 3 2 3 
2 2
18 1 11 2 9 
8 1 8 2 5 
2 2
14 1 10 2 9 
20 1 23 2 10 
2 1
1 1 19 
8 1 3 

3 2
1 1
15 1 4 
2 1
3 1 21 
5 1 12 
2 2
6 1 6 2 7 
10 1 2 2 21 


15
4 1
2 1
2 1 26 
10 1 31 
1 1
14 1 32 
1 1
17 1 7 
2 1
8 1 11 
9 1 31 

3 2
2 1
11 2 4 
3 2 32 
1 2
16 1 9 2 8 
2 1
2 1 4 
9 1 9 

1 1
2 1
9 1 8 
17 1 28 

1 1
2 1
2 1 14 
17 1 12 

2 2
1 2
9 1 5 2 1 
2 2
8 1 28 2 5 
2 1 31 2 10 

1 1
2 1
9 1 6 
18 1 16 

5 3
2 1
18 2 25 
7 2 3 
2 3
2 1 6 2 2 3 11 
17 1 15 2 12 3 15 
1 2
13 2 5 3 1 
1 3
16 1 13 2 15 3 19 
1 2
10 1 14 2 2 

4 1
1 1
14 1 40 
2 1
20 1 38 
6 1 31 
1 1
2 1 48 
1 1
11 1 27 

4 2
2 1
2 2 6 
18 2 5 
2 1
19 2 14 
7 2 22 
1 2
8 1 16 2 22 
1 2
4 1 5 2 5 

4 4
1 1
16 1 2 
1 2
13 1 5 2 11 
1 3
4 1 3 2 1 3 12 
1 4
14 1 9 2 29 3 9 4 1 

3 2
1 1
12 2 1 
2 2
20 1 25 2 17 
9 1 18 2 18 
1 2
3 1 32 2 14 

4 1
2 1
6 1 10 
9 1 7 
2 1
5 1 40 
17 1 47 
1 1
2 1 5 
2 1
1 1 20 
13 1 23 

4 1
2 1
4 1 49 
17 1 27 
1 1
19 1 18 
1 1
1 1 11 
2 1
15 1 49 
10 1 36 

3 3
2 2
19 1 4 2 2 
12 1 6 2 7 
1 3
2 1 24 2 8 3 1 
1 1
18 2 18 

2 1
1 1
8 1 35 
1 1
15 1 7 


15
2 2
1 1
13 2 3 
2 2
8 1 2 2 19 
9 1 14 2 2 

4 1
2 1
9 1 27 
12 1 27 
2 1
10 1 8 
18 1 16 
1 1
2 1 39 
1 1
17 1 45 

3 3
2 2
4 1 3 2 17 
3 1 28 2 4 
1 3
20 1 6 2 1 3 10 
2 2
9 2 6 3 1 
5 2 7 3 1 

5 1
2 1
16 1 8 
13 1 16 
1 1
3 1 13 
2 1
8 1 23 
15 1 49 
2 1
9 1 8 
8 1 31 
1 1
17 1 5 

4 1
2 1
7 1 34 
18 1 9 
1 1
14 1 44 
2 1
6 1 15 
9 1 46 
1 1
11 1 33 

2 1
1 1
5 1 19 
2 1
15 1 36 
7 1 42 

3 3
2 3
14 1 23 2 3 3 16 
17 1 13 2 4 3 2 
1 2
7 2 3 3 2 
1 3
16 1 12 2 2 3 5 

5 1
2 1
8 1 21 
14 1 31 
1 1
16 1 35 
2 1
11 1 49 
18 1 29 
2 1
11 1 34 
13 1 48 
1 1
12 1 28 

3 2
1 2
17 1 22 2 17 
2 2
8 1 23 2 11 
16 1 6 2 16 
1 1
15 2 5 

2 1
2 1
19 1 9 
11 1 19 
1 1
3 1 19 

4 1
1 1
19 1 35 
2 1
12 1 8 
18 1 18 
2 1
1 1 37 
10 1 14 
2 1
20 1 48 
12 1 34 

5 1
1 1
1 1 11 
2 1
15 1 24 
13 1 14 
2 1
11 1 39 
8 1 17 
2 1
20 1 35 
17 1 36 
1 1
12 1 32 

5 2
2 1
14 2 14 
10 2 8 
1 1
13 2 13 
1 2
19 1 7 2 13 
2 2
1 1 14 2 15 
3 1 2 2 16 
1 1
7 1 4 

2 1
1 1
7 1 25 
2 1
17 1 20 
1 1 13 

1 1
1 1
8 1 46 


15
1 1
2 1
16 1 41 
12 1 14 

4 2
2 1
2 1 2 
9 1 24 
1 2
1 1 4 2 1 
2 2
19 1 2 2 44 
8 1 9 2 1 
2 2
10 1 14 2 8 
2 1 3 2 11 

1 1
1 1
12 1 27 

4 3
1 2
19 2 6 3 16 
1 3
16 1 4 2 6 3 6 
2 1
5 1 4 
2 1 8 
1 3
10 1 2 2 3 3 2 

5 1
2 1
18 1 31 
10 1 25 
1 1
9 1 7 
1 1
19 1 5 
1 1
8 1 41 
1 1
14 1 22 

5 1
1 1
14 1 12 
2 1
20 1 47 
13 1 36 
1 1
16 1 26 
1 1
4 1 49 
1 1
15 1 6 

5 5
1 2
16 3 2 4 2 
1 5
9 1 2 2 6 3 19 4 19 5 2 
2 3
14 1 6 2 9 3 8 
4 1 12 2 10 3 10 
1 1
18 2 2 
2 3
5 1 2 2 1 3 2 
3 1 11 2 1 3 7 

5 5
2 5
16 1 5 2 11 3 6 4 6 5 18 
6 1 8 2 4 3 3 4 11 5 4 
2 3
1 1 3 2 1 3 1 
19 1 25 2 9 3 5 
2 1
19 5 4 
15 5 2 
2 4
8 2 2 3 2 4 2 5 1 
10 2 22 3 1 4 2 5 4 
1 4
4 1 3 2 7 3 4 4 29 

4 2
1 1
12 1 9 
2 1
11 2 29 
1 2 35 
1 1
15 2 15 
2 2
18 1 24 2 17 
9 1 9 2 4 

4 3
1 1
2 1 27 
1 2
20 1 13 2 3 
1 2
16 1 4 2 2 
2 3
14 1 2 2 2 3 1 
7 1 2 2 14 3 26 

5 4
1 4
6 1 25 2 1 3 5 4 9 
2 3
12 2 7 3 4 4 14 
10 2 2 3 2 4 1 
2 3
1 1 3 2 1 3 1 
9 1 4 2 6 3 14 
1 4
13 1 17 2 13 3 2 4 15 
2 2
1 3 2 4 4 
12 3 14 4 6 

4 4
1 4
6 1 4 2 3 3 16 4 20 
1 2
12 1 4 2 1 
1 3
8 2 1 3 5 4 11 
2 1
14 4 1 
20 4 2 

3 1
1 1
17 1 18 
2 1
11 1 29 
12 1 30 
1 1
3 1 6 

5 2
2 1
18 1 9 
15 1 3 
1 1
16 2 5 
2 2
14 1 2 2 20 
7 1 10 2 13 
1 1
20 2 22 
2 1
17 1 15 
4 1 2 

3 1
2 1
1 1 15 
9 1 44 
1 1
5 1 46 
2 1
4 1 12 
10 1 32 


15
3 1
2 1
7 1 11 
17 1 41 
1 1
8 1 32 
1 1
13 1 11 

2 2
1 2
17 1 25 2 10 
2 1
9 2 16 
10 2 31 

1 1
2 1
9 1 28 
10 1 20 

4 2
2 2
10 1 4 2 30 
6 1 15 2 4 
1 2
3 1 5 2 12 
2 1
5 2 25 
14 2 14 
2 1
12 2 19 
1 2 12 

4 1
1 1
11 1 9 
2 1
1 1 23 
2 1 16 
1 1
10 1 5 
2 1
13 1 32 
6 1 14 

2 2
2 2
6 1 19 2 10 
17 1 7 2 15 
2 1
15 1 5 
7 1 5 

3 3
1 1
4 2 9 
2 3
8 1 3 2 2 3 3 
10 1 14 2 20 3 13 
2 3
19 1 5 2 7 3 14 
9 1 2 2 3 3 1 

2 2
1 2
17 1 19 2 7 
1 1
9 1 15 

2 1
2 1
2 1 43 
14 1 9 
2 1
3 1 40 
17 1 34 

5 4
1 4
14 1 4 2 15 3 20 4 7 
2 2
12 2 1 3 3 
7 2 8 3 4 
2 1
4 1 14 
1 1 9 
1 4
16 1 2 2 1 3 1 4 1 
2 2
2 1 34 2 8 
8 1 3 2 4 

2 1
1 1
17 1 43 
2 1
14 1 47 
9 1 35 

3 2
1 2
17 1 32 2 13 
2 1
5 1 6 
3 1 4 
2 1
5 2 15 
6 2 7 

2 2
1 2
13 1 4 2 3 
1 2
2 1 6 2 2 

5 3
1 1
15 2 5 
2 3
19 1 12 2 8 3 2 
5 1 7 2 30 3 1 
2 2
2 2 5 3 2 
4 2 9 3 7 
2 1
12 2 1 
10 2 2 
1 3
14 1 10 2 8 3 1 

2 2
1 2
10 1 19 2 8 
1 2
12 1 18 2 25 


15
1 1
1 1
15 1 8 

2 1
1 1
20 1 47 
1 1
7 1 33 

5 2
2 2
7 1 6 2 25 
1 1 3 2 8 
1 1
9 1 36 
1 1
15 2 1 
2 2
10 1 7 2 18 
5 1 10 2 34 
2 1
3 1 24 
2 1 22 

5 4
1 3
12 1 15 2 7 3 13 
1 2
20 2 12 3 14 
1 4
1 1 2 2 1 3 1 4 1 
1 1
14 4 17 
1 1
18 1 5 

5 5
2 2
3 4 2 5 3 
4 4 1 5 3 
2 2
17 4 10 5 3 
11 4 4 5 18 
1 1
19 2 2 
1 5
5 1 5 2 7 3 2 4 11 5 6 
2 3
6 3 2 4 1 5 1 
2 3 5 4 10 5 6 

3 3
1 1
1 1 14 
2 3
10 1 22 2 7 3 6 
17 1 18 2 8 3 1 
1 1
2 2 1 

1 1
2 1
12 1 20 
3 1 7 

5 4
2 2
11 3 10 4 5 
14 3 4 4 1 
2 4
3 1 30 2 5 3 5 4 2 
18 1 6 2 5 3 2 4 11 
2 2
2 2 4 3 3 
4 2 7 3 27 
2 3
6 2 1 3 2 4 11 
18 2 9 3 3 4 7 
1 1
19 4 10 

1 1
1 1
16 1 29 

5 5
2 2
8 1 3 2 2 
1 1 6 2 2 
2 1
14 5 7 
2 5 5 
1 1
12 3 13 
1 5
16 1 4 2 18 3 8 4 9 5 10 
2 1
11 5 2 
9 5 12 

1 1
1 1
11 1 22 

2 2
1 2
2 1 2 2 18 
1 2
1 1 19 2 11 

3 3
1 1
5 2 14 
1 3
14 1 15 2 18 3 1 
1 3
7 1 8 2 6 3 14 

3 2
2 1
16 2 21 
10 2 2 
1 2
4 1 12 2 7 
2 2
8 1 20 2 22 
17 1 38 2 9 

3 3
2 1
15 2 3 
3 2 1 
2 3
4 1 4 2 20 3 12 
7 1 18 2 4 3 20 
2 3
6 1 2 2 3 3 3 
18 1 33 2 8 3 4 


