10 20 100 5 5

10
4 2
1 2
18 1 10 2 7 
2 1
19 1 20 
14 1 35 
1 1
10 2 5 
2 1
20 1 2 
2 1 7 

4 4
1 4
16 1 2 2 27 3 6 4 6 
1 1
1 2 19 
1 2
11 2 6 3 11 
2 2
19 3 1 4 11 
13 3 4 4 14 

1 1
2 1
15 1 28 
20 1 31 

4 3
1 1
2 2 10 
1 1
9 2 12 
1 1
13 2 2 
2 3
20 1 4 2 9 3 14 
10 1 2 2 34 3 9 

3 2
1 2
10 1 12 2 18 
2 1
3 1 12 
8 1 3 
2 1
16 2 18 
11 2 28 

5 5
2 4
19 2 8 3 13 4 8 5 3 
14 2 7 3 2 4 4 5 5 
1 5
3 1 3 2 2 3 1 4 4 5 1 
2 4
9 2 5 3 6 4 4 5 12 
13 2 2 3 4 4 18 5 4 
2 1
16 3 5 
15 3 4 
1 3
17 2 6 3 3 4 3 

5 2
1 2
16 1 6 2 17 
1 1
4 2 5 
2 2
19 1 6 2 42 
12 1 2 2 4 
1 2
14 1 7 2 2 
2 2
5 1 24 2 7 
15 1 27 2 9 

4 1
2 1
13 1 23 
11 1 25 
2 1
15 1 38 
7 1 15 
2 1
5 1 29 
9 1 18 
1 1
14 1 34 

2 2
1 2
9 1 13 2 32 
1 1
16 1 2 

1 1
1 1
11 1 15 


10
2 1
2 1
15 1 22 
6 1 40 
1 1
18 1 33 

4 1
1 1
17 1 22 
1 1
20 1 11 
1 1
16 1 12 
2 1
5 1 20 
13 1 20 

5 2
1 1
10 2 8 
2 2
7 1 4 2 2 
12 1 2 2 3 
2 1
1 2 10 
2 2 14 
2 1
4 2 18 
20 2 1 
1 2
5 1 13 2 4 

3 2
2 2
20 1 8 2 20 
3 1 20 2 21 
2 1
7 2 14 
10 2 6 
1 2
4 1 16 2 32 

5 2
2 1
3 2 9 
14 2 1 
1 1
1 1 10 
2 2
15 1 6 2 1 
5 1 7 2 21 
1 1
17 1 2 
2 2
20 1 20 2 13 
9 1 16 2 10 

3 1
2 1
7 1 46 
9 1 16 
1 1
14 1 28 
1 1
10 1 42 

5 1
1 1
1 1 44 
2 1
3 1 20 
12 1 30 
1 1
9 1 7 
1 1
20 1 40 
1 1
7 1 13 

5 2
1 1
7 2 2 
2 1
19 2 5 
9 2 2 
1 2
16 1 12 2 4 
1 1
12 1 5 
2 1
17 2 4 
8 2 6 

3 2
2 1
7 1 14 
6 1 30 
1 2
18 1 14 2 4 
2 2
15 1 18 2 14 
9 1 5 2 19 

5 2
1 2
18 1 5 2 4 
1 2
4 1 15 2 26 
2 2
15 1 17 2 1 
11 1 38 2 10 
2 2
13 1 39 2 4 
8 1 15 2 7 
1 1
3 1 35 


10
3 3
1 3
19 1 10 2 4 3 20 
2 2
2 2 12 3 17 
11 2 8 3 1 
2 3
14 1 7 2 37 3 1 
1 1 22 2 12 3 13 

2 1
1 1
12 1 6 
2 1
7 1 8 
18 1 36 

3 3
2 3
18 1 3 2 3 3 2 
14 1 25 2 5 3 6 
2 2
6 1 7 2 17 
2 1 6 2 1 
1 2
20 1 18 2 3 

1 1
1 1
8 1 22 

4 3
1 2
9 2 10 3 18 
1 3
16 1 3 2 3 3 12 
1 1
18 2 3 
1 1
17 2 2 

2 1
2 1
17 1 44 
2 1 25 
1 1
6 1 28 

5 2
1 2
1 1 4 2 5 
2 1
20 2 46 
3 2 18 
1 1
19 1 3 
2 2
17 1 6 2 38 
7 1 8 2 24 
2 2
14 1 13 2 8 
9 1 25 2 3 

5 3
1 1
2 3 4 
2 1
4 3 7 
16 3 3 
1 2
11 2 2 3 1 
1 3
1 1 2 2 28 3 12 
1 1
7 2 2 

5 2
1 2
19 1 7 2 2 
1 1
8 2 8 
2 2
11 1 6 2 5 
18 1 3 2 2 
2 1
15 2 26 
16 2 15 
2 1
12 1 22 
17 1 4 

1 1
2 1
2 1 25 
6 1 43 


10
3 1
2 1
9 1 30 
17 1 39 
1 1
20 1 32 
1 1
12 1 42 

2 2
2 2
1 1 39 2 1 
13 1 3 2 10 
1 2
2 1 10 2 5 

3 1
2 1
15 1 40 
12 1 37 
1 1
9 1 39 
1 1
3 1 27 

3 1
1 1
6 1 37 
1 1
4 1 45 
1 1
19 1 22 

4 2
2 2
15 1 10 2 17 
8 1 4 2 13 
1 1
11 1 9 
1 2
2 1 6 2 5 
1 2
16 1 25 2 12 

4 2
1 2
17 1 2 2 15 
2 1
11 2 8 
20 2 4 
1 1
6 1 5 
2 1
15 2 32 
18 2 8 

4 2
2 2
2 1 29 2 6 
13 1 3 2 3 
1 1
9 1 11 
1 2
11 1 18 2 3 
1 2
18 1 20 2 12 

3 2
1 2
11 1 22 2 1 
2 2
17 1 13 2 35 
6 1 9 2 3 
2 2
20 1 2 2 22 
19 1 23 2 5 

4 1
2 1
20 1 29 
8 1 44 
2 1
12 1 22 
4 1 44 
1 1
10 1 11 
1 1
14 1 6 

2 2
2 2
2 1 23 2 26 
19 1 20 2 8 
2 2
11 1 9 2 32 
1 1 5 2 44 


10
3 3
2 3
13 1 25 2 2 3 2 
11 1 14 2 17 3 16 
1 3
15 1 21 2 5 3 20 
1 3
17 1 5 2 2 3 13 

5 5
1 1
9 1 13 
1 3
20 3 6 4 9 5 1 
2 1
16 1 10 
7 1 4 
1 1
19 3 10 
1 5
6 1 13 2 4 3 2 4 1 5 1 

5 4
2 4
17 1 4 2 2 3 5 4 3 
14 1 11 2 3 3 2 4 7 
1 4
2 1 2 2 2 3 1 4 2 
2 1
20 3 5 
8 3 7 
1 1
13 3 7 
2 2
4 2 1 3 2 
16 2 13 3 10 

3 3
2 1
3 1 22 
4 1 34 
1 1
13 1 7 
1 3
12 1 29 2 8 3 5 

4 2
2 1
13 2 4 
19 2 24 
2 2
6 1 15 2 10 
3 1 3 2 18 
2 1
16 2 3 
11 2 6 
2 1
8 1 6 
10 1 27 

4 4
2 2
9 3 7 4 14 
16 3 1 4 2 
2 1
1 1 3 
5 1 10 
2 4
3 1 6 2 1 3 2 4 1 
10 1 11 2 2 3 6 4 10 
2 4
13 1 2 2 1 3 2 4 1 
2 1 11 2 6 3 5 4 16 

5 5
1 5
16 1 4 2 18 3 1 4 2 5 4 
2 3
13 1 3 2 3 3 1 
6 1 5 2 2 3 8 
1 3
7 1 5 2 4 3 9 
1 5
11 1 3 2 3 3 7 4 9 5 2 
2 3
2 2 3 3 9 4 6 
8 2 6 3 1 4 3 

3 2
2 1
10 1 5 
12 1 5 
2 2
18 1 13 2 29 
5 1 6 2 34 
1 1
14 2 4 

2 2
2 2
17 1 15 2 10 
19 1 9 2 13 
2 1
6 1 4 
12 1 23 

4 3
1 2
10 2 22 3 3 
1 2
14 1 26 2 5 
1 3
15 1 8 2 2 3 15 
2 2
18 2 3 3 5 
4 2 21 3 9 


10
4 1
1 1
3 1 6 
2 1
20 1 38 
1 1 7 
1 1
13 1 29 
2 1
10 1 6 
5 1 34 

1 1
1 1
15 1 30 

5 4
2 4
14 1 6 2 14 3 11 4 15 
10 1 11 2 4 3 8 4 3 
1 2
15 1 5 2 1 
1 3
12 1 2 2 2 3 1 
2 1
7 4 8 
19 4 3 
2 4
3 1 3 2 10 3 3 4 6 
5 1 9 2 5 3 5 4 1 

1 1
2 1
15 1 18 
18 1 29 

2 1
2 1
15 1 14 
20 1 37 
2 1
10 1 39 
5 1 39 

2 2
1 2
13 1 6 2 32 
2 1
20 2 13 
6 2 18 

2 2
2 2
8 1 2 2 4 
3 1 42 2 6 
1 2
12 1 3 2 2 

4 1
2 1
6 1 26 
19 1 42 
1 1
15 1 34 
2 1
12 1 27 
11 1 38 
1 1
20 1 10 

4 3
2 1
4 3 1 
13 3 13 
1 3
15 1 8 2 3 3 5 
2 1
3 2 2 
14 2 1 
1 2
20 1 6 2 2 

2 1
1 1
3 1 12 
2 1
13 1 32 
7 1 7 


10
5 3
2 3
19 1 8 2 3 3 7 
10 1 6 2 3 3 10 
1 2
13 1 3 2 39 
1 2
12 1 2 2 2 
1 2
7 1 9 2 1 
2 2
20 1 3 2 6 
15 1 5 2 31 

4 2
2 1
8 1 2 
3 1 9 
2 1
10 1 10 
14 1 34 
2 1
4 1 2 
9 1 44 
1 2
20 1 15 2 13 

3 3
2 1
17 2 23 
12 2 13 
1 3
10 1 8 2 16 3 12 
1 2
15 2 11 3 20 

2 1
2 1
11 1 48 
3 1 12 
2 1
13 1 22 
6 1 21 

2 1
2 1
5 1 46 
2 1 46 
2 1
8 1 14 
1 1 22 

2 1
2 1
6 1 27 
12 1 43 
1 1
16 1 37 

5 5
2 2
20 4 4 5 4 
4 4 3 5 1 
1 2
15 4 3 5 2 
1 2
11 4 5 5 1 
1 5
5 1 4 2 3 3 2 4 3 5 1 
2 3
7 3 2 4 1 5 1 
14 3 9 4 9 5 10 

3 1
2 1
11 1 13 
12 1 35 
1 1
1 1 5 
2 1
14 1 47 
20 1 42 

1 1
2 1
18 1 5 
12 1 11 

1 1
2 1
14 1 43 
2 1 46 


10
1 1
2 1
19 1 27 
3 1 20 

1 1
2 1
5 1 15 
3 1 5 

4 2
1 2
5 1 18 2 2 
2 2
20 1 4 2 7 
3 1 2 2 16 
1 1
14 1 4 
2 2
7 1 13 2 8 
4 1 4 2 4 

2 2
2 2
11 1 17 2 15 
14 1 5 2 2 
1 1
4 2 20 

1 1
2 1
7 1 11 
12 1 11 

1 1
2 1
17 1 38 
2 1 43 

3 3
2 1
2 3 10 
14 3 1 
2 3
15 1 12 2 8 3 8 
10 1 3 2 9 3 17 
1 2
13 2 4 3 4 

2 1
2 1
3 1 44 
1 1 17 
1 1
4 1 15 

5 2
1 1
2 2 43 
2 1
16 1 5 
13 1 11 
1 2
19 1 10 2 30 
2 1
17 1 3 
10 1 23 
2 2
6 1 44 2 3 
18 1 17 2 32 

4 3
2 1
16 1 5 
9 1 2 
1 3
13 1 9 2 4 3 1 
1 1
18 2 7 
2 1
7 3 2 
4 3 1 


10
1 1
2 1
10 1 16 
7 1 42 

1 1
2 1
12 1 34 
14 1 7 

3 2
1 2
13 1 35 2 3 
1 1
7 2 8 
2 2
15 1 3 2 6 
11 1 34 2 4 

5 3
2 2
12 1 24 2 3 
7 1 3 2 4 
2 2
14 1 8 2 8 
20 1 10 2 5 
1 2
19 1 9 2 29 
1 3
2 1 5 2 1 3 22 
2 2
17 2 7 3 2 
11 2 4 3 15 

2 1
2 1
16 1 19 
20 1 39 
1 1
7 1 11 

3 1
1 1
3 1 16 
2 1
7 1 18 
10 1 44 
1 1
4 1 27 

1 1
1 1
10 1 37 

2 1
2 1
5 1 24 
10 1 15 
1 1
4 1 42 

5 4
1 1
20 3 15 
1 2
19 1 2 2 4 
2 2
10 2 3 3 11 
5 2 12 3 2 
1 4
15 1 6 2 2 3 4 4 1 
2 3
18 1 7 2 20 3 8 
13 1 16 2 3 3 7 

2 1
2 1
20 1 36 
19 1 32 
2 1
5 1 24 
7 1 10 


10
4 3
1 2
1 1 5 2 4 
1 2
20 1 12 2 2 
2 2
17 1 5 2 8 
10 1 19 2 6 
2 3
13 1 23 2 15 3 2 
6 1 4 2 2 3 6 

5 2
2 2
18 1 38 2 1 
16 1 10 2 14 
2 1
2 2 30 
1 2 34 
2 2
8 1 6 2 5 
7 1 4 2 29 
1 1
5 2 3 
2 2
3 1 3 2 17 
19 1 5 2 23 

1 1
1 1
7 1 17 

1 1
1 1
2 1 11 

2 2
2 1
4 2 15 
20 2 11 
2 2
6 1 30 2 16 
18 1 2 2 13 

1 1
2 1
4 1 32 
13 1 41 

4 1
1 1
1 1 24 
2 1
3 1 19 
18 1 38 
2 1
8 1 32 
4 1 8 
2 1
14 1 44 
19 1 34 

4 1
1 1
3 1 14 
2 1
15 1 32 
1 1 22 
1 1
4 1 8 
2 1
7 1 19 
10 1 40 

4 2
1 2
15 1 27 2 19 
2 2
18 1 29 2 17 
11 1 6 2 2 
1 1
2 1 20 
1 2
4 1 3 2 5 

1 1
2 1
3 1 48 
17 1 22 


