10 20 150 2 2

15
1 1
1 1
20 1 20 

1 1
2 1
18 1 40 
20 1 19 

1 1
1 1
9 1 48 

2 2
1 2
20 1 13 2 35 
2 2
2 1 2 2 3 
1 1 9 2 30 

2 1
2 1
12 1 6 
11 1 39 
1 1
3 1 13 

1 1
2 1
4 1 22 
2 1 32 

2 1
1 1
7 1 43 
2 1
19 1 5 
12 1 25 

1 1
1 1
7 1 39 

2 2
2 2
4 1 5 2 43 
9 1 14 2 24 
2 1
3 2 14 
2 2 13 

2 1
2 1
7 1 48 
13 1 48 
2 1
20 1 16 
17 1 48 

2 1
1 1
9 1 24 
2 1
20 1 36 
6 1 30 

2 1
2 1
17 1 37 
1 1 47 
1 1
5 1 31 

1 1
1 1
1 1 23 

1 1
1 1
13 1 25 

2 1
2 1
5 1 49 
19 1 19 
2 1
1 1 39 
11 1 27 


15
1 1
2 1
18 1 7 
2 1 33 

2 1
2 1
8 1 28 
6 1 6 
2 1
19 1 33 
7 1 21 

1 1
1 1
19 1 42 

2 1
2 1
16 1 40 
5 1 16 
1 1
14 1 34 

1 1
2 1
8 1 44 
4 1 39 

1 1
2 1
5 1 16 
12 1 11 

1 1
2 1
5 1 34 
14 1 27 

2 2
2 2
12 1 37 2 1 
8 1 24 2 1 
1 2
20 1 5 2 9 

1 1
1 1
12 1 19 

1 1
1 1
2 1 13 

2 1
1 1
19 1 33 
1 1
14 1 36 

2 2
2 2
4 1 12 2 6 
7 1 3 2 3 
2 1
19 1 7 
2 1 3 

2 1
2 1
17 1 5 
20 1 5 
1 1
10 1 47 

2 1
1 1
15 1 7 
1 1
1 1 48 

2 1
2 1
9 1 40 
7 1 39 
1 1
20 1 22 


15
1 1
2 1
12 1 34 
20 1 15 

1 1
2 1
14 1 48 
8 1 18 

2 1
1 1
14 1 45 
1 1
11 1 17 

1 1
2 1
7 1 24 
6 1 27 

2 1
1 1
2 1 13 
2 1
14 1 28 
5 1 21 

1 1
2 1
19 1 16 
9 1 33 

1 1
2 1
18 1 47 
1 1 15 

2 1
2 1
7 1 5 
18 1 36 
1 1
10 1 46 

1 1
1 1
9 1 31 

1 1
2 1
11 1 10 
8 1 43 

2 1
1 1
9 1 42 
2 1
17 1 14 
4 1 44 

1 1
2 1
8 1 27 
6 1 44 

1 1
2 1
5 1 41 
15 1 15 

1 1
2 1
13 1 5 
20 1 5 

2 2
1 1
9 2 27 
1 2
18 1 20 2 22 


15
2 2
2 2
4 1 3 2 6 
14 1 5 2 4 
1 2
3 1 13 2 10 

2 2
2 1
19 2 18 
10 2 11 
1 2
17 1 10 2 15 

1 1
2 1
13 1 10 
16 1 25 

2 1
2 1
4 1 29 
20 1 37 
2 1
6 1 21 
2 1 29 

2 2
2 1
19 2 20 
1 2 16 
2 2
16 1 21 2 5 
18 1 5 2 13 

1 1
1 1
17 1 12 

1 1
2 1
6 1 46 
8 1 10 

2 2
1 2
14 1 35 2 6 
2 2
7 1 4 2 34 
3 1 30 2 14 

1 1
2 1
13 1 9 
14 1 12 

2 1
2 1
3 1 35 
9 1 41 
2 1
8 1 34 
12 1 36 

1 1
1 1
19 1 33 

1 1
1 1
14 1 46 

2 1
2 1
14 1 13 
2 1 36 
2 1
4 1 39 
16 1 13 

2 1
2 1
16 1 14 
18 1 13 
1 1
13 1 43 

2 1
2 1
16 1 5 
6 1 25 
2 1
3 1 36 
11 1 43 


15
2 1
1 1
16 1 21 
1 1
20 1 36 

2 2
1 2
12 1 3 2 43 
2 1
7 2 28 
11 2 9 

1 1
2 1
11 1 14 
2 1 42 

1 1
1 1
16 1 10 

2 2
2 2
1 1 6 2 7 
3 1 11 2 32 
2 1
5 1 31 
14 1 4 

1 1
1 1
11 1 26 

1 1
2 1
3 1 29 
7 1 49 

1 1
2 1
8 1 47 
12 1 49 

1 1
2 1
19 1 43 
10 1 40 

1 1
2 1
20 1 8 
12 1 21 

1 1
2 1
5 1 5 
14 1 31 

1 1
1 1
7 1 7 

2 1
1 1
2 1 7 
2 1
4 1 38 
18 1 47 

2 2
2 1
10 1 22 
14 1 7 
1 2
9 1 21 2 22 

2 2
1 2
2 1 9 2 7 
2 2
1 1 19 2 10 
3 1 7 2 41 


15
2 2
1 2
6 1 29 2 7 
2 1
9 2 25 
10 2 43 

2 1
1 1
14 1 32 
1 1
7 1 40 

2 2
1 1
2 2 31 
2 2
20 1 17 2 3 
11 1 31 2 7 

2 2
1 2
15 1 20 2 20 
1 2
20 1 28 2 7 

1 1
2 1
16 1 37 
8 1 10 

1 1
2 1
15 1 33 
19 1 22 

1 1
2 1
17 1 6 
20 1 23 

2 2
2 2
12 1 3 2 7 
18 1 25 2 4 
2 2
6 1 8 2 7 
13 1 8 2 6 

1 1
1 1
16 1 33 

1 1
1 1
19 1 49 

2 1
1 1
5 1 8 
1 1
10 1 18 

1 1
1 1
3 1 19 

1 1
1 1
19 1 19 

2 2
2 2
6 1 25 2 23 
4 1 6 2 12 
2 2
11 1 11 2 36 
18 1 4 2 3 

1 1
1 1
17 1 12 


15
1 1
2 1
12 1 12 
6 1 38 

2 1
2 1
13 1 36 
7 1 25 
2 1
17 1 10 
4 1 8 

1 1
1 1
5 1 29 

2 2
1 2
14 1 7 2 13 
2 2
10 1 23 2 23 
13 1 32 2 16 

2 1
1 1
16 1 47 
1 1
9 1 28 

2 2
1 1
7 2 12 
2 2
12 1 3 2 18 
1 1 5 2 28 

2 1
1 1
2 1 46 
1 1
16 1 12 

2 1
2 1
12 1 34 
15 1 30 
2 1
9 1 17 
20 1 46 

1 1
2 1
14 1 30 
19 1 17 

2 1
2 1
14 1 7 
5 1 7 
1 1
20 1 48 

2 2
2 2
15 1 3 2 2 
18 1 3 2 31 
2 1
4 1 14 
5 1 30 

2 2
1 2
9 1 21 2 22 
1 1
6 1 9 

1 1
1 1
10 1 38 

1 1
1 1
13 1 35 

2 1
1 1
9 1 36 
2 1
1 1 19 
19 1 46 


15
2 2
1 2
18 1 11 2 5 
2 2
14 1 11 2 37 
4 1 11 2 25 

1 1
1 1
1 1 14 

1 1
1 1
9 1 34 

2 1
2 1
5 1 6 
8 1 21 
2 1
17 1 24 
18 1 5 

2 1
1 1
8 1 44 
1 1
3 1 17 

2 2
1 2
1 1 20 2 7 
2 1
5 1 26 
11 1 18 

2 2
1 1
20 1 30 
2 2
13 1 35 2 14 
5 1 3 2 17 

2 2
1 1
1 2 29 
2 2
17 1 33 2 9 
16 1 5 2 16 

1 1
1 1
4 1 34 

1 1
2 1
17 1 7 
2 1 9 

1 1
2 1
17 1 30 
6 1 47 

2 1
2 1
10 1 49 
16 1 40 
2 1
14 1 15 
20 1 17 

2 1
1 1
2 1 7 
1 1
15 1 32 

2 2
2 1
4 2 6 
6 2 6 
2 2
16 1 41 2 2 
19 1 8 2 1 

1 1
1 1
15 1 31 


15
2 2
1 2
18 1 18 2 14 
1 2
14 1 16 2 4 

2 1
2 1
16 1 27 
19 1 35 
2 1
8 1 34 
18 1 8 

1 1
1 1
12 1 42 

1 1
1 1
13 1 37 

2 2
1 2
17 1 14 2 31 
2 1
2 2 7 
19 2 5 

1 1
1 1
5 1 20 

1 1
1 1
6 1 30 

2 1
1 1
7 1 7 
1 1
19 1 41 

1 1
2 1
18 1 17 
13 1 30 

2 1
2 1
18 1 45 
14 1 17 
1 1
16 1 43 

1 1
1 1
6 1 11 

1 1
1 1
9 1 39 

2 2
2 2
10 1 44 2 3 
9 1 3 2 13 
2 2
20 1 13 2 11 
7 1 4 2 2 

2 2
1 2
10 1 11 2 10 
2 1
20 1 25 
1 1 2 

1 1
1 1
9 1 21 


15
1 1
1 1
17 1 18 

2 2
1 1
11 2 3 
1 2
5 1 5 2 3 

2 1
2 1
3 1 40 
1 1 33 
2 1
12 1 19 
10 1 12 

2 1
1 1
4 1 13 
1 1
9 1 7 

2 2
1 1
10 1 7 
2 2
16 1 3 2 26 
1 1 6 2 12 

2 2
2 2
15 1 10 2 10 
4 1 26 2 19 
1 1
19 2 4 

1 1
2 1
17 1 31 
2 1 29 

1 1
2 1
11 1 41 
14 1 29 

1 1
1 1
11 1 13 

2 1
2 1
8 1 23 
14 1 30 
2 1
7 1 17 
19 1 37 

1 1
2 1
11 1 21 
6 1 7 

2 1
1 1
13 1 27 
2 1
9 1 39 
12 1 18 

2 1
1 1
11 1 27 
1 1
1 1 13 

1 1
2 1
8 1 8 
20 1 46 

1 1
2 1
17 1 35 
6 1 37 


