10 20 100 2 2

10
2 2
4 1
4 2 5 
18 2 4 
10 2 4 
17 2 21 
1 2
13 1 34 2 13 

2 1
3 1
2 1 32 
13 1 44 
10 1 34 
6 1
2 1 46 
11 1 19 
19 1 37 
4 1 29 
14 1 37 
1 1 45 

1 1
5 1
1 1 39 
11 1 7 
13 1 22 
15 1 38 
16 1 21 

2 1
9 1
16 1 7 
8 1 26 
18 1 29 
10 1 29 
3 1 16 
12 1 48 
2 1 38 
17 1 21 
9 1 29 
5 1
5 1 10 
8 1 26 
16 1 28 
11 1 40 
18 1 30 

2 2
7 1
5 2 21 
15 2 16 
20 2 2 
14 2 3 
1 2 6 
9 2 6 
8 2 32 
7 2
1 1 2 2 5 
7 1 7 2 6 
6 1 18 2 1 
9 1 21 2 6 
18 1 23 2 14 
4 1 4 2 1 
16 1 4 2 14 

2 1
3 1
1 1 34 
7 1 30 
17 1 31 
10 1
7 1 27 
13 1 40 
10 1 33 
20 1 30 
17 1 33 
3 1 21 
15 1 23 
18 1 15 
11 1 16 
6 1 41 

1 1
3 1
9 1 11 
11 1 31 
7 1 48 

2 2
4 2
3 1 5 2 27 
5 1 22 2 1 
18 1 4 2 4 
9 1 41 2 1 
9 1
17 2 15 
19 2 19 
15 2 6 
5 2 4 
2 2 4 
12 2 15 
3 2 22 
16 2 7 
11 2 14 

1 1
4 1
17 1 46 
5 1 45 
18 1 43 
12 1 17 

1 1
1 1
16 1 37 


10
2 1
1 1
8 1 14 
7 1
19 1 5 
15 1 14 
11 1 29 
20 1 18 
17 1 39 
12 1 25 
9 1 11 

1 1
6 1
17 1 9 
1 1 25 
2 1 30 
4 1 22 
16 1 15 
7 1 37 

2 1
1 1
11 1 40 
2 1
7 1 7 
10 1 36 

1 1
3 1
10 1 7 
2 1 45 
8 1 36 

2 1
8 1
12 1 30 
20 1 13 
18 1 12 
6 1 41 
14 1 44 
19 1 9 
15 1 31 
4 1 26 
1 1
15 1 24 

1 1
7 1
16 1 15 
6 1 38 
9 1 20 
14 1 36 
12 1 7 
4 1 24 
18 1 45 

2 1
7 1
13 1 28 
11 1 33 
14 1 17 
17 1 47 
16 1 40 
18 1 28 
12 1 10 
1 1
7 1 46 

1 1
2 1
10 1 14 
17 1 13 

2 1
3 1
15 1 41 
20 1 18 
8 1 6 
3 1
12 1 40 
20 1 27 
15 1 44 

1 1
4 1
2 1 48 
6 1 29 
4 1 46 
8 1 42 


10
2 1
5 1
13 1 19 
3 1 27 
10 1 18 
4 1 15 
20 1 25 
10 1
8 1 43 
4 1 7 
5 1 5 
19 1 17 
16 1 49 
9 1 34 
15 1 15 
3 1 46 
12 1 43 
13 1 19 

2 2
2 2
3 1 33 2 15 
9 1 9 2 19 
8 2
15 1 19 2 1 
16 1 8 2 17 
5 1 25 2 19 
14 1 6 2 30 
7 1 13 2 15 
6 1 29 2 12 
1 1 2 2 9 
9 1 13 2 5 

1 1
2 1
10 1 49 
13 1 12 

1 1
10 1
11 1 47 
3 1 42 
14 1 18 
12 1 18 
10 1 5 
4 1 45 
17 1 14 
6 1 17 
8 1 7 
20 1 15 

1 1
7 1
1 1 42 
9 1 23 
4 1 34 
8 1 46 
15 1 17 
13 1 32 
16 1 8 

2 1
9 1
13 1 19 
6 1 41 
18 1 16 
14 1 44 
12 1 48 
7 1 19 
5 1 10 
11 1 35 
9 1 12 
2 1
12 1 19 
20 1 47 

1 1
9 1
7 1 19 
19 1 34 
20 1 22 
3 1 8 
1 1 34 
10 1 42 
8 1 18 
13 1 14 
4 1 43 

2 1
3 1
16 1 41 
14 1 30 
4 1 30 
1 1
17 1 39 

1 1
3 1
7 1 29 
10 1 39 
15 1 47 

2 2
3 2
17 1 3 2 40 
10 1 5 2 3 
6 1 28 2 1 
6 2
2 1 4 2 2 
8 1 20 2 5 
19 1 34 2 12 
20 1 3 2 4 
7 1 9 2 20 
11 1 15 2 5 


10
1 1
1 1
20 1 41 

1 1
8 1
20 1 24 
10 1 39 
12 1 46 
4 1 17 
11 1 26 
14 1 16 
2 1 24 
1 1 12 

2 1
6 1
4 1 13 
5 1 14 
13 1 6 
7 1 36 
3 1 18 
16 1 27 
8 1
9 1 18 
19 1 26 
1 1 11 
5 1 31 
7 1 14 
12 1 33 
2 1 43 
18 1 18 

1 1
4 1
6 1 40 
9 1 19 
14 1 20 
18 1 42 

1 1
4 1
18 1 18 
9 1 17 
12 1 34 
8 1 39 

1 1
4 1
4 1 12 
13 1 17 
15 1 40 
10 1 46 

2 1
10 1
5 1 8 
17 1 32 
18 1 13 
20 1 15 
14 1 21 
4 1 5 
3 1 29 
13 1 18 
1 1 20 
12 1 25 
1 1
10 1 37 

2 2
7 1
20 1 25 
8 1 20 
1 1 4 
6 1 24 
10 1 5 
9 1 31 
2 1 14 
5 2
12 1 5 2 19 
10 1 5 2 8 
7 1 25 2 1 
16 1 27 2 13 
14 1 17 2 2 

2 1
5 1
13 1 19 
16 1 11 
5 1 22 
4 1 9 
3 1 20 
9 1
8 1 12 
20 1 29 
14 1 35 
17 1 21 
18 1 49 
5 1 43 
11 1 36 
6 1 39 
10 1 22 

2 1
6 1
11 1 7 
6 1 35 
10 1 32 
4 1 5 
12 1 38 
3 1 19 
3 1
19 1 32 
16 1 16 
4 1 12 


10
2 2
6 1
10 1 21 
7 1 11 
4 1 21 
16 1 4 
5 1 30 
14 1 13 
3 2
13 1 7 2 29 
4 1 31 2 6 
10 1 10 2 28 

1 1
4 1
11 1 31 
8 1 7 
15 1 45 
7 1 47 

2 2
1 2
15 1 17 2 6 
7 2
19 1 3 2 22 
12 1 23 2 6 
15 1 38 2 8 
9 1 16 2 1 
2 1 7 2 10 
13 1 9 2 1 
14 1 14 2 34 

2 1
3 1
9 1 17 
13 1 9 
4 1 19 
3 1
2 1 34 
19 1 40 
9 1 30 

1 1
7 1
4 1 13 
12 1 33 
5 1 16 
3 1 16 
9 1 18 
16 1 22 
14 1 5 

1 1
8 1
12 1 12 
20 1 43 
14 1 16 
19 1 48 
1 1 47 
5 1 11 
7 1 5 
2 1 21 

1 1
9 1
1 1 24 
8 1 11 
4 1 25 
9 1 22 
12 1 46 
18 1 18 
3 1 23 
17 1 22 
14 1 6 

1 1
9 1
12 1 5 
5 1 19 
11 1 11 
3 1 5 
8 1 10 
4 1 9 
18 1 48 
2 1 27 
7 1 11 

2 1
1 1
16 1 10 
10 1
7 1 6 
9 1 13 
3 1 38 
6 1 20 
15 1 43 
20 1 18 
18 1 42 
19 1 39 
2 1 21 
17 1 29 

1 1
9 1
12 1 29 
7 1 36 
14 1 22 
3 1 40 
16 1 38 
9 1 17 
4 1 21 
20 1 14 
2 1 27 


10
1 1
6 1
19 1 14 
11 1 30 
20 1 15 
2 1 47 
8 1 36 
14 1 48 

2 2
9 2
17 1 5 2 4 
16 1 4 2 17 
18 1 3 2 10 
15 1 9 2 35 
4 1 15 2 2 
8 1 25 2 4 
20 1 14 2 6 
11 1 10 2 29 
1 1 12 2 10 
10 1
14 1 2 
12 1 20 
7 1 28 
15 1 4 
4 1 4 
17 1 4 
1 1 16 
2 1 4 
11 1 8 
9 1 13 

2 1
7 1
19 1 45 
14 1 5 
17 1 28 
8 1 44 
2 1 24 
9 1 36 
7 1 33 
10 1
18 1 48 
9 1 42 
5 1 20 
8 1 47 
17 1 45 
16 1 39 
3 1 34 
19 1 44 
2 1 33 
1 1 19 

2 1
4 1
13 1 38 
6 1 31 
4 1 45 
17 1 15 
1 1
13 1 30 

1 1
9 1
2 1 21 
5 1 44 
16 1 29 
10 1 27 
3 1 12 
9 1 48 
13 1 38 
4 1 10 
17 1 31 

1 1
4 1
3 1 26 
15 1 15 
17 1 15 
11 1 40 

2 2
9 2
18 1 3 2 3 
9 1 6 2 28 
12 1 32 2 5 
6 1 22 2 10 
5 1 9 2 4 
17 1 6 2 1 
16 1 16 2 14 
13 1 8 2 4 
11 1 33 2 5 
10 1
9 1 26 
20 1 5 
7 1 17 
16 1 4 
15 1 8 
11 1 11 
3 1 9 
5 1 27 
19 1 19 
17 1 42 

1 1
3 1
9 1 32 
12 1 24 
20 1 33 

1 1
1 1
18 1 36 

2 1
3 1
18 1 28 
2 1 21 
5 1 29 
5 1
2 1 13 
18 1 22 
12 1 11 
10 1 48 
19 1 18 


10
1 1
6 1
13 1 46 
8 1 24 
3 1 6 
19 1 15 
1 1 41 
7 1 6 

2 1
9 1
13 1 43 
17 1 33 
15 1 29 
18 1 30 
12 1 37 
19 1 9 
2 1 46 
8 1 24 
3 1 35 
10 1
20 1 25 
4 1 29 
17 1 36 
6 1 45 
13 1 16 
11 1 26 
14 1 27 
2 1 25 
12 1 11 
1 1 10 

2 1
10 1
8 1 47 
6 1 32 
9 1 48 
7 1 20 
2 1 18 
20 1 47 
10 1 24 
12 1 43 
13 1 40 
1 1 15 
5 1
2 1 48 
7 1 40 
15 1 36 
3 1 13 
18 1 24 

2 1
4 1
16 1 39 
9 1 12 
4 1 26 
20 1 24 
7 1
20 1 38 
6 1 31 
7 1 19 
19 1 9 
9 1 6 
10 1 32 
13 1 23 

1 1
9 1
2 1 29 
5 1 36 
8 1 21 
17 1 40 
4 1 7 
16 1 19 
3 1 26 
12 1 9 
15 1 44 

1 1
4 1
2 1 5 
8 1 6 
14 1 32 
17 1 15 

1 1
4 1
4 1 28 
12 1 6 
8 1 8 
7 1 8 

1 1
2 1
17 1 39 
12 1 43 

2 2
1 1
18 1 7 
9 2
5 1 28 2 19 
17 1 6 2 21 
2 1 4 2 24 
19 1 19 2 7 
15 1 30 2 6 
14 1 7 2 8 
13 1 6 2 1 
7 1 10 2 11 
1 1 12 2 1 

1 1
3 1
20 1 24 
15 1 10 
13 1 46 


10
1 1
2 1
4 1 13 
18 1 9 

2 2
10 2
6 1 5 2 5 
5 1 3 2 23 
2 1 18 2 12 
10 1 15 2 2 
9 1 4 2 27 
19 1 23 2 8 
12 1 15 2 18 
14 1 21 2 4 
18 1 15 2 12 
16 1 13 2 14 
4 1
18 2 19 
6 2 27 
14 2 39 
15 2 12 

1 1
3 1
17 1 26 
6 1 18 
19 1 28 

1 1
8 1
3 1 31 
2 1 39 
17 1 48 
9 1 36 
15 1 8 
6 1 16 
4 1 40 
19 1 35 

2 2
6 1
20 2 12 
7 2 20 
8 2 2 
5 2 12 
18 2 7 
14 2 9 
10 2
11 1 8 2 25 
20 1 23 2 25 
18 1 9 2 35 
5 1 18 2 7 
14 1 15 2 21 
16 1 15 2 31 
10 1 20 2 14 
17 1 9 2 9 
9 1 4 2 8 
6 1 10 2 13 

1 1
8 1
1 1 18 
19 1 13 
13 1 25 
17 1 25 
7 1 39 
6 1 23 
12 1 30 
9 1 41 

2 2
9 2
10 1 4 2 39 
11 1 7 2 6 
19 1 5 2 13 
15 1 11 2 21 
4 1 11 2 12 
8 1 3 2 42 
2 1 8 2 39 
3 1 38 2 6 
18 1 7 2 11 
10 2
19 1 15 2 3 
17 1 6 2 7 
13 1 25 2 8 
6 1 18 2 18 
16 1 12 2 4 
7 1 3 2 5 
5 1 3 2 3 
15 1 18 2 12 
2 1 24 2 17 
3 1 10 2 5 

2 2
7 2
3 1 11 2 4 
10 1 3 2 16 
8 1 8 2 24 
7 1 5 2 24 
5 1 11 2 1 
12 1 12 2 1 
15 1 4 2 2 
8 2
14 1 38 2 2 
16 1 5 2 1 
11 1 26 2 13 
20 1 16 2 22 
17 1 3 2 4 
1 1 4 2 35 
6 1 2 2 4 
9 1 16 2 13 

2 1
1 1
12 1 42 
4 1
3 1 23 
17 1 31 
9 1 34 
2 1 14 

2 1
8 1
19 1 30 
11 1 11 
10 1 24 
12 1 33 
2 1 43 
16 1 47 
13 1 43 
17 1 35 
6 1
19 1 10 
15 1 5 
14 1 49 
11 1 39 
4 1 14 
13 1 19 


10
1 1
10 1
18 1 32 
20 1 21 
1 1 13 
12 1 33 
2 1 40 
16 1 31 
4 1 7 
14 1 13 
11 1 48 
19 1 47 

2 2
7 2
9 1 8 2 8 
14 1 12 2 14 
19 1 17 2 4 
17 1 12 2 6 
18 1 26 2 11 
5 1 43 2 2 
10 1 4 2 43 
9 2
1 1 16 2 26 
3 1 32 2 16 
4 1 4 2 3 
12 1 19 2 7 
11 1 3 2 23 
7 1 7 2 6 
16 1 2 2 15 
5 1 12 2 8 
19 1 8 2 38 

2 1
1 1
5 1 34 
2 1
11 1 40 
4 1 31 

1 1
2 1
4 1 24 
18 1 17 

1 1
6 1
2 1 41 
11 1 44 
15 1 36 
9 1 8 
8 1 14 
6 1 20 

2 2
8 1
3 2 34 
7 2 36 
15 2 5 
17 2 6 
9 2 20 
10 2 6 
5 2 2 
11 2 4 
10 2
19 1 5 2 1 
17 1 3 2 2 
1 1 30 2 9 
9 1 10 2 1 
16 1 26 2 1 
18 1 22 2 15 
14 1 20 2 16 
5 1 16 2 4 
4 1 8 2 1 
7 1 3 2 20 

2 1
3 1
11 1 22 
2 1 19 
13 1 39 
8 1
10 1 34 
5 1 47 
4 1 10 
3 1 42 
16 1 29 
2 1 21 
7 1 37 
18 1 37 

2 1
8 1
8 1 6 
9 1 43 
11 1 36 
7 1 6 
10 1 14 
16 1 22 
18 1 31 
6 1 24 
9 1
8 1 29 
4 1 29 
14 1 41 
11 1 24 
5 1 7 
13 1 36 
7 1 42 
19 1 15 
6 1 21 

1 1
9 1
7 1 33 
11 1 30 
10 1 27 
18 1 19 
20 1 29 
1 1 33 
3 1 8 
16 1 20 
2 1 15 

2 1
7 1
20 1 19 
7 1 41 
19 1 44 
13 1 20 
8 1 32 
10 1 44 
1 1 29 
1 1
5 1 5 


10
1 1
7 1
7 1 28 
12 1 22 
9 1 25 
19 1 28 
14 1 32 
1 1 14 
3 1 26 

2 2
3 1
1 1 3 
18 1 5 
9 1 22 
7 2
14 1 8 2 11 
6 1 29 2 6 
4 1 4 2 5 
17 1 11 2 15 
20 1 24 2 3 
3 1 13 2 7 
13 1 9 2 26 

1 1
7 1
9 1 7 
19 1 44 
14 1 19 
20 1 19 
17 1 42 
11 1 43 
7 1 6 

2 2
4 2
13 1 17 2 31 
5 1 8 2 40 
1 1 17 2 3 
10 1 7 2 1 
5 1
3 1 13 
14 1 8 
20 1 26 
17 1 21 
10 1 25 

2 1
10 1
20 1 48 
12 1 46 
16 1 13 
6 1 26 
7 1 48 
15 1 29 
10 1 14 
4 1 34 
5 1 45 
19 1 41 
3 1
13 1 24 
12 1 37 
3 1 6 

1 1
10 1
8 1 7 
9 1 39 
7 1 30 
14 1 18 
2 1 9 
10 1 6 
3 1 10 
5 1 16 
13 1 24 
15 1 43 

2 2
8 2
9 1 23 2 21 
19 1 2 2 20 
7 1 26 2 15 
20 1 14 2 1 
18 1 11 2 3 
2 1 12 2 36 
5 1 7 2 6 
13 1 11 2 1 
10 2
10 1 21 2 18 
8 1 28 2 14 
5 1 16 2 14 
20 1 16 2 15 
16 1 13 2 11 
14 1 5 2 4 
15 1 12 2 30 
4 1 11 2 25 
6 1 13 2 3 
18 1 6 2 19 

1 1
1 1
6 1 5 

1 1
1 1
5 1 40 

1 1
5 1
11 1 44 
17 1 5 
5 1 18 
9 1 8 
20 1 34 


