10 20 100 2 2

10
1 1
2 1
11 1 39 
15 1 24 

1 1
1 1
4 1 31 

1 1
1 1
12 1 18 

2 1
2 1
7 1 41 
12 1 34 
1 1
13 1 36 

2 2
2 2
19 1 4 2 8 
2 1 17 2 11 
2 1
20 2 2 
8 2 24 

2 2
1 1
1 2 3 
2 2
12 1 35 2 2 
2 1 7 2 23 

2 2
1 2
9 1 29 2 10 
1 2
7 1 5 2 17 

1 1
1 1
6 1 10 

2 1
2 1
19 1 25 
14 1 15 
2 1
20 1 44 
18 1 21 

1 1
1 1
1 1 31 


10
2 1
2 1
13 1 36 
9 1 19 
1 1
8 1 31 

1 1
2 1
20 1 21 
1 1 34 

2 1
2 1
10 1 14 
17 1 28 
1 1
13 1 21 

1 1
2 1
9 1 33 
12 1 11 

2 2
1 1
17 1 6 
1 2
12 1 19 2 3 

1 1
2 1
14 1 46 
4 1 5 

2 2
1 2
14 1 9 2 16 
1 1
1 1 7 

1 1
1 1
18 1 31 

2 2
2 2
13 1 3 2 25 
19 1 15 2 28 
2 2
18 1 10 2 8 
12 1 19 2 28 

2 2
1 2
7 1 19 2 10 
2 1
16 2 26 
4 2 14 


10
2 2
1 2
5 1 2 2 38 
1 1
13 1 14 

2 2
1 1
6 1 9 
2 2
16 1 41 2 2 
3 1 23 2 24 

1 1
2 1
17 1 34 
3 1 36 

2 2
2 2
9 1 25 2 20 
14 1 12 2 37 
2 1
1 1 12 
15 1 38 

1 1
2 1
16 1 12 
10 1 37 

1 1
1 1
13 1 25 

1 1
2 1
3 1 14 
11 1 44 

1 1
1 1
5 1 29 

1 1
1 1
4 1 47 

1 1
1 1
15 1 29 


10
2 1
1 1
2 1 36 
1 1
10 1 45 

1 1
1 1
11 1 18 

2 2
1 1
1 2 11 
2 2
5 1 6 2 4 
7 1 8 2 3 

1 1
2 1
11 1 41 
7 1 6 

1 1
2 1
10 1 34 
6 1 33 

2 2
2 2
6 1 36 2 2 
10 1 22 2 22 
1 1
7 2 31 

2 2
1 1
13 2 28 
1 2
1 1 15 2 26 

1 1
1 1
7 1 44 

2 1
2 1
7 1 17 
18 1 45 
1 1
3 1 46 

1 1
1 1
10 1 15 


10
2 2
2 1
8 1 9 
19 1 3 
1 2
5 1 13 2 22 

1 1
1 1
11 1 19 

1 1
1 1
6 1 26 

2 2
2 1
2 1 39 
8 1 4 
2 2
17 1 44 2 3 
13 1 19 2 2 

1 1
2 1
2 1 38 
18 1 10 

1 1
2 1
14 1 36 
15 1 35 

1 1
2 1
16 1 15 
2 1 7 

1 1
2 1
18 1 19 
4 1 13 

1 1
2 1
1 1 5 
8 1 22 

1 1
1 1
19 1 41 


10
1 1
2 1
19 1 19 
12 1 24 

1 1
2 1
11 1 15 
15 1 12 

1 1
1 1
19 1 17 

1 1
1 1
4 1 49 

2 2
1 1
8 2 9 
1 2
11 1 31 2 8 

2 1
2 1
5 1 44 
1 1 33 
1 1
10 1 16 

1 1
2 1
20 1 39 
7 1 7 

2 1
2 1
11 1 43 
9 1 40 
2 1
10 1 11 
3 1 47 

2 2
2 2
8 1 14 2 15 
6 1 5 2 28 
2 2
17 1 10 2 7 
9 1 9 2 10 

2 1
2 1
17 1 35 
7 1 11 
1 1
15 1 12 


10
2 2
1 2
2 1 9 2 9 
1 1
18 2 14 

1 1
2 1
19 1 49 
15 1 44 

1 1
2 1
15 1 8 
3 1 39 

1 1
1 1
10 1 9 

2 1
1 1
17 1 47 
2 1
6 1 35 
7 1 24 

1 1
1 1
14 1 13 

1 1
1 1
17 1 17 

2 2
1 1
11 2 18 
1 2
12 1 36 2 3 

2 2
2 2
3 1 13 2 7 
17 1 14 2 22 
2 2
8 1 4 2 16 
18 1 8 2 8 

2 2
2 2
17 1 31 2 4 
12 1 3 2 27 
2 2
1 1 15 2 2 
19 1 11 2 23 


10
1 1
2 1
19 1 8 
10 1 46 

2 2
2 1
3 2 3 
4 2 8 
2 2
6 1 24 2 18 
15 1 38 2 4 

1 1
1 1
15 1 16 

2 2
2 2
2 1 17 2 3 
15 1 18 2 21 
1 2
1 1 10 2 7 

1 1
1 1
8 1 12 

1 1
1 1
16 1 5 

1 1
2 1
17 1 42 
3 1 33 

1 1
2 1
10 1 44 
11 1 40 

2 2
1 2
3 1 14 2 8 
2 2
14 1 46 2 1 
4 1 3 2 20 

2 2
2 2
19 1 5 2 1 
8 1 20 2 6 
1 1
11 2 25 


10
1 1
1 1
14 1 21 

1 1
1 1
8 1 36 

1 1
2 1
19 1 18 
11 1 7 

1 1
1 1
14 1 15 

1 1
2 1
20 1 11 
14 1 39 

1 1
2 1
18 1 12 
5 1 10 

1 1
1 1
3 1 40 

1 1
2 1
10 1 10 
8 1 49 

1 1
1 1
9 1 9 

1 1
2 1
15 1 32 
14 1 40 


10
1 1
2 1
12 1 42 
11 1 13 

1 1
2 1
1 1 24 
17 1 12 

2 2
1 2
4 1 4 2 22 
2 1
8 2 5 
14 2 3 

1 1
1 1
13 1 32 

2 1
2 1
14 1 44 
11 1 45 
2 1
18 1 7 
12 1 15 

1 1
1 1
17 1 42 

1 1
2 1
13 1 46 
14 1 10 

1 1
1 1
8 1 18 

2 2
1 2
3 1 27 2 10 
1 1
18 1 27 

1 1
1 1
3 1 13 


