10 20 100 5 5

10
4 4
2 1
11 3 12 
2 3 6 
1 3
8 2 3 3 2 4 34 
2 4
5 1 2 2 5 3 2 4 14 
20 1 11 2 2 3 23 4 6 
1 3
7 1 16 2 14 3 8 

1 1
2 1
20 1 14 
5 1 11 

5 3
2 1
20 1 28 
4 1 3 
1 3
5 1 22 2 6 3 15 
2 2
2 1 10 2 24 
3 1 15 2 6 
2 2
4 1 4 2 14 
20 1 32 2 16 
2 1
9 1 2 
14 1 3 

4 1
1 1
20 1 36 
1 1
6 1 41 
2 1
5 1 20 
7 1 42 
1 1
2 1 31 

3 2
1 2
17 1 27 2 2 
1 1
8 1 20 
1 2
18 1 44 2 4 

2 2
1 1
2 2 9 
2 2
11 1 13 2 5 
18 1 5 2 1 

2 1
2 1
2 1 18 
17 1 23 
1 1
15 1 36 

2 2
1 2
5 1 9 2 30 
1 2
4 1 8 2 2 

4 4
1 4
2 1 4 2 5 3 2 4 3 
2 1
19 2 3 
5 2 4 
2 2
16 1 2 2 3 
18 1 4 2 4 
2 4
15 1 2 2 5 3 17 4 15 
12 1 13 2 3 3 13 4 5 

2 1
1 1
5 1 10 
2 1
7 1 29 
19 1 45 


10
1 1
1 1
6 1 36 

2 2
1 1
6 2 20 
1 2
1 1 4 2 16 

3 1
2 1
5 1 37 
3 1 35 
2 1
18 1 32 
3 1 37 
1 1
1 1 42 

5 5
1 2
5 1 3 2 1 
2 5
2 1 28 2 2 3 4 4 8 5 6 
4 1 11 2 2 3 2 4 2 5 1 
2 2
14 2 1 3 1 
4 2 4 3 5 
1 1
20 1 2 
2 1
4 4 2 
11 4 8 

3 1
1 1
11 1 36 
2 1
2 1 19 
19 1 19 
2 1
16 1 49 
15 1 13 

1 1
1 1
19 1 13 

5 2
2 2
13 1 26 2 8 
4 1 4 2 3 
2 1
7 1 18 
19 1 5 
1 1
3 1 30 
1 2
15 1 19 2 9 
1 2
8 1 39 2 5 

3 2
2 1
3 2 6 
20 2 7 
2 1
10 1 12 
17 1 19 
1 2
4 1 19 2 9 

2 1
2 1
5 1 40 
1 1 7 
1 1
17 1 46 

2 2
1 2
1 1 32 2 2 
2 1
11 2 15 
4 2 16 


10
5 4
2 2
12 1 3 2 6 
3 1 2 2 1 
1 4
6 1 14 2 8 3 7 4 19 
1 1
10 2 1 
1 3
13 1 3 2 2 3 3 
2 1
19 1 11 
8 1 5 

3 1
1 1
6 1 9 
2 1
9 1 18 
16 1 23 
1 1
2 1 41 

5 5
2 1
12 2 2 
11 2 6 
1 4
15 2 1 3 1 4 1 5 1 
2 5
5 1 15 2 5 3 12 4 7 5 10 
14 1 2 2 2 3 1 4 1 5 1 
2 2
18 1 5 2 2 
6 1 9 2 12 
2 2
5 3 1 4 5 
4 3 1 4 13 

2 2
1 2
2 1 18 2 6 
2 2
12 1 12 2 2 
3 1 3 2 15 

2 1
2 1
6 1 9 
13 1 35 
2 1
12 1 21 
17 1 35 

5 4
1 2
16 3 8 4 20 
1 3
5 2 14 3 11 4 1 
1 1
18 3 5 
1 4
19 1 3 2 6 3 2 4 2 
1 1
10 2 19 

2 2
1 2
6 1 9 2 11 
2 2
9 1 44 2 3 
2 1 6 2 6 

3 2
2 1
16 1 9 
15 1 11 
2 2
9 1 21 2 12 
6 1 11 2 23 
1 1
14 1 4 

1 1
2 1
1 1 35 
10 1 31 

5 3
2 3
4 1 12 2 14 3 23 
1 1 10 2 3 3 15 
2 3
11 1 2 2 1 3 3 
17 1 11 2 7 3 2 
1 2
20 1 13 2 8 
1 1
18 1 5 
1 1
7 3 9 


10
2 1
2 1
3 1 35 
17 1 10 
2 1
17 1 12 
2 1 40 

2 1
2 1
5 1 24 
10 1 5 
2 1
6 1 31 
2 1 42 

1 1
1 1
12 1 5 

1 1
2 1
3 1 25 
16 1 26 

5 2
1 2
12 1 37 2 3 
2 1
6 2 13 
2 2 31 
1 1
11 1 3 
1 1
4 1 26 
2 1
6 2 13 
18 2 2 

1 1
1 1
4 1 32 

1 1
1 1
19 1 18 

2 2
2 2
13 1 33 2 3 
15 1 30 2 8 
2 1
18 1 20 
8 1 3 

2 2
1 2
15 1 19 2 9 
1 1
8 1 8 

4 4
2 1
16 3 3 
5 3 9 
2 3
10 1 10 2 10 3 19 
18 1 4 2 6 3 1 
1 1
14 3 8 
2 4
3 1 4 2 6 3 4 4 1 
4 1 9 2 10 3 12 4 2 


10
3 3
2 3
4 1 18 2 6 3 3 
17 1 3 2 20 3 19 
2 1
19 2 4 
11 2 5 
2 1
7 3 4 
13 3 4 

2 2
1 2
9 1 18 2 16 
1 2
14 1 35 2 13 

5 5
1 1
19 4 13 
2 1
12 4 1 
3 4 6 
1 1
15 2 5 
2 2
16 4 2 5 22 
20 4 3 5 2 
2 5
1 1 5 2 4 3 2 4 1 5 1 
13 1 2 2 6 3 17 4 4 5 3 

1 1
2 1
19 1 48 
2 1 35 

2 2
1 1
19 1 4 
1 2
8 1 42 2 7 

4 2
2 2
20 1 21 2 12 
17 1 10 2 20 
2 1
15 1 35 
18 1 10 
2 1
15 1 37 
4 1 4 
1 2
5 1 3 2 18 

5 2
1 1
11 1 4 
1 1
6 1 21 
1 1
7 1 25 
1 2
18 1 4 2 24 
1 2
8 1 3 2 2 

2 1
2 1
20 1 20 
15 1 42 
2 1
1 1 27 
3 1 33 

2 2
1 2
14 1 39 2 6 
1 1
13 1 11 

4 4
2 4
9 1 2 2 3 3 4 4 3 
7 1 12 2 9 3 7 4 16 
1 2
18 1 2 2 16 
1 1
1 2 4 
2 2
10 1 2 2 8 
12 1 3 2 2 


10
1 1
1 1
2 1 32 

4 1
1 1
20 1 45 
2 1
17 1 22 
11 1 37 
1 1
8 1 21 
1 1
15 1 28 

5 4
2 4
18 1 6 2 1 3 24 4 16 
20 1 3 2 2 3 2 4 3 
2 1
8 1 15 
18 1 16 
1 2
2 1 10 2 21 
1 1
5 3 9 
1 4
6 1 6 2 6 3 2 4 6 

5 4
2 1
1 3 2 
18 3 2 
1 2
14 2 1 3 6 
1 4
12 1 6 2 6 3 17 4 13 
2 4
4 1 10 2 4 3 8 4 3 
8 1 2 2 10 3 4 4 6 
1 2
19 2 3 3 13 

1 1
2 1
4 1 26 
12 1 7 

2 1
1 1
6 1 49 
2 1
18 1 48 
5 1 47 

5 3
1 3
14 1 2 2 19 3 14 
1 2
5 1 5 2 1 
2 1
4 3 4 
7 3 1 
2 3
7 1 21 2 22 3 3 
16 1 8 2 19 3 13 
1 2
9 2 3 3 29 

4 4
1 4
20 1 16 2 1 3 1 4 3 
2 2
5 3 2 4 15 
17 3 1 4 3 
2 3
3 2 2 3 1 4 3 
4 2 1 3 8 4 2 
2 1
12 3 15 
4 3 2 

1 1
2 1
18 1 8 
16 1 5 

2 2
1 2
20 1 7 2 16 
2 2
13 1 12 2 4 
1 1 8 2 3 


10
4 2
2 1
2 2 24 
7 2 11 
1 2
8 1 9 2 15 
2 1
19 1 11 
14 1 6 
2 1
1 1 4 
14 1 8 

3 3
1 2
15 2 2 3 31 
1 3
10 1 12 2 5 3 30 
1 2
9 2 14 3 19 

3 2
1 2
5 1 21 2 11 
2 2
8 1 22 2 4 
18 1 28 2 21 
1 2
17 1 11 2 4 

5 5
1 5
8 1 2 2 12 3 4 4 3 5 2 
2 1
19 5 4 
16 5 9 
1 3
15 1 2 2 1 3 3 
2 2
20 1 2 2 6 
5 1 2 2 1 
1 2
4 3 2 4 4 

1 1
1 1
17 1 40 

2 1
2 1
1 1 45 
9 1 47 
2 1
13 1 30 
8 1 38 

5 4
1 2
19 3 9 4 5 
2 2
14 2 15 3 6 
15 2 1 3 20 
2 4
5 1 6 2 1 3 1 4 2 
10 1 2 2 1 3 1 4 1 
2 1
2 3 15 
20 3 3 
2 4
18 1 7 2 3 3 5 4 2 
3 1 4 2 2 3 6 4 20 

4 1
1 1
15 1 34 
1 1
14 1 8 
2 1
18 1 29 
6 1 23 
1 1
9 1 16 

4 4
2 4
7 1 27 2 3 3 1 4 2 
4 1 4 2 2 3 6 4 18 
1 3
10 1 10 2 6 3 9 
1 1
13 4 7 
2 1
19 4 2 
5 4 2 

1 1
1 1
20 1 9 


10
3 3
2 3
19 1 4 2 4 3 11 
18 1 2 2 9 3 2 
1 2
16 2 5 3 6 
2 2
15 2 1 3 2 
18 2 8 3 8 

3 3
1 2
1 2 20 3 3 
1 3
9 1 5 2 4 3 13 
2 1
11 3 25 
18 3 2 

2 1
1 1
7 1 49 
1 1
19 1 15 

2 2
2 2
10 1 4 2 3 
11 1 24 2 24 
2 2
3 1 43 2 6 
16 1 3 2 5 

5 2
1 2
7 1 45 2 2 
2 2
20 1 8 2 4 
8 1 31 2 18 
1 2
6 1 43 2 2 
1 1
18 2 1 
1 1
2 2 5 

1 1
2 1
10 1 32 
1 1 49 

4 1
1 1
3 1 32 
1 1
2 1 28 
1 1
13 1 26 
1 1
14 1 20 

4 1
1 1
5 1 33 
1 1
8 1 39 
1 1
18 1 47 
1 1
10 1 5 

1 1
1 1
2 1 32 

5 4
2 2
13 2 23 3 10 
17 2 4 3 2 
1 2
5 1 15 2 4 
2 3
12 1 12 2 10 3 10 
17 1 4 2 1 3 2 
2 4
19 1 17 2 5 3 12 4 3 
1 1 6 2 3 3 13 4 1 
2 2
15 2 2 3 14 
4 2 15 3 4 


10
5 3
1 1
15 1 6 
2 1
6 3 3 
7 3 3 
2 1
17 1 3 
14 1 20 
2 2
18 2 2 3 2 
12 2 8 3 3 
2 3
14 1 12 2 3 3 13 
5 1 7 2 5 3 2 

3 1
1 1
1 1 5 
2 1
7 1 27 
15 1 15 
2 1
3 1 40 
9 1 31 

1 1
2 1
2 1 16 
17 1 28 

1 1
1 1
13 1 38 

5 1
1 1
14 1 20 
2 1
5 1 37 
9 1 26 
1 1
19 1 34 
1 1
6 1 36 
2 1
4 1 9 
12 1 41 

5 5
2 4
4 1 6 2 21 3 2 4 7 
8 1 2 2 8 3 12 4 7 
1 5
13 1 5 2 15 3 6 4 8 5 9 
1 2
14 1 3 2 4 
1 1
7 5 1 
1 2
12 4 2 5 1 

1 1
2 1
11 1 6 
16 1 48 

5 5
1 4
13 2 1 3 1 4 1 5 1 
1 5
12 1 3 2 5 3 27 4 5 5 7 
2 2
5 1 3 2 33 
10 1 8 2 3 
1 2
15 3 2 4 7 
1 1
18 1 10 

3 1
1 1
17 1 34 
2 1
8 1 42 
18 1 35 
1 1
2 1 10 

4 3
2 2
18 1 26 2 15 
6 1 12 2 6 
2 3
3 1 22 2 13 3 3 
11 1 4 2 17 3 3 
1 1
9 2 8 
2 1
10 1 3 
1 1 4 


10
4 2
1 2
19 1 12 2 1 
2 1
20 1 2 
5 1 3 
2 1
2 1 4 
14 1 8 
2 1
3 1 13 
11 1 8 

4 2
2 2
18 1 28 2 15 
9 1 5 2 11 
1 2
17 1 41 2 2 
2 1
3 1 8 
12 1 5 
2 1
10 1 14 
15 1 11 

5 2
2 1
18 2 23 
8 2 8 
2 1
19 1 2 
11 1 37 
2 1
16 1 16 
3 1 32 
2 2
15 1 17 2 10 
1 1 9 2 8 
1 2
6 1 4 2 45 

4 3
2 2
9 2 16 3 8 
17 2 8 3 10 
1 3
14 1 5 2 4 3 4 
2 3
10 1 17 2 10 3 1 
12 1 2 2 1 3 2 
1 1
5 3 2 

3 1
2 1
8 1 12 
20 1 35 
2 1
13 1 37 
7 1 15 
2 1
7 1 44 
19 1 7 

2 1
1 1
1 1 43 
1 1
17 1 26 

5 1
2 1
9 1 23 
2 1 23 
2 1
14 1 11 
4 1 5 
2 1
18 1 45 
19 1 16 
2 1
14 1 47 
5 1 30 
2 1
6 1 12 
19 1 16 

2 1
1 1
17 1 42 
2 1
10 1 36 
20 1 28 

2 2
1 2
20 1 3 2 18 
1 1
17 2 13 

4 2
2 2
9 1 28 2 1 
2 1 3 2 29 
1 2
11 1 5 2 25 
2 2
16 1 4 2 2 
5 1 26 2 21 
2 2
9 1 6 2 1 
3 1 8 2 5 


