10 20 100 2 2

10
2 1
8 1
17 1 19 
20 1 35 
13 1 33 
15 1 37 
1 1 19 
3 1 37 
4 1 43 
7 1 24 
5 1
2 1 29 
20 1 12 
8 1 18 
10 1 12 
5 1 48 

2 1
4 1
19 1 30 
20 1 27 
18 1 30 
16 1 33 
5 1
4 1 37 
8 1 38 
13 1 39 
2 1 25 
6 1 28 

2 1
2 1
11 1 34 
4 1 43 
9 1
18 1 49 
11 1 29 
14 1 33 
3 1 29 
4 1 41 
5 1 45 
7 1 21 
9 1 40 
1 1 48 

1 1
8 1
4 1 24 
18 1 8 
10 1 26 
6 1 33 
12 1 14 
2 1 9 
16 1 30 
5 1 46 

1 1
8 1
6 1 10 
17 1 47 
3 1 45 
16 1 28 
2 1 16 
19 1 14 
20 1 28 
5 1 39 

1 1
10 1
16 1 11 
1 1 15 
20 1 39 
15 1 27 
4 1 48 
11 1 16 
9 1 49 
13 1 21 
3 1 43 
17 1 11 

2 2
5 2
4 1 4 2 8 
15 1 25 2 22 
2 1 16 2 2 
19 1 19 2 7 
6 1 3 2 2 
3 1
6 2 11 
15 2 4 
20 2 13 

2 2
10 2
14 1 9 2 4 
3 1 6 2 10 
1 1 6 2 6 
18 1 3 2 8 
4 1 19 2 6 
11 1 8 2 1 
7 1 2 2 21 
15 1 6 2 17 
6 1 19 2 20 
13 1 4 2 14 
4 2
15 1 13 2 2 
10 1 20 2 13 
4 1 12 2 11 
6 1 9 2 24 

1 1
6 1
16 1 9 
20 1 5 
3 1 32 
10 1 13 
4 1 49 
15 1 44 

2 2
6 2
13 1 24 2 11 
8 1 5 2 8 
12 1 11 2 11 
7 1 14 2 13 
2 1 7 2 32 
1 1 39 2 2 
7 2
17 1 32 2 12 
14 1 25 2 5 
16 1 33 2 9 
12 1 6 2 9 
7 1 8 2 1 
9 1 3 2 11 
13 1 9 2 27 


10
2 1
10 1
6 1 8 
18 1 42 
9 1 19 
14 1 35 
4 1 46 
1 1 39 
8 1 26 
13 1 16 
5 1 49 
7 1 7 
6 1
14 1 42 
20 1 10 
6 1 33 
17 1 35 
15 1 20 
7 1 32 

2 2
10 1
19 1 12 
16 1 31 
2 1 31 
12 1 27 
6 1 7 
18 1 10 
11 1 6 
17 1 16 
8 1 6 
20 1 7 
1 2
4 1 4 2 2 

2 2
3 2
5 1 15 2 1 
14 1 2 2 42 
2 1 34 2 5 
7 1
11 1 13 
7 1 4 
4 1 13 
3 1 9 
2 1 18 
18 1 21 
20 1 17 

1 1
7 1
2 1 39 
11 1 28 
12 1 23 
9 1 16 
17 1 39 
10 1 39 
7 1 38 

1 1
7 1
2 1 45 
10 1 49 
13 1 42 
9 1 39 
17 1 10 
5 1 14 
4 1 37 

2 1
5 1
10 1 18 
18 1 43 
2 1 10 
12 1 8 
19 1 19 
2 1
10 1 31 
1 1 32 

2 1
6 1
12 1 27 
19 1 5 
9 1 49 
2 1 24 
11 1 31 
17 1 46 
9 1
8 1 47 
6 1 16 
9 1 10 
14 1 26 
5 1 16 
11 1 41 
2 1 12 
3 1 8 
15 1 5 

2 2
6 2
2 1 12 2 2 
10 1 23 2 2 
20 1 13 2 26 
16 1 13 2 17 
12 1 7 2 2 
17 1 8 2 3 
4 2
9 1 29 2 1 
2 1 11 2 16 
5 1 20 2 8 
14 1 21 2 24 

2 1
6 1
18 1 27 
5 1 32 
9 1 17 
3 1 18 
11 1 31 
7 1 10 
9 1
11 1 33 
17 1 35 
18 1 12 
12 1 49 
14 1 36 
1 1 10 
13 1 49 
15 1 12 
6 1 14 

1 1
7 1
8 1 28 
3 1 49 
7 1 13 
14 1 29 
1 1 6 
9 1 42 
18 1 29 


10
1 1
5 1
5 1 37 
18 1 13 
15 1 31 
12 1 14 
14 1 24 

2 2
10 1
12 2 3 
5 2 17 
3 2 2 
14 2 1 
1 2 6 
11 2 32 
6 2 29 
8 2 39 
2 2 5 
19 2 1 
8 2
6 1 7 2 23 
19 1 3 2 22 
10 1 9 2 4 
5 1 4 2 7 
1 1 5 2 17 
8 1 5 2 1 
12 1 27 2 20 
16 1 6 2 19 

1 1
1 1
14 1 14 

2 2
4 2
8 1 14 2 2 
14 1 11 2 23 
18 1 30 2 3 
17 1 21 2 22 
8 2
7 1 7 2 29 
12 1 26 2 7 
6 1 6 2 23 
11 1 22 2 17 
16 1 3 2 12 
10 1 39 2 8 
8 1 6 2 1 
4 1 22 2 16 

1 1
3 1
13 1 5 
8 1 9 
10 1 12 

1 1
3 1
4 1 31 
10 1 5 
3 1 43 

2 1
10 1
14 1 23 
8 1 18 
13 1 30 
18 1 17 
19 1 21 
1 1 6 
7 1 41 
6 1 21 
15 1 30 
10 1 28 
10 1
18 1 26 
20 1 36 
11 1 18 
6 1 5 
12 1 43 
15 1 11 
3 1 36 
14 1 34 
4 1 19 
9 1 15 

2 2
4 2
15 1 15 2 6 
6 1 7 2 3 
12 1 14 2 32 
18 1 3 2 4 
10 2
9 1 20 2 10 
4 1 15 2 1 
2 1 2 2 6 
14 1 25 2 13 
11 1 5 2 32 
18 1 6 2 5 
6 1 2 2 19 
15 1 16 2 32 
16 1 2 2 16 
5 1 8 2 34 

1 1
2 1
19 1 46 
12 1 5 

1 1
4 1
5 1 25 
13 1 47 
11 1 18 
4 1 34 


10
1 1
5 1
2 1 21 
20 1 46 
9 1 10 
4 1 29 
8 1 18 

2 2
2 2
5 1 5 2 3 
1 1 8 2 28 
2 1
4 1 6 
11 1 5 

1 1
7 1
13 1 39 
1 1 7 
18 1 21 
3 1 45 
6 1 48 
12 1 20 
5 1 25 

1 1
1 1
19 1 43 

2 1
4 1
8 1 25 
10 1 13 
14 1 47 
2 1 31 
7 1
8 1 33 
9 1 33 
7 1 19 
19 1 28 
12 1 30 
11 1 13 
4 1 28 

1 1
2 1
19 1 45 
7 1 39 

2 2
2 2
9 1 2 2 9 
18 1 11 2 15 
2 1
17 1 5 
12 1 14 

1 1
4 1
11 1 34 
13 1 47 
3 1 8 
6 1 29 

2 1
6 1
3 1 22 
5 1 25 
14 1 36 
1 1 41 
8 1 38 
16 1 14 
10 1
14 1 30 
20 1 7 
11 1 6 
1 1 49 
17 1 5 
15 1 33 
6 1 49 
3 1 42 
7 1 29 
16 1 42 

1 1
4 1
18 1 13 
20 1 39 
1 1 33 
5 1 44 


10
1 1
8 1
2 1 23 
4 1 48 
7 1 18 
3 1 44 
19 1 21 
13 1 24 
10 1 14 
20 1 5 

2 1
2 1
1 1 46 
5 1 16 
1 1
20 1 37 

1 1
4 1
4 1 13 
11 1 10 
14 1 43 
18 1 6 

2 2
7 1
13 2 5 
8 2 25 
18 2 5 
2 2 2 
11 2 17 
6 2 4 
4 2 1 
8 2
7 1 46 2 3 
20 1 4 2 15 
12 1 7 2 19 
14 1 7 2 38 
8 1 17 2 14 
5 1 7 2 1 
4 1 11 2 22 
16 1 12 2 22 

1 1
10 1
6 1 26 
18 1 27 
2 1 8 
3 1 22 
9 1 38 
10 1 19 
8 1 33 
16 1 17 
11 1 19 
13 1 45 

1 1
10 1
2 1 25 
19 1 31 
10 1 8 
1 1 23 
13 1 25 
14 1 27 
17 1 11 
11 1 10 
5 1 34 
7 1 29 

1 1
4 1
17 1 46 
3 1 17 
11 1 43 
9 1 29 

2 1
8 1
14 1 27 
20 1 47 
16 1 32 
1 1 11 
8 1 12 
19 1 22 
13 1 15 
10 1 15 
3 1
15 1 18 
3 1 42 
12 1 9 

1 1
6 1
18 1 32 
17 1 18 
16 1 44 
6 1 45 
10 1 26 
3 1 47 

2 1
6 1
1 1 30 
13 1 23 
14 1 35 
6 1 17 
17 1 32 
20 1 39 
10 1
16 1 10 
7 1 27 
9 1 41 
2 1 31 
1 1 11 
18 1 38 
19 1 9 
13 1 38 
3 1 6 
14 1 12 


10
2 1
6 1
14 1 22 
3 1 6 
17 1 29 
19 1 5 
2 1 27 
16 1 14 
6 1
15 1 25 
2 1 24 
12 1 45 
3 1 44 
7 1 25 
9 1 37 

1 1
5 1
3 1 10 
7 1 32 
4 1 9 
20 1 9 
17 1 30 

1 1
8 1
17 1 9 
5 1 36 
9 1 34 
15 1 24 
20 1 19 
14 1 18 
8 1 45 
16 1 44 

1 1
3 1
5 1 16 
13 1 40 
20 1 16 

2 1
4 1
9 1 20 
1 1 35 
20 1 46 
2 1 32 
8 1
5 1 48 
2 1 33 
17 1 31 
15 1 37 
1 1 36 
8 1 22 
9 1 9 
12 1 20 

2 2
9 1
10 1 12 
19 1 28 
5 1 28 
15 1 10 
9 1 6 
20 1 8 
8 1 23 
4 1 8 
2 1 26 
7 2
16 1 19 2 21 
18 1 3 2 14 
6 1 3 2 3 
15 1 16 2 31 
1 1 10 2 22 
4 1 8 2 1 
9 1 41 2 7 

2 1
4 1
11 1 15 
13 1 32 
14 1 37 
4 1 19 
4 1
11 1 38 
10 1 24 
7 1 17 
14 1 36 

2 2
3 2
14 1 2 2 33 
7 1 22 2 27 
15 1 6 2 36 
1 1
14 2 6 

2 2
9 2
6 1 39 2 6 
8 1 37 2 11 
7 1 15 2 20 
3 1 33 2 1 
18 1 9 2 21 
9 1 2 2 7 
17 1 27 2 4 
4 1 26 2 1 
1 1 20 2 6 
9 1
2 2 12 
10 2 12 
18 2 20 
14 2 8 
16 2 32 
3 2 10 
1 2 1 
11 2 32 
15 2 1 

1 1
1 1
7 1 24 


10
2 1
10 1
8 1 42 
10 1 47 
2 1 35 
20 1 20 
3 1 11 
9 1 31 
18 1 15 
5 1 19 
19 1 22 
7 1 41 
7 1
15 1 48 
8 1 42 
16 1 32 
13 1 40 
14 1 31 
7 1 7 
2 1 32 

1 1
1 1
19 1 17 

2 1
4 1
18 1 20 
16 1 49 
13 1 12 
9 1 13 
7 1
20 1 38 
14 1 46 
15 1 35 
19 1 8 
10 1 35 
12 1 12 
8 1 15 

1 1
3 1
18 1 39 
10 1 40 
3 1 18 

1 1
3 1
17 1 25 
9 1 7 
1 1 32 

1 1
10 1
18 1 38 
5 1 13 
3 1 20 
10 1 30 
1 1 31 
9 1 7 
19 1 5 
4 1 30 
12 1 12 
17 1 27 

2 1
9 1
17 1 6 
8 1 42 
20 1 18 
6 1 27 
2 1 9 
12 1 8 
15 1 9 
13 1 15 
18 1 29 
10 1
11 1 10 
12 1 23 
7 1 37 
19 1 23 
20 1 24 
6 1 8 
8 1 25 
18 1 18 
13 1 23 
9 1 37 

1 1
1 1
6 1 30 

1 1
3 1
10 1 33 
9 1 25 
1 1 8 

2 2
9 2
20 1 34 2 3 
19 1 14 2 17 
3 1 18 2 2 
17 1 6 2 31 
9 1 27 2 1 
12 1 18 2 12 
18 1 12 2 11 
6 1 3 2 39 
16 1 9 2 17 
5 2
7 1 19 2 29 
20 1 9 2 10 
17 1 12 2 3 
9 1 27 2 4 
10 1 4 2 4 


10
2 2
6 2
15 1 36 2 5 
19 1 9 2 26 
14 1 5 2 6 
18 1 18 2 17 
11 1 12 2 2 
16 1 2 2 26 
3 2
7 1 14 2 8 
11 1 11 2 11 
4 1 2 2 33 

1 1
10 1
19 1 42 
12 1 28 
10 1 28 
17 1 10 
9 1 13 
15 1 46 
20 1 6 
14 1 36 
13 1 25 
7 1 24 

2 1
3 1
8 1 37 
7 1 12 
10 1 39 
8 1
20 1 29 
9 1 34 
3 1 10 
15 1 39 
12 1 25 
10 1 46 
5 1 8 
8 1 33 

2 2
5 1
15 2 16 
7 2 25 
4 2 2 
18 2 1 
13 2 1 
7 2
5 1 36 2 9 
16 1 18 2 10 
18 1 2 2 29 
20 1 7 2 16 
11 1 5 2 7 
6 1 10 2 8 
12 1 7 2 3 

2 2
7 2
8 1 8 2 14 
16 1 3 2 2 
6 1 25 2 21 
9 1 21 2 20 
15 1 18 2 3 
5 1 10 2 5 
18 1 7 2 7 
3 1
12 1 3 
10 1 7 
11 1 11 

2 2
7 1
16 1 18 
15 1 9 
11 1 26 
6 1 7 
12 1 5 
14 1 6 
9 1 44 
7 2
16 1 8 2 9 
4 1 4 2 3 
20 1 5 2 25 
11 1 26 2 14 
3 1 10 2 28 
9 1 17 2 16 
14 1 6 2 10 

1 1
1 1
6 1 27 

2 1
2 1
11 1 11 
3 1 39 
5 1
16 1 18 
2 1 42 
12 1 39 
15 1 45 
18 1 37 

2 1
9 1
11 1 36 
9 1 17 
3 1 14 
12 1 25 
7 1 21 
1 1 46 
2 1 35 
8 1 25 
15 1 18 
3 1
12 1 40 
14 1 20 
6 1 16 

2 1
5 1
12 1 26 
10 1 42 
1 1 24 
3 1 44 
16 1 42 
6 1
9 1 21 
16 1 17 
2 1 14 
19 1 49 
20 1 26 
12 1 42 


10
2 2
8 1
1 1 8 
17 1 45 
12 1 10 
11 1 15 
8 1 4 
6 1 14 
2 1 9 
7 1 18 
7 2
6 1 26 2 19 
3 1 10 2 18 
10 1 22 2 24 
4 1 13 2 4 
18 1 14 2 11 
9 1 11 2 1 
17 1 2 2 33 

1 1
6 1
15 1 5 
5 1 17 
13 1 49 
10 1 38 
4 1 31 
16 1 32 

2 2
3 2
19 1 2 2 28 
16 1 8 2 33 
13 1 2 2 6 
10 2
9 1 6 2 29 
2 1 34 2 13 
12 1 2 2 4 
17 1 3 2 5 
1 1 9 2 34 
16 1 13 2 30 
19 1 31 2 15 
14 1 20 2 3 
7 1 25 2 2 
8 1 36 2 4 

2 2
8 2
4 1 15 2 18 
19 1 14 2 31 
14 1 26 2 10 
16 1 32 2 12 
11 1 21 2 21 
12 1 22 2 23 
20 1 35 2 13 
10 1 6 2 13 
5 2
11 1 7 2 2 
18 1 9 2 14 
10 1 2 2 4 
4 1 21 2 16 
6 1 9 2 3 

2 1
10 1
3 1 21 
19 1 28 
15 1 22 
5 1 28 
7 1 14 
13 1 40 
20 1 36 
11 1 10 
8 1 25 
1 1 10 
6 1
11 1 23 
3 1 12 
13 1 28 
7 1 17 
8 1 28 
16 1 26 

1 1
4 1
20 1 35 
8 1 6 
10 1 27 
4 1 42 

1 1
7 1
11 1 40 
18 1 5 
14 1 10 
17 1 22 
20 1 19 
10 1 44 
16 1 5 

2 2
10 1
18 2 1 
5 2 7 
17 2 2 
13 2 30 
15 2 31 
2 2 3 
10 2 6 
9 2 9 
1 2 2 
6 2 2 
1 2
4 1 20 2 9 

1 1
1 1
6 1 26 

2 2
10 2
7 1 20 2 16 
20 1 2 2 39 
16 1 12 2 7 
3 1 2 2 14 
4 1 18 2 5 
1 1 17 2 3 
12 1 36 2 3 
15 1 8 2 29 
14 1 22 2 15 
13 1 9 2 26 
6 2
15 1 37 2 4 
10 1 31 2 4 
20 1 10 2 4 
8 1 2 2 5 
7 1 2 2 10 
17 1 17 2 1 


10
2 1
5 1
3 1 10 
13 1 21 
16 1 6 
8 1 41 
2 1 12 
6 1
11 1 42 
12 1 12 
18 1 36 
17 1 35 
4 1 32 
6 1 17 

1 1
10 1
7 1 15 
18 1 25 
20 1 49 
1 1 28 
5 1 41 
2 1 43 
3 1 9 
6 1 15 
9 1 17 
12 1 40 

1 1
3 1
6 1 35 
5 1 32 
3 1 46 

2 1
10 1
18 1 47 
17 1 39 
13 1 43 
10 1 14 
9 1 21 
7 1 39 
15 1 12 
12 1 32 
16 1 11 
8 1 45 
6 1
10 1 38 
18 1 39 
5 1 20 
14 1 8 
17 1 46 
12 1 40 

2 2
8 1
17 1 19 
8 1 7 
14 1 36 
20 1 17 
18 1 28 
1 1 17 
13 1 17 
15 1 30 
8 2
13 1 26 2 1 
18 1 3 2 19 
15 1 14 2 19 
12 1 3 2 43 
5 1 6 2 18 
9 1 43 2 4 
20 1 13 2 21 
14 1 28 2 7 

1 1
6 1
10 1 27 
15 1 31 
4 1 37 
19 1 39 
16 1 7 
12 1 39 

2 2
7 2
1 1 12 2 19 
13 1 25 2 16 
20 1 4 2 11 
5 1 32 2 8 
14 1 11 2 15 
15 1 7 2 14 
19 1 7 2 1 
3 2
16 1 9 2 16 
3 1 2 2 18 
2 1 11 2 1 

1 1
5 1
11 1 21 
19 1 11 
20 1 32 
14 1 33 
16 1 43 

2 1
4 1
7 1 26 
17 1 5 
19 1 47 
11 1 32 
7 1
8 1 27 
10 1 18 
4 1 10 
19 1 24 
13 1 28 
17 1 8 
6 1 30 

1 1
9 1
16 1 16 
18 1 22 
11 1 6 
15 1 5 
7 1 33 
10 1 38 
17 1 44 
5 1 44 
19 1 42 


