10 20 150 2 2

15
1 1
1 1
6 1 21 

2 1
1 1
2 1 32 
2 1
19 1 30 
8 1 42 

2 1
2 1
10 1 40 
15 1 25 
1 1
13 1 13 

2 2
1 1
2 1 9 
2 2
4 1 6 2 19 
10 1 27 2 6 

1 1
1 1
6 1 20 

2 2
1 2
19 1 6 2 2 
1 2
12 1 43 2 2 

2 2
2 1
15 2 4 
14 2 9 
2 2
6 1 7 2 27 
7 1 2 2 33 

2 1
1 1
16 1 5 
2 1
10 1 31 
17 1 35 

1 1
2 1
1 1 28 
19 1 29 

1 1
2 1
7 1 7 
1 1 48 

2 1
1 1
11 1 44 
1 1
6 1 6 

1 1
1 1
20 1 43 

2 2
1 1
19 2 10 
2 2
3 1 5 2 30 
17 1 2 2 8 

2 1
2 1
4 1 8 
16 1 19 
2 1
5 1 24 
10 1 5 

2 2
1 2
12 1 2 2 5 
2 1
4 1 11 
1 1 8 


15
2 1
1 1
10 1 39 
1 1
17 1 10 

2 1
2 1
15 1 17 
8 1 7 
2 1
2 1 28 
10 1 8 

1 1
2 1
16 1 18 
11 1 11 

2 1
1 1
4 1 24 
1 1
13 1 10 

1 1
2 1
7 1 20 
18 1 32 

2 1
2 1
15 1 41 
18 1 23 
1 1
5 1 14 

1 1
2 1
11 1 7 
8 1 49 

2 2
2 1
16 1 22 
5 1 22 
2 2
10 1 34 2 7 
18 1 2 2 12 

1 1
2 1
18 1 48 
3 1 15 

1 1
2 1
12 1 30 
4 1 27 

2 1
2 1
18 1 46 
2 1 29 
2 1
15 1 18 
4 1 32 

2 2
1 1
7 2 16 
2 2
9 1 17 2 6 
14 1 45 2 3 

2 1
1 1
19 1 38 
2 1
12 1 34 
3 1 24 

1 1
2 1
6 1 33 
16 1 34 

2 1
1 1
14 1 6 
1 1
1 1 37 


15
2 2
2 1
4 2 1 
19 2 22 
1 2
14 1 13 2 1 

1 1
2 1
2 1 18 
8 1 49 

2 2
2 2
20 1 27 2 6 
17 1 2 2 28 
2 1
15 2 17 
18 2 4 

2 1
2 1
19 1 13 
13 1 12 
1 1
8 1 41 

1 1
2 1
14 1 11 
6 1 23 

1 1
1 1
13 1 24 

2 2
2 1
3 1 8 
8 1 2 
1 2
19 1 27 2 21 

1 1
2 1
17 1 36 
1 1 27 

1 1
2 1
8 1 9 
14 1 45 

1 1
2 1
13 1 33 
19 1 23 

1 1
1 1
18 1 26 

2 2
2 2
1 1 2 2 3 
12 1 18 2 25 
1 1
7 1 3 

1 1
1 1
5 1 7 

2 2
2 2
9 1 33 2 15 
18 1 10 2 32 
2 1
8 2 11 
15 2 2 

1 1
1 1
2 1 37 


15
2 2
2 2
20 1 42 2 2 
3 1 22 2 19 
1 2
18 1 15 2 31 

1 1
1 1
2 1 34 

1 1
1 1
8 1 25 

2 2
1 1
7 2 7 
2 2
1 1 9 2 22 
18 1 4 2 3 

1 1
2 1
3 1 22 
12 1 42 

2 2
1 2
10 1 14 2 8 
1 2
8 1 14 2 33 

1 1
1 1
16 1 13 

1 1
2 1
1 1 15 
8 1 18 

2 2
2 2
18 1 30 2 18 
5 1 18 2 29 
2 1
7 2 10 
14 2 4 

1 1
1 1
14 1 13 

2 2
1 2
1 1 6 2 22 
1 1
19 2 10 

2 1
1 1
16 1 25 
2 1
7 1 49 
8 1 28 

1 1
2 1
17 1 7 
18 1 10 

1 1
1 1
4 1 28 

2 2
2 2
14 1 7 2 4 
11 1 6 2 1 
2 1
18 2 4 
16 2 2 


15
1 1
1 1
20 1 23 

2 1
2 1
6 1 5 
3 1 34 
2 1
2 1 37 
7 1 24 

1 1
1 1
9 1 30 

2 1
1 1
19 1 34 
1 1
11 1 6 

1 1
2 1
10 1 28 
1 1 36 

2 2
1 1
10 1 27 
1 2
9 1 22 2 24 

2 1
1 1
5 1 32 
2 1
8 1 26 
18 1 49 

1 1
1 1
17 1 15 

2 2
1 1
8 1 22 
2 2
19 1 26 2 12 
16 1 11 2 25 

1 1
2 1
2 1 36 
20 1 21 

1 1
1 1
6 1 12 

1 1
1 1
10 1 41 

2 1
1 1
15 1 5 
2 1
9 1 47 
20 1 32 

2 1
1 1
16 1 49 
1 1
19 1 26 

2 2
2 2
13 1 16 2 22 
15 1 2 2 14 
1 1
10 2 2 


15
2 1
1 1
17 1 49 
2 1
18 1 17 
3 1 32 

2 1
1 1
15 1 34 
1 1
14 1 8 

2 1
2 1
12 1 17 
9 1 27 
1 1
6 1 35 

2 1
1 1
13 1 13 
2 1
4 1 27 
14 1 15 

2 1
2 1
11 1 47 
4 1 15 
2 1
3 1 11 
20 1 9 

2 2
2 2
19 1 2 2 17 
18 1 10 2 3 
1 2
16 1 2 2 22 

2 2
2 2
1 1 12 2 31 
6 1 2 2 25 
1 2
14 1 2 2 7 

1 1
1 1
14 1 29 

2 2
2 2
2 1 19 2 3 
1 1 17 2 2 
2 1
9 2 35 
5 2 7 

2 2
1 1
1 2 7 
2 2
12 1 5 2 4 
20 1 35 2 5 

1 1
2 1
2 1 20 
19 1 44 

2 2
1 1
8 1 14 
1 2
6 1 7 2 38 

1 1
2 1
9 1 15 
2 1 13 

1 1
2 1
10 1 32 
1 1 49 

2 2
1 2
3 1 9 2 23 
1 2
2 1 27 2 1 


15
1 1
2 1
10 1 11 
14 1 20 

2 2
1 2
5 1 21 2 12 
1 2
8 1 34 2 5 

1 1
2 1
19 1 25 
10 1 5 

1 1
1 1
2 1 32 

2 1
2 1
13 1 49 
17 1 16 
1 1
5 1 48 

2 1
2 1
13 1 41 
3 1 45 
2 1
15 1 5 
9 1 38 

2 1
2 1
4 1 33 
20 1 14 
2 1
9 1 38 
6 1 20 

1 1
2 1
12 1 42 
2 1 35 

2 1
2 1
18 1 8 
12 1 13 
2 1
14 1 28 
5 1 14 

2 1
1 1
1 1 5 
2 1
7 1 27 
15 1 15 

2 2
1 2
16 1 18 2 5 
2 1
2 1 9 
6 1 5 

2 2
1 1
1 1 12 
2 2
20 1 13 2 9 
14 1 16 2 4 

2 1
1 1
15 1 14 
1 1
10 1 14 

1 1
2 1
13 1 12 
6 1 36 

2 2
1 2
2 1 27 2 2 
2 2
20 1 14 2 28 
4 1 23 2 17 


15
1 1
2 1
3 1 11 
13 1 43 

1 1
2 1
12 1 15 
7 1 17 

1 1
2 1
12 1 10 
2 1 34 

2 2
1 2
16 1 24 2 24 
2 2
6 1 30 2 3 
1 1 2 2 7 

2 2
2 1
17 1 9 
10 1 22 
1 2
15 1 8 2 27 

1 1
2 1
17 1 26 
3 1 42 

2 1
2 1
8 1 42 
18 1 35 
1 1
17 1 9 

1 1
2 1
13 1 45 
18 1 17 

1 1
2 1
3 1 38 
11 1 24 

1 1
1 1
4 1 44 

1 1
1 1
1 1 9 

2 1
1 1
19 1 13 
2 1
20 1 30 
5 1 16 

2 1
1 1
4 1 34 
2 1
11 1 10 
12 1 36 

2 2
2 1
18 1 17 
6 1 11 
2 2
13 1 9 2 1 
7 1 21 2 9 

1 1
2 1
10 1 46 
17 1 38 


15
1 1
2 1
20 1 43 
13 1 22 

1 1
2 1
19 1 5 
11 1 42 

2 1
2 1
16 1 10 
15 1 35 
2 1
11 1 5 
6 1 20 

1 1
2 1
16 1 38 
9 1 45 

2 1
1 1
10 1 36 
1 1
18 1 27 

2 1
2 1
1 1 17 
12 1 15 
1 1
10 1 49 

1 1
1 1
20 1 35 

2 1
2 1
15 1 19 
5 1 35 
1 1
18 1 47 

1 1
1 1
1 1 6 

2 2
1 2
17 1 7 2 19 
2 1
11 1 15 
9 1 8 

1 1
2 1
14 1 11 
4 1 5 

2 2
2 2
18 1 39 2 6 
5 1 14 2 30 
2 1
19 2 5 
12 2 2 

1 1
1 1
6 1 46 

1 1
1 1
5 1 42 

2 1
2 1
10 1 36 
20 1 28 
1 1
9 1 49 


15
1 1
1 1
17 1 42 

2 2
2 2
9 1 7 2 22 
2 1 23 2 9 
1 1
11 1 23 

2 1
2 1
1 1 14 
20 1 31 
1 1
2 1 11 

1 1
1 1
12 1 46 

1 1
1 1
9 1 23 

1 1
2 1
8 1 21 
14 1 30 

2 1
2 1
12 1 41 
3 1 29 
2 1
5 1 11 
11 1 18 

1 1
1 1
16 1 49 

2 2
2 2
2 1 4 2 13 
9 1 23 2 18 
1 2
1 1 2 2 28 

1 1
1 1
14 1 37 

2 1
1 1
12 1 6 
1 1
1 1 47 

2 2
2 2
17 1 11 2 21 
2 1 3 2 26 
1 1
13 2 3 

2 2
1 2
10 1 2 2 13 
2 2
5 1 2 2 11 
20 1 26 2 21 

1 1
2 1
10 1 42 
14 1 26 

2 1
1 1
19 1 27 
1 1
13 1 6 


