10 20 100 5 5

10
4 2
1 1
1 1 3 
2 1
20 2 8 
15 2 7 
1 2
14 1 5 2 19 
1 2
18 1 8 2 38 

4 4
2 3
9 2 2 3 30 4 4 
6 2 7 3 5 4 9 
2 4
15 1 10 2 6 3 5 4 15 
14 1 13 2 2 3 28 4 6 
1 1
7 3 21 
1 2
12 2 2 3 2 

5 3
1 2
11 1 18 2 13 
2 3
8 1 2 2 3 3 1 
1 1 9 2 10 3 2 
1 3
16 1 2 2 3 3 2 
1 1
15 3 24 
2 3
3 1 31 2 3 3 14 
17 1 5 2 5 3 6 

4 3
2 3
3 1 8 2 6 3 3 
13 1 7 2 3 3 19 
1 2
15 2 4 3 1 
1 3
11 1 8 2 1 3 8 
1 1
20 3 7 

4 1
1 1
1 1 6 
2 1
8 1 43 
14 1 10 
1 1
19 1 46 
2 1
6 1 43 
12 1 32 

5 5
2 2
19 1 4 2 9 
12 1 3 2 5 
1 5
2 1 4 2 2 3 11 4 10 5 6 
2 1
6 4 6 
16 4 23 
1 2
14 1 2 2 21 
1 4
1 2 4 3 7 4 12 5 1 

2 1
2 1
17 1 46 
19 1 7 
1 1
7 1 23 

5 4
1 2
3 3 1 4 2 
1 2
16 3 1 4 3 
1 4
5 1 3 2 1 3 1 4 1 
2 1
14 3 16 
1 3 5 
2 2
20 3 1 4 4 
7 3 2 4 4 

3 3
2 3
4 1 18 2 2 3 1 
5 1 6 2 2 3 8 
2 1
3 3 5 
11 3 2 
2 3
17 1 8 2 1 3 1 
9 1 43 2 2 3 1 

2 2
2 2
10 1 11 2 4 
14 1 11 2 1 
2 1
4 1 27 
6 1 2 


10
5 1
2 1
16 1 16 
11 1 24 
2 1
5 1 13 
17 1 46 
1 1
2 1 25 
1 1
7 1 40 
2 1
12 1 34 
10 1 48 

2 2
1 2
6 1 10 2 7 
2 1
2 2 3 
12 2 1 

3 2
2 1
9 1 6 
20 1 27 
1 2
10 1 7 2 3 
2 2
4 1 29 2 7 
17 1 13 2 34 

5 2
2 2
17 1 3 2 5 
12 1 28 2 11 
1 2
13 1 16 2 11 
1 1
10 2 10 
2 1
19 2 12 
6 2 30 
2 1
11 2 9 
14 2 2 

3 3
2 3
4 1 19 2 8 3 11 
14 1 7 2 13 3 14 
2 2
15 1 12 2 10 
18 1 2 2 27 
1 2
5 2 4 3 13 

3 2
2 1
15 2 10 
20 2 3 
1 2
14 1 4 2 4 
2 2
11 1 12 2 16 
16 1 4 2 37 

2 2
1 2
7 1 8 2 13 
1 1
4 2 35 

5 1
2 1
3 1 26 
18 1 12 
2 1
10 1 38 
9 1 25 
1 1
5 1 31 
2 1
2 1 41 
7 1 21 
2 1
11 1 9 
19 1 15 

1 1
1 1
13 1 14 

3 1
2 1
17 1 11 
7 1 5 
1 1
9 1 23 
2 1
15 1 33 
5 1 10 


10
2 2
1 2
1 1 7 2 14 
1 2
8 1 8 2 27 

2 1
2 1
17 1 39 
20 1 23 
2 1
13 1 39 
11 1 12 

3 3
1 3
1 1 26 2 1 3 11 
1 2
3 2 8 3 14 
2 1
15 2 4 
11 2 8 

2 1
2 1
18 1 48 
10 1 17 
1 1
14 1 10 

4 1
2 1
15 1 37 
12 1 35 
2 1
14 1 24 
2 1 49 
2 1
11 1 37 
1 1 34 
1 1
13 1 47 

4 4
1 4
18 1 12 2 2 3 4 4 7 
1 4
7 1 4 2 4 3 3 4 1 
1 1
5 1 10 
1 2
2 2 14 3 13 

1 1
1 1
18 1 32 

2 1
1 1
5 1 16 
1 1
9 1 5 

1 1
2 1
3 1 20 
16 1 26 

2 1
1 1
2 1 7 
1 1
17 1 35 


10
5 3
1 1
12 3 15 
2 1
20 1 4 
8 1 5 
2 3
17 1 20 2 5 3 20 
19 1 2 2 12 3 11 
2 2
4 1 3 2 25 
16 1 8 2 14 
1 2
7 1 24 2 8 

2 1
1 1
5 1 5 
2 1
1 1 5 
19 1 41 

5 3
1 1
13 3 3 
1 1
17 3 19 
1 2
11 2 5 3 5 
1 2
1 1 2 2 2 
1 3
15 1 2 2 10 3 4 

1 1
1 1
18 1 24 

4 2
1 2
11 1 3 2 2 
1 1
5 2 9 
1 1
15 1 22 
2 2
4 1 3 2 3 
3 1 17 2 5 

3 1
2 1
14 1 5 
12 1 38 
2 1
10 1 21 
19 1 26 
2 1
3 1 21 
16 1 15 

1 1
2 1
1 1 14 
18 1 46 

4 2
1 2
9 1 6 2 6 
1 1
2 2 2 
2 1
18 1 3 
4 1 33 
1 1
1 2 18 

2 1
2 1
20 1 30 
17 1 16 
2 1
2 1 44 
4 1 37 

1 1
1 1
14 1 15 


10
5 3
2 2
7 1 3 2 1 
19 1 7 2 8 
2 3
3 1 16 2 6 3 20 
17 1 2 2 23 3 1 
1 1
6 3 5 
1 3
15 1 5 2 10 3 2 
2 2
14 1 3 2 10 
16 1 6 2 7 

4 2
2 1
6 2 36 
2 2 20 
2 1
1 2 6 
12 2 28 
1 2
3 1 10 2 6 
1 1
16 1 11 

2 2
2 2
13 1 2 2 22 
1 1 11 2 33 
2 2
20 1 10 2 11 
8 1 8 2 3 

1 1
2 1
6 1 34 
1 1 39 

2 1
1 1
13 1 45 
2 1
18 1 44 
10 1 29 

1 1
2 1
2 1 13 
14 1 38 

5 1
2 1
18 1 48 
4 1 40 
1 1
7 1 12 
2 1
8 1 5 
5 1 40 
2 1
15 1 32 
11 1 45 
1 1
1 1 46 

3 1
2 1
16 1 42 
6 1 7 
1 1
9 1 9 
1 1
2 1 32 

4 1
2 1
9 1 20 
7 1 46 
1 1
11 1 14 
1 1
17 1 35 
2 1
4 1 28 
20 1 9 

4 2
1 1
7 1 22 
1 1
12 2 33 
1 2
5 1 14 2 11 
2 1
9 1 24 
18 1 16 


10
1 1
1 1
10 1 37 

4 3
2 3
4 1 8 2 3 3 4 
7 1 29 2 5 3 2 
1 3
19 1 3 2 4 3 12 
2 3
12 1 3 2 9 3 16 
17 1 2 2 2 3 8 
1 2
13 2 16 3 7 

4 3
1 1
20 2 2 
2 1
3 3 1 
16 3 6 
2 1
6 3 4 
15 3 2 
2 3
11 1 10 2 13 3 6 
12 1 2 2 13 3 4 

3 3
1 2
4 2 11 3 7 
2 2
7 1 5 2 5 
14 1 7 2 8 
2 3
11 1 2 2 5 3 2 
13 1 4 2 7 3 24 

4 3
2 3
4 1 27 2 3 3 17 
1 1 5 2 18 3 18 
1 1
7 1 4 
2 2
3 1 2 2 4 
15 1 9 2 1 
2 3
9 1 3 2 2 3 3 
11 1 28 2 2 3 19 

3 1
2 1
13 1 33 
16 1 36 
2 1
8 1 47 
18 1 13 
2 1
15 1 46 
6 1 49 

2 2
1 2
13 1 2 2 39 
2 1
18 2 1 
6 2 18 

5 4
2 2
10 3 6 4 12 
5 3 3 4 1 
1 4
1 1 2 2 1 3 10 4 13 
2 2
6 2 7 3 8 
9 2 2 3 1 
2 4
15 1 4 2 13 3 4 4 1 
14 1 13 2 5 3 11 4 2 
2 1
16 3 15 
8 3 4 

4 1
2 1
18 1 45 
6 1 27 
1 1
13 1 48 
1 1
12 1 32 
2 1
16 1 9 
17 1 28 

2 1
1 1
8 1 18 
1 1
14 1 33 


10
2 2
1 1
16 2 3 
2 2
13 1 16 2 12 
3 1 7 2 1 

5 1
1 1
18 1 23 
2 1
3 1 7 
10 1 29 
1 1
14 1 8 
1 1
9 1 13 
1 1
20 1 18 

3 3
2 1
12 2 4 
11 2 3 
1 2
17 2 3 3 1 
2 3
8 1 7 2 29 3 7 
16 1 3 2 4 3 4 

5 4
1 1
8 1 4 
1 4
2 1 2 2 6 3 4 4 7 
2 1
11 1 3 
4 1 5 
2 1
13 1 3 
18 1 2 
2 1
1 2 1 
7 2 2 

2 2
2 2
18 1 2 2 6 
16 1 16 2 22 
2 2
17 1 3 2 14 
4 1 13 2 20 

5 2
2 2
16 1 25 2 5 
3 1 18 2 30 
2 1
2 2 12 
15 2 8 
1 2
14 1 6 2 5 
2 2
8 1 9 2 12 
17 1 25 2 3 
2 1
11 2 3 
20 2 1 

4 1
1 1
17 1 32 
1 1
20 1 42 
2 1
3 1 26 
14 1 46 
1 1
19 1 19 

5 2
1 2
15 1 11 2 34 
2 2
16 1 35 2 13 
19 1 33 2 12 
1 1
20 2 1 
2 1
2 1 11 
14 1 15 
2 1
17 1 11 
9 1 10 

1 1
1 1
3 1 29 

1 1
1 1
11 1 42 


10
1 1
2 1
6 1 21 
20 1 8 

5 4
2 1
4 4 6 
20 4 12 
1 4
19 1 9 2 6 3 18 4 3 
1 4
5 1 7 2 16 3 3 4 2 
2 1
8 2 4 
15 2 2 
1 4
6 1 5 2 4 3 11 4 4 

1 1
1 1
20 1 15 

3 1
2 1
18 1 48 
13 1 9 
1 1
8 1 31 
2 1
11 1 21 
16 1 35 

5 1
2 1
15 1 17 
7 1 22 
2 1
20 1 28 
6 1 5 
2 1
19 1 36 
11 1 12 
2 1
2 1 40 
4 1 42 
1 1
8 1 11 

3 1
1 1
11 1 37 
2 1
14 1 16 
13 1 41 
1 1
12 1 12 

1 1
2 1
9 1 19 
15 1 42 

3 2
2 2
5 1 10 2 19 
20 1 18 2 25 
1 1
10 2 9 
2 1
4 2 7 
12 2 3 

2 2
1 2
4 1 14 2 2 
2 2
13 1 7 2 5 
1 1 7 2 31 

5 2
1 1
2 1 17 
1 1
13 1 16 
2 1
15 1 13 
7 1 5 
1 1
14 1 23 
2 2
8 1 10 2 17 
17 1 4 2 3 


10
3 1
1 1
18 1 20 
1 1
12 1 20 
1 1
11 1 26 

2 2
2 2
11 1 7 2 12 
13 1 16 2 18 
2 1
20 1 5 
18 1 17 

1 1
2 1
19 1 31 
10 1 35 

1 1
2 1
8 1 42 
13 1 22 

1 1
2 1
13 1 15 
11 1 27 

3 3
1 1
3 2 2 
1 1
6 3 19 
1 3
19 1 9 2 4 3 13 

5 3
1 3
4 1 5 2 1 3 5 
2 1
10 2 13 
5 2 8 
2 1
1 1 26 
18 1 2 
1 1
9 2 7 
2 2
13 2 3 3 4 
11 2 26 3 8 

1 1
1 1
8 1 8 

2 2
1 1
18 1 12 
2 2
2 1 6 2 24 
19 1 19 2 15 

5 2
2 2
6 1 30 2 18 
8 1 25 2 22 
2 1
12 1 18 
18 1 4 
1 2
5 1 11 2 4 
1 1
16 2 2 
1 2
2 1 19 2 3 


10
3 3
1 3
13 1 10 2 6 3 10 
2 3
1 1 33 2 7 3 4 
10 1 4 2 15 3 12 
2 1
14 3 2 
4 3 2 

4 2
2 1
6 1 26 
2 1 5 
2 2
19 1 6 2 6 
14 1 15 2 3 
2 1
10 1 9 
17 1 38 
1 2
4 1 44 2 3 

5 4
2 4
11 1 17 2 3 3 1 4 5 
20 1 5 2 3 3 7 4 1 
1 3
18 2 11 3 3 4 3 
1 2
4 1 5 2 5 
2 2
6 3 4 4 4 
10 3 6 4 5 
2 4
1 1 3 2 1 3 1 4 1 
2 1 2 2 12 3 4 4 3 

5 1
1 1
19 1 26 
1 1
15 1 14 
2 1
5 1 46 
9 1 23 
2 1
6 1 17 
4 1 44 
2 1
7 1 31 
12 1 8 

5 2
1 1
15 2 14 
2 2
16 1 3 2 29 
19 1 15 2 4 
1 2
18 1 11 2 10 
1 1
1 2 3 
1 1
13 2 6 

5 2
2 2
16 1 13 2 12 
5 1 5 2 9 
2 2
20 1 3 2 4 
17 1 20 2 2 
1 2
3 1 2 2 5 
2 2
10 1 3 2 4 
13 1 16 2 4 
1 1
19 1 3 

3 1
1 1
7 1 27 
1 1
1 1 40 
2 1
12 1 25 
15 1 30 

2 1
2 1
6 1 13 
19 1 49 
2 1
1 1 8 
16 1 11 

4 1
1 1
7 1 31 
2 1
4 1 31 
18 1 19 
2 1
8 1 47 
15 1 23 
2 1
16 1 37 
2 1 43 

1 1
2 1
15 1 33 
2 1 8 


