10 20 100 5 5

10
3 2
2 2
7 1 6 2 38 
12 1 16 2 24 
1 1
18 1 5 
1 2
14 1 26 2 6 

3 1
1 1
4 1 20 
2 1
11 1 19 
17 1 21 
1 1
8 1 14 

2 2
2 1
9 2 3 
12 2 28 
2 2
7 1 17 2 6 
6 1 20 2 12 

3 1
2 1
3 1 20 
12 1 29 
2 1
2 1 31 
5 1 42 
2 1
16 1 37 
8 1 9 

4 1
1 1
17 1 36 
1 1
16 1 16 
1 1
5 1 6 
1 1
11 1 35 

1 1
2 1
5 1 10 
3 1 39 

4 1
1 1
10 1 11 
1 1
13 1 38 
1 1
6 1 34 
2 1
5 1 33 
3 1 44 

5 3
2 1
18 2 12 
8 2 8 
2 2
17 2 8 3 14 
7 2 1 3 22 
1 2
14 2 24 3 1 
1 3
12 1 10 2 4 3 6 
1 3
13 1 33 2 2 3 2 

2 1
2 1
20 1 17 
8 1 24 
2 1
15 1 41 
14 1 30 

5 4
2 1
15 3 2 
20 3 4 
2 1
3 3 13 
18 3 12 
2 3
19 2 3 3 1 4 1 
13 2 6 3 3 4 1 
2 4
17 1 9 2 10 3 7 4 3 
5 1 3 2 16 3 6 4 14 
1 4
11 1 2 2 1 3 2 4 1 


10
2 2
2 1
12 2 18 
1 2 1 
2 2
16 1 3 2 31 
7 1 13 2 28 

3 1
1 1
4 1 41 
1 1
18 1 36 
2 1
13 1 17 
2 1 37 

4 3
1 2
5 1 3 2 7 
2 2
16 2 12 3 24 
17 2 2 3 10 
2 1
13 3 5 
1 3 17 
2 3
3 1 19 2 5 3 14 
14 1 2 2 2 3 5 

1 1
1 1
12 1 33 

4 2
1 2
1 1 16 2 14 
1 1
3 2 6 
1 2
16 1 38 2 2 
2 1
7 1 17 
10 1 22 

3 2
1 1
6 1 45 
1 1
11 2 26 
1 2
10 1 11 2 33 

5 2
2 1
13 2 3 
6 2 20 
1 1
11 2 1 
1 2
18 1 10 2 35 
2 1
1 2 18 
8 2 17 
2 2
2 1 20 2 1 
12 1 7 2 17 

1 1
1 1
9 1 41 

2 2
2 2
15 1 28 2 10 
20 1 18 2 12 
2 1
7 2 2 
3 2 14 

1 1
2 1
7 1 6 
3 1 8 


10
1 1
2 1
14 1 29 
9 1 17 

2 2
1 1
16 1 16 
2 2
15 1 17 2 18 
20 1 12 2 37 

4 2
2 1
5 2 16 
10 2 6 
1 1
19 2 3 
1 2
16 1 17 2 28 
2 2
7 1 16 2 2 
15 1 28 2 1 

1 1
1 1
19 1 49 

4 2
1 1
12 1 26 
1 1
2 2 9 
2 2
11 1 3 2 30 
18 1 4 2 11 
2 2
4 1 28 2 12 
15 1 3 2 7 

3 3
1 1
9 1 12 
1 3
17 1 2 2 1 3 4 
1 3
15 1 14 2 5 3 1 

1 1
2 1
7 1 14 
16 1 32 

5 3
2 2
5 1 5 2 30 
7 1 17 2 5 
2 1
18 2 22 
9 2 3 
2 3
11 1 14 2 1 3 1 
2 1 32 2 5 3 5 
1 2
16 1 9 2 14 
1 1
15 2 2 

3 1
1 1
8 1 35 
1 1
18 1 34 
1 1
4 1 38 

5 2
2 1
17 1 12 
2 1 6 
1 1
3 2 26 
2 1
4 2 8 
20 2 7 
2 2
15 1 14 2 3 
9 1 15 2 25 
2 2
18 1 7 2 3 
11 1 19 2 17 


10
2 2
2 1
14 1 3 
18 1 14 
2 2
6 1 7 2 11 
11 1 27 2 18 

3 3
1 3
18 1 18 2 8 3 2 
2 1
5 1 8 
7 1 21 
2 2
16 1 15 2 8 
19 1 17 2 6 

5 3
1 3
15 1 7 2 1 3 3 
2 2
13 2 18 3 5 
5 2 22 3 2 
1 3
18 1 11 2 24 3 3 
2 3
12 1 6 2 9 3 13 
10 1 20 2 3 3 3 
2 2
3 2 12 3 17 
1 2 4 3 3 

5 4
1 1
5 1 7 
2 1
4 3 5 
15 3 2 
2 4
1 1 25 2 3 3 1 4 12 
6 1 13 2 7 3 7 4 13 
2 4
20 1 4 2 6 3 7 4 7 
17 1 3 2 3 3 15 4 4 
1 1
13 3 7 

4 4
2 3
1 1 21 2 5 3 12 
7 1 2 2 1 3 2 
1 1
19 2 12 
1 4
20 1 3 2 2 3 2 4 1 
2 1
14 4 2 
5 4 8 

4 1
1 1
18 1 20 
2 1
14 1 13 
13 1 24 
2 1
2 1 27 
9 1 28 
1 1
20 1 10 

2 1
2 1
18 1 42 
12 1 19 
1 1
17 1 41 

3 2
1 2
10 1 5 2 4 
1 1
4 1 23 
1 2
5 1 15 2 3 

4 4
1 4
11 1 12 2 5 3 3 4 3 
2 1
18 2 1 
9 2 4 
2 2
4 2 3 3 3 
5 2 9 3 2 
1 4
12 1 14 2 9 3 3 4 17 

4 4
2 3
13 1 4 2 1 3 6 
2 1 2 2 2 3 14 
1 2
11 1 2 2 10 
2 4
20 1 23 2 1 3 17 4 5 
8 1 2 2 3 3 5 4 16 
1 3
5 2 6 3 3 4 2 


10
5 5
1 1
11 4 1 
1 3
15 2 2 3 1 4 4 
2 5
7 1 3 2 2 3 4 4 2 5 4 
2 1 8 2 4 3 3 4 5 5 3 
2 2
13 2 1 3 2 
17 2 2 3 2 
2 1
20 2 4 
16 2 8 

2 2
1 2
10 1 3 2 25 
1 2
5 1 10 2 19 

4 4
1 3
19 1 5 2 6 3 26 
2 1
8 1 16 
1 1 3 
2 1
20 2 7 
5 2 14 
1 4
9 1 2 2 3 3 3 4 1 

4 2
2 1
11 2 29 
13 2 10 
1 2
1 1 4 2 2 
1 1
12 2 3 
1 2
10 1 24 2 19 

2 1
2 1
14 1 49 
10 1 21 
1 1
11 1 30 

2 1
1 1
6 1 13 
2 1
10 1 33 
1 1 36 

2 1
2 1
7 1 40 
3 1 18 
1 1
18 1 36 

3 1
2 1
5 1 43 
4 1 9 
1 1
13 1 25 
1 1
17 1 41 

5 2
2 1
11 1 3 
8 1 2 
2 2
13 1 23 2 3 
10 1 27 2 22 
2 2
9 1 46 2 1 
6 1 3 2 22 
2 2
2 1 8 2 34 
14 1 6 2 9 
2 1
19 2 12 
1 2 20 

3 1
2 1
8 1 44 
11 1 21 
1 1
4 1 21 
1 1
19 1 34 


10
2 1
1 1
8 1 11 
1 1
20 1 32 

2 2
1 1
7 1 39 
1 2
14 1 10 2 37 

4 1
1 1
6 1 45 
2 1
3 1 41 
4 1 42 
1 1
17 1 6 
2 1
1 1 16 
10 1 40 

1 1
2 1
2 1 21 
6 1 29 

2 1
1 1
8 1 41 
2 1
5 1 42 
3 1 31 

5 3
1 3
13 1 5 2 14 3 26 
2 3
10 1 8 2 5 3 1 
6 1 5 2 13 3 9 
2 1
11 1 3 
4 1 11 
2 3
20 1 6 2 14 3 6 
16 1 6 2 4 3 10 
1 1
17 2 1 

5 1
2 1
11 1 28 
5 1 9 
1 1
9 1 47 
2 1
3 1 28 
16 1 43 
2 1
17 1 16 
7 1 7 
1 1
13 1 45 

4 1
1 1
7 1 14 
2 1
13 1 13 
15 1 37 
2 1
10 1 13 
5 1 47 
2 1
19 1 17 
6 1 9 

5 1
2 1
13 1 34 
7 1 49 
2 1
14 1 16 
20 1 49 
1 1
15 1 42 
2 1
1 1 5 
12 1 49 
2 1
16 1 13 
6 1 31 

2 2
2 2
7 1 6 2 16 
10 1 11 2 3 
2 2
11 1 9 2 2 
13 1 5 2 1 


10
4 4
2 3
1 2 5 3 6 4 2 
20 2 3 3 2 4 1 
2 3
16 2 2 3 6 4 1 
11 2 7 3 5 4 1 
1 4
14 1 12 2 5 3 4 4 1 
1 2
15 2 18 3 9 

1 1
1 1
17 1 5 

4 2
1 2
10 1 26 2 13 
1 1
7 2 11 
1 2
12 1 6 2 4 
2 1
13 2 24 
1 2 10 

2 1
2 1
9 1 30 
5 1 47 
1 1
10 1 46 

2 2
2 2
5 1 18 2 19 
12 1 10 2 1 
2 1
7 2 18 
20 2 22 

1 1
1 1
11 1 21 

3 2
1 2
14 1 10 2 1 
2 1
15 2 8 
9 2 18 
2 1
6 2 5 
17 2 29 

4 4
2 2
14 1 2 2 1 
13 1 12 2 4 
2 1
8 2 2 
18 2 4 
2 3
15 2 3 3 7 4 1 
2 2 10 3 21 4 10 
1 4
17 1 16 2 20 3 8 4 1 

5 5
2 4
18 2 2 3 3 4 5 5 3 
6 2 4 3 19 4 2 5 1 
1 5
11 1 2 2 15 3 5 4 2 5 15 
2 4
12 1 2 2 4 3 3 4 3 
17 1 4 2 5 3 3 4 6 
1 5
10 1 3 2 15 3 2 4 4 5 3 
2 3
19 3 11 4 14 5 6 
16 3 10 4 9 5 1 

5 1
2 1
5 1 13 
11 1 28 
2 1
14 1 12 
12 1 46 
1 1
8 1 12 
2 1
6 1 30 
16 1 20 
1 1
7 1 36 


10
2 1
1 1
16 1 11 
1 1
11 1 10 

5 5
2 1
7 3 8 
4 3 1 
1 3
8 3 15 4 3 5 6 
1 2
5 3 4 4 1 
2 5
14 1 2 2 2 3 2 4 1 5 1 
2 1 4 2 3 3 2 4 6 5 1 
1 2
19 2 6 3 2 

3 3
1 3
15 1 20 2 8 3 5 
2 1
19 3 12 
13 3 21 
2 3
9 1 6 2 5 3 3 
5 1 3 2 4 3 18 

1 1
1 1
15 1 9 

1 1
1 1
17 1 42 

3 3
1 1
3 1 2 
2 1
6 2 5 
12 2 10 
2 3
18 1 3 2 6 3 7 
9 1 16 2 2 3 10 

5 1
1 1
18 1 26 
2 1
14 1 11 
12 1 9 
2 1
6 1 27 
4 1 46 
1 1
20 1 9 
2 1
9 1 45 
3 1 47 

2 1
2 1
15 1 32 
10 1 18 
1 1
12 1 47 

2 1
1 1
8 1 48 
2 1
18 1 30 
4 1 24 

4 3
1 2
19 1 10 2 7 
1 1
13 1 19 
2 3
7 1 3 2 25 3 12 
1 1 33 2 5 3 4 
1 2
11 1 3 2 11 


10
1 1
2 1
15 1 6 
4 1 22 

3 3
1 3
19 1 7 2 2 3 5 
2 2
5 1 32 2 4 
18 1 16 2 13 
2 2
15 2 23 3 4 
20 2 10 3 2 

5 4
2 2
18 2 5 3 19 
5 2 2 3 3 
2 1
10 4 28 
15 4 9 
2 3
20 1 6 2 3 3 2 
19 1 2 2 6 3 7 
2 2
3 2 14 3 6 
13 2 2 3 1 
2 4
11 1 5 2 10 3 2 4 1 
12 1 4 2 3 3 6 4 4 

2 2
2 1
2 1 40 
5 1 17 
2 2
13 1 9 2 17 
1 1 12 2 1 

5 4
2 2
18 2 1 3 29 
13 2 1 3 1 
2 1
15 2 11 
7 2 12 
2 1
14 3 16 
10 3 8 
1 1
1 1 8 
2 4
2 1 12 2 9 3 11 4 2 
11 1 4 2 9 3 6 4 2 

4 1
1 1
16 1 9 
1 1
11 1 19 
2 1
14 1 36 
3 1 17 
1 1
20 1 13 

5 5
2 4
6 2 17 3 2 4 9 5 4 
13 2 3 3 2 4 2 5 1 
1 5
14 1 2 2 2 3 1 4 2 5 1 
1 5
8 1 13 2 5 3 2 4 5 5 24 
1 2
9 1 10 2 10 
2 1
3 3 14 
7 3 2 

4 2
1 2
16 1 5 2 39 
2 2
9 1 5 2 4 
13 1 3 2 9 
1 1
1 2 25 
1 1
15 2 5 

5 4
2 1
4 2 6 
3 2 6 
2 1
19 1 23 
18 1 4 
2 4
10 1 3 2 1 3 2 4 1 
1 1 2 2 17 3 6 4 5 
2 1
20 4 5 
8 4 4 
1 3
11 2 1 3 1 4 1 

3 1
1 1
12 1 42 
2 1
3 1 35 
13 1 17 
1 1
19 1 29 


10
1 1
2 1
3 1 11 
2 1 22 

3 1
2 1
9 1 26 
10 1 17 
2 1
17 1 9 
12 1 20 
1 1
20 1 21 

1 1
2 1
1 1 22 
16 1 43 

5 3
2 3
6 1 8 2 11 3 1 
9 1 3 2 19 3 13 
2 2
7 1 3 2 12 
13 1 3 2 5 
1 2
12 1 14 2 5 
1 1
17 1 2 
1 1
19 3 11 

4 3
2 2
3 1 32 2 4 
9 1 12 2 5 
1 2
8 2 14 3 16 
2 1
4 3 3 
6 3 1 
1 3
7 1 12 2 20 3 2 

1 1
1 1
9 1 22 

1 1
1 1
15 1 40 

4 1
1 1
11 1 40 
1 1
18 1 24 
1 1
2 1 16 
2 1
12 1 21 
1 1 35 

5 5
1 3
16 3 2 4 4 5 1 
1 2
7 4 18 5 3 
1 1
4 2 10 
1 5
17 1 5 2 4 3 6 4 2 5 5 
1 5
19 1 2 2 1 3 2 4 2 5 1 

1 1
2 1
14 1 49 
8 1 5 


