10 20 150 2 2

15
1 1
2 1
18 1 8 
19 1 48 

2 1
2 1
16 1 17 
3 1 37 
2 1
4 1 40 
13 1 25 

1 1
1 1
11 1 43 

1 1
2 1
14 1 32 
19 1 12 

1 1
1 1
1 1 21 

1 1
1 1
14 1 18 

1 1
1 1
2 1 37 

1 1
1 1
18 1 22 

1 1
1 1
17 1 40 

1 1
2 1
9 1 36 
8 1 5 

1 1
2 1
20 1 40 
8 1 20 

2 1
2 1
4 1 26 
5 1 33 
1 1
11 1 13 

2 2
2 1
8 2 3 
7 2 9 
1 2
4 1 5 2 37 

2 2
2 2
6 1 4 2 15 
8 1 5 2 44 
2 1
2 2 6 
16 2 1 

1 1
2 1
2 1 13 
9 1 31 


15
1 1
2 1
7 1 16 
12 1 45 

1 1
2 1
17 1 26 
9 1 23 

1 1
1 1
17 1 39 

2 1
2 1
7 1 21 
11 1 27 
1 1
4 1 49 

1 1
2 1
3 1 7 
7 1 25 

1 1
2 1
5 1 12 
18 1 30 

1 1
2 1
13 1 15 
16 1 8 

1 1
2 1
12 1 7 
15 1 35 

1 1
2 1
3 1 24 
8 1 30 

1 1
1 1
2 1 8 

1 1
2 1
15 1 16 
20 1 19 

1 1
2 1
1 1 46 
5 1 34 

2 1
2 1
5 1 46 
12 1 33 
2 1
1 1 43 
9 1 5 

1 1
1 1
9 1 39 

1 1
2 1
18 1 7 
9 1 34 


15
1 1
2 1
8 1 5 
1 1 18 

1 1
1 1
12 1 12 

1 1
1 1
12 1 13 

2 2
1 2
11 1 7 2 21 
2 1
18 2 2 
5 2 14 

2 1
2 1
15 1 22 
4 1 37 
1 1
1 1 38 

1 1
1 1
12 1 24 

1 1
2 1
15 1 6 
16 1 48 

1 1
2 1
6 1 40 
8 1 28 

2 2
1 1
4 1 39 
1 2
13 1 10 2 30 

2 2
2 1
18 2 34 
3 2 39 
2 2
14 1 24 2 23 
17 1 3 2 20 

1 1
1 1
3 1 26 

2 2
1 2
5 1 18 2 4 
1 2
10 1 4 2 31 

2 1
1 1
1 1 10 
2 1
11 1 5 
9 1 10 

2 2
2 1
3 2 2 
12 2 18 
1 2
7 1 14 2 12 

1 1
1 1
10 1 6 


15
1 1
2 1
11 1 41 
13 1 36 

1 1
2 1
4 1 36 
14 1 32 

2 2
1 1
8 2 11 
2 2
15 1 10 2 8 
19 1 3 2 7 

1 1
2 1
19 1 7 
10 1 9 

1 1
2 1
1 1 36 
4 1 9 

1 1
1 1
10 1 34 

1 1
1 1
10 1 11 

2 1
1 1
8 1 35 
1 1
14 1 20 

1 1
2 1
8 1 25 
19 1 47 

1 1
2 1
20 1 16 
12 1 12 

1 1
2 1
19 1 27 
5 1 12 

2 1
1 1
16 1 37 
1 1
17 1 8 

1 1
2 1
4 1 41 
2 1 29 

2 2
2 2
19 1 8 2 15 
6 1 16 2 9 
2 2
8 1 35 2 2 
16 1 14 2 10 

2 2
2 1
12 1 8 
3 1 27 
2 2
6 1 6 2 6 
5 1 25 2 16 


15
1 1
1 1
8 1 26 

1 1
2 1
20 1 31 
15 1 49 

1 1
2 1
20 1 43 
10 1 7 

2 1
2 1
15 1 42 
16 1 46 
1 1
18 1 12 

1 1
2 1
1 1 21 
19 1 29 

1 1
1 1
19 1 23 

2 2
1 2
15 1 6 2 32 
1 1
17 1 7 

2 2
1 1
16 2 4 
1 2
8 1 4 2 2 

2 1
2 1
19 1 46 
9 1 34 
1 1
6 1 31 

2 2
2 1
18 2 20 
4 2 8 
2 2
19 1 5 2 34 
11 1 13 2 20 

1 1
2 1
12 1 14 
14 1 34 

1 1
1 1
11 1 9 

1 1
2 1
19 1 35 
3 1 34 

1 1
1 1
17 1 19 

1 1
1 1
2 1 41 


15
1 1
2 1
2 1 21 
9 1 26 

1 1
2 1
5 1 35 
14 1 19 

2 1
1 1
6 1 12 
1 1
4 1 15 

2 1
2 1
17 1 34 
16 1 47 
2 1
11 1 42 
7 1 44 

2 2
2 2
8 1 4 2 12 
5 1 9 2 31 
1 1
13 1 41 

2 2
2 2
7 1 44 2 2 
8 1 16 2 21 
1 1
2 1 36 

2 1
2 1
1 1 18 
16 1 49 
2 1
20 1 33 
2 1 45 

2 2
2 2
14 1 13 2 15 
18 1 17 2 22 
1 1
5 1 11 

1 1
2 1
18 1 37 
1 1 15 

1 1
2 1
7 1 11 
13 1 43 

2 2
1 2
9 1 6 2 30 
1 2
7 1 10 2 26 

1 1
2 1
17 1 10 
2 1 15 

2 1
2 1
7 1 35 
6 1 36 
1 1
20 1 48 

1 1
2 1
19 1 12 
9 1 29 

2 1
2 1
20 1 28 
2 1 15 
1 1
6 1 12 


15
1 1
2 1
11 1 34 
2 1 36 

1 1
2 1
10 1 15 
16 1 14 

2 2
2 2
6 1 11 2 6 
13 1 6 2 6 
1 1
8 2 7 

1 1
1 1
16 1 37 

2 2
1 1
6 2 3 
1 2
10 1 2 2 37 

2 2
1 2
14 1 2 2 3 
1 1
1 2 27 

2 1
1 1
7 1 17 
2 1
12 1 9 
20 1 32 

2 1
1 1
14 1 49 
2 1
16 1 43 
9 1 7 

1 1
2 1
8 1 11 
3 1 13 

1 1
1 1
14 1 43 

2 1
1 1
13 1 28 
1 1
20 1 49 

2 2
2 2
14 1 9 2 8 
16 1 25 2 4 
2 2
2 1 18 2 4 
4 1 4 2 2 

2 2
1 2
14 1 36 2 9 
1 1
20 2 7 

2 1
1 1
16 1 45 
2 1
13 1 17 
8 1 43 

2 1
1 1
11 1 12 
1 1
8 1 7 


15
2 1
1 1
19 1 16 
2 1
17 1 40 
15 1 36 

1 1
1 1
8 1 39 

2 2
1 1
10 2 5 
1 2
12 1 13 2 12 

1 1
1 1
3 1 38 

2 2
2 2
8 1 2 2 3 
17 1 12 2 6 
2 2
5 1 23 2 6 
1 1 7 2 6 

1 1
1 1
12 1 21 

2 2
2 2
17 1 20 2 17 
7 1 13 2 17 
2 2
20 1 4 2 7 
4 1 18 2 2 

2 1
2 1
4 1 17 
10 1 17 
2 1
19 1 11 
20 1 8 

1 1
1 1
12 1 43 

2 1
2 1
5 1 27 
13 1 31 
2 1
11 1 20 
2 1 22 

2 2
1 2
10 1 14 2 33 
2 1
5 2 39 
9 2 18 

2 1
2 1
5 1 5 
20 1 48 
1 1
7 1 43 

2 2
2 1
15 1 14 
12 1 16 
2 2
10 1 13 2 6 
18 1 5 2 4 

2 1
1 1
11 1 16 
1 1
19 1 26 

1 1
1 1
3 1 7 


15
2 1
2 1
2 1 46 
9 1 14 
2 1
5 1 16 
16 1 32 

2 1
2 1
5 1 37 
10 1 7 
1 1
16 1 47 

1 1
2 1
8 1 20 
17 1 15 

2 2
1 2
13 1 4 2 2 
1 2
4 1 10 2 22 

2 2
2 2
18 1 9 2 32 
7 1 24 2 9 
1 1
14 2 33 

2 1
2 1
12 1 7 
9 1 27 
1 1
16 1 8 

1 1
2 1
4 1 15 
19 1 18 

2 1
1 1
14 1 5 
2 1
1 1 8 
2 1 30 

1 1
1 1
14 1 14 

1 1
2 1
16 1 19 
18 1 37 

2 1
1 1
14 1 31 
2 1
10 1 41 
17 1 10 

2 1
1 1
7 1 24 
1 1
16 1 9 

1 1
1 1
20 1 43 

2 1
1 1
13 1 48 
1 1
9 1 30 

1 1
1 1
17 1 21 


15
1 1
2 1
3 1 9 
2 1 38 

1 1
2 1
6 1 38 
9 1 10 

1 1
1 1
11 1 19 

1 1
1 1
1 1 9 

1 1
2 1
8 1 43 
10 1 43 

1 1
2 1
10 1 41 
7 1 6 

2 2
2 1
2 2 11 
14 2 37 
2 2
18 1 5 2 14 
9 1 30 2 2 

1 1
2 1
13 1 5 
12 1 44 

2 2
2 2
1 1 29 2 10 
16 1 11 2 2 
2 2
11 1 16 2 31 
20 1 2 2 3 

1 1
2 1
17 1 48 
18 1 28 

1 1
1 1
4 1 12 

2 1
2 1
3 1 10 
20 1 49 
2 1
1 1 14 
7 1 21 

1 1
2 1
17 1 27 
16 1 27 

1 1
1 1
12 1 18 

2 1
2 1
11 1 43 
13 1 47 
1 1
15 1 13 


