10 20 150 2 2

15
2 2
1 1
7 2 23 
2 2
15 1 5 2 10 
5 1 36 2 8 

1 1
2 1
20 1 40 
5 1 39 

1 1
1 1
9 1 39 

1 1
2 1
9 1 37 
5 1 33 

1 1
2 1
11 1 17 
17 1 32 

1 1
2 1
11 1 31 
18 1 48 

2 1
2 1
9 1 37 
4 1 5 
1 1
1 1 24 

2 2
1 1
14 2 34 
2 2
12 1 9 2 37 
8 1 2 2 21 

1 1
1 1
18 1 12 

2 1
1 1
16 1 28 
2 1
7 1 36 
5 1 28 

1 1
1 1
8 1 13 

1 1
1 1
4 1 39 

2 1
1 1
6 1 6 
2 1
16 1 15 
5 1 29 

2 1
1 1
13 1 25 
2 1
8 1 8 
20 1 12 

1 1
2 1
14 1 46 
15 1 47 


15
2 2
1 2
18 1 26 2 9 
1 1
1 1 24 

1 1
2 1
10 1 49 
9 1 12 

1 1
1 1
1 1 35 

1 1
2 1
2 1 5 
6 1 24 

1 1
1 1
4 1 7 

2 1
2 1
20 1 27 
7 1 41 
1 1
10 1 13 

1 1
2 1
1 1 22 
14 1 18 

2 2
2 2
5 1 3 2 12 
6 1 3 2 2 
1 1
15 1 5 

1 1
1 1
17 1 29 

2 1
2 1
2 1 36 
7 1 39 
2 1
6 1 12 
19 1 30 

1 1
1 1
11 1 49 

2 2
2 2
15 1 19 2 2 
16 1 18 2 5 
2 1
5 2 6 
2 2 15 

1 1
1 1
14 1 49 

1 1
2 1
10 1 40 
4 1 40 

2 1
2 1
18 1 31 
10 1 13 
2 1
15 1 49 
9 1 22 


15
1 1
1 1
12 1 29 

2 1
1 1
6 1 14 
2 1
16 1 7 
5 1 14 

2 1
2 1
17 1 30 
3 1 5 
1 1
5 1 18 

2 2
1 2
12 1 27 2 16 
2 2
5 1 3 2 6 
2 1 24 2 4 

1 1
2 1
13 1 45 
15 1 7 

1 1
1 1
19 1 34 

1 1
1 1
7 1 15 

2 2
1 2
11 1 6 2 8 
2 2
2 1 10 2 10 
18 1 17 2 5 

2 2
2 2
10 1 30 2 13 
9 1 3 2 3 
1 2
18 1 22 2 24 

2 1
2 1
8 1 5 
18 1 25 
1 1
3 1 21 

1 1
2 1
17 1 27 
11 1 25 

2 1
2 1
7 1 25 
5 1 7 
1 1
20 1 43 

1 1
1 1
10 1 28 

1 1
1 1
2 1 43 

1 1
2 1
20 1 33 
9 1 39 


15
1 1
2 1
4 1 45 
15 1 21 

1 1
2 1
8 1 34 
5 1 30 

1 1
1 1
7 1 37 

2 2
1 2
16 1 4 2 4 
1 2
20 1 12 2 35 

1 1
1 1
5 1 35 

2 1
1 1
4 1 47 
2 1
18 1 7 
13 1 31 

1 1
2 1
7 1 36 
15 1 39 

2 1
1 1
5 1 25 
2 1
1 1 12 
14 1 23 

1 1
1 1
2 1 15 

2 2
1 2
20 1 14 2 18 
1 2
12 1 8 2 33 

1 1
1 1
14 1 32 

2 2
1 2
4 1 11 2 8 
2 2
3 1 14 2 25 
7 1 40 2 6 

2 2
2 2
2 1 15 2 14 
11 1 19 2 10 
2 1
20 1 4 
6 1 8 

1 1
1 1
20 1 8 

2 2
2 2
10 1 9 2 19 
15 1 5 2 8 
2 1
16 1 20 
14 1 6 


15
1 1
2 1
9 1 47 
3 1 39 

2 2
2 1
19 1 8 
10 1 9 
2 2
3 1 6 2 12 
17 1 17 2 16 

1 1
2 1
5 1 8 
10 1 8 

1 1
1 1
14 1 26 

2 2
2 2
18 1 17 2 5 
17 1 34 2 4 
1 2
4 1 3 2 9 

1 1
2 1
14 1 7 
2 1 11 

2 2
1 1
2 2 28 
2 2
1 1 4 2 4 
11 1 3 2 13 

2 1
1 1
11 1 29 
1 1
12 1 41 

1 1
2 1
2 1 7 
12 1 36 

2 2
1 2
15 1 21 2 14 
2 1
14 2 3 
19 2 12 

2 2
1 2
8 1 21 2 19 
1 1
7 1 32 

1 1
1 1
7 1 8 

2 2
1 1
8 1 15 
1 2
10 1 17 2 1 

2 2
1 1
16 2 4 
1 2
4 1 39 2 3 

1 1
2 1
14 1 36 
20 1 35 


15
2 1
2 1
16 1 44 
5 1 9 
2 1
10 1 26 
11 1 22 

2 2
2 1
17 2 16 
13 2 20 
2 2
12 1 7 2 33 
15 1 10 2 15 

2 1
1 1
18 1 21 
2 1
7 1 48 
9 1 46 

1 1
2 1
20 1 7 
4 1 40 

2 2
2 2
17 1 4 2 1 
16 1 14 2 3 
1 2
18 1 27 2 2 

1 1
1 1
8 1 40 

1 1
2 1
8 1 46 
1 1 43 

1 1
2 1
19 1 10 
15 1 42 

2 2
1 2
13 1 24 2 2 
2 1
11 1 29 
18 1 7 

1 1
1 1
18 1 42 

2 1
2 1
11 1 45 
4 1 27 
2 1
18 1 36 
13 1 29 

1 1
1 1
9 1 35 

1 1
2 1
12 1 20 
5 1 39 

1 1
2 1
8 1 17 
12 1 28 

2 2
2 1
4 1 3 
5 1 11 
2 2
15 1 4 2 18 
17 1 13 2 15 


15
2 2
1 2
2 1 10 2 22 
2 2
11 1 10 2 26 
9 1 22 2 7 

1 1
1 1
4 1 33 

2 1
2 1
8 1 15 
13 1 48 
1 1
1 1 37 

1 1
1 1
9 1 10 

2 1
2 1
7 1 13 
9 1 14 
2 1
14 1 15 
5 1 27 

2 1
1 1
18 1 30 
2 1
7 1 42 
17 1 32 

1 1
2 1
1 1 35 
12 1 36 

1 1
2 1
9 1 29 
7 1 46 

2 2
2 1
10 2 12 
2 2 13 
1 2
9 1 28 2 2 

1 1
1 1
20 1 8 

1 1
1 1
9 1 10 

1 1
1 1
4 1 17 

1 1
1 1
7 1 45 

1 1
2 1
5 1 12 
7 1 11 

2 2
1 2
10 1 14 2 8 
1 2
16 1 13 2 8 


15
2 2
1 1
5 2 4 
1 2
6 1 23 2 13 

1 1
2 1
7 1 45 
2 1 27 

2 2
2 1
13 2 18 
19 2 1 
2 2
2 1 13 2 8 
18 1 22 2 15 

1 1
1 1
20 1 42 

1 1
1 1
20 1 9 

2 2
2 1
5 1 12 
3 1 21 
2 2
20 1 39 2 2 
4 1 16 2 2 

1 1
1 1
17 1 34 

1 1
2 1
3 1 25 
13 1 12 

1 1
2 1
20 1 30 
9 1 6 

2 2
1 2
15 1 4 2 19 
2 2
14 1 21 2 4 
6 1 20 2 21 

2 2
1 1
7 1 13 
2 2
3 1 14 2 35 
2 1 9 2 22 

2 1
1 1
17 1 29 
1 1
8 1 21 

1 1
2 1
20 1 20 
2 1 7 

1 1
2 1
11 1 18 
18 1 6 

1 1
2 1
2 1 18 
17 1 23 


15
1 1
2 1
14 1 18 
3 1 15 

2 1
1 1
4 1 10 
2 1
2 1 8 
5 1 47 

2 2
2 2
2 1 4 2 11 
14 1 23 2 12 
2 2
9 1 19 2 25 
16 1 18 2 10 

2 2
2 1
12 2 14 
6 2 4 
1 2
3 1 28 2 8 

1 1
2 1
19 1 45 
4 1 18 

1 1
2 1
7 1 20 
6 1 43 

1 1
1 1
7 1 26 

2 2
1 1
15 2 4 
2 2
17 1 15 2 30 
13 1 8 2 2 

2 1
1 1
1 1 42 
2 1
7 1 15 
4 1 47 

1 1
2 1
4 1 18 
12 1 34 

1 1
1 1
9 1 5 

2 2
1 1
12 2 5 
2 2
11 1 24 2 5 
10 1 13 2 8 

2 1
2 1
12 1 7 
7 1 46 
1 1
13 1 38 

2 2
2 2
4 1 4 2 5 
6 1 9 2 37 
1 1
18 1 7 

2 2
2 2
4 1 6 2 1 
16 1 6 2 13 
1 2
19 1 4 2 3 


15
1 1
1 1
14 1 17 

2 2
2 2
10 1 10 2 11 
18 1 20 2 5 
2 2
3 1 5 2 12 
20 1 15 2 9 

2 2
1 2
14 1 32 2 9 
1 1
3 2 23 

1 1
2 1
7 1 42 
5 1 40 

1 1
1 1
5 1 42 

2 1
1 1
7 1 5 
2 1
15 1 27 
4 1 32 

2 2
2 2
12 1 14 2 1 
3 1 4 2 1 
1 2
6 1 12 2 36 

1 1
2 1
10 1 6 
7 1 33 

1 1
2 1
19 1 23 
8 1 16 

2 2
1 2
6 1 5 2 4 
2 1
9 1 7 
16 1 21 

1 1
1 1
17 1 44 

2 2
2 1
8 1 5 
20 1 15 
2 2
1 1 22 2 11 
5 1 43 2 6 

1 1
2 1
2 1 33 
18 1 15 

1 1
2 1
12 1 14 
11 1 11 

2 1
1 1
2 1 7 
1 1
19 1 31 


