10 20 100 5 5

10
3 2
1 1
17 1 5 
1 2
13 1 32 2 11 
2 2
14 1 5 2 13 
11 1 18 2 2 

3 2
2 1
5 2 18 
3 2 2 
2 2
13 1 15 2 4 
18 1 21 2 14 
2 1
4 2 13 
7 2 5 

3 1
2 1
17 1 13 
8 1 20 
1 1
9 1 9 
1 1
15 1 7 

4 3
2 3
9 1 23 2 4 3 15 
19 1 3 2 1 3 7 
2 1
11 3 8 
5 3 1 
1 2
2 1 13 2 20 
2 1
13 3 36 
16 3 8 

5 5
1 4
3 1 2 2 8 3 4 4 22 
2 1
17 1 4 
9 1 8 
2 1
20 2 6 
1 2 2 
1 4
15 2 6 3 2 4 3 5 1 
2 5
11 1 3 2 2 3 1 4 3 5 1 
18 1 10 2 8 3 1 4 4 5 11 

3 1
1 1
16 1 43 
1 1
10 1 15 
1 1
18 1 10 

3 1
1 1
18 1 23 
1 1
11 1 45 
2 1
12 1 12 
17 1 23 

5 5
2 5
11 1 3 2 2 3 2 4 1 5 1 
16 1 5 2 2 3 3 4 1 5 3 
1 5
2 1 7 2 5 3 13 4 1 5 3 
2 3
4 3 1 4 2 5 2 
17 3 3 4 4 5 1 
2 3
15 1 2 2 2 3 3 
18 1 5 2 2 3 4 
2 5
7 1 2 2 2 3 1 4 6 5 3 
10 1 3 2 1 3 9 4 5 5 3 

1 1
2 1
5 1 29 
10 1 48 

3 2
2 1
7 1 20 
11 1 7 
1 2
14 1 6 2 32 
2 1
1 1 5 
4 1 20 


10
5 3
2 2
6 2 7 3 1 
12 2 36 3 5 
2 3
10 1 2 2 3 3 2 
3 1 5 2 15 3 5 
1 2
19 2 2 3 9 
2 1
11 3 29 
15 3 3 
2 1
8 3 1 
4 3 1 

2 1
1 1
10 1 44 
2 1
8 1 18 
20 1 18 

4 1
1 1
20 1 21 
1 1
6 1 37 
1 1
3 1 45 
2 1
2 1 20 
11 1 41 

1 1
1 1
18 1 29 

2 2
1 2
7 1 2 2 15 
2 2
14 1 9 2 8 
2 1 12 2 8 

1 1
1 1
14 1 9 

1 1
1 1
13 1 48 

2 1
1 1
12 1 48 
2 1
20 1 5 
19 1 9 

1 1
1 1
8 1 6 

3 1
2 1
7 1 15 
5 1 49 
1 1
12 1 28 
2 1
17 1 49 
16 1 7 


10
4 2
1 1
9 2 3 
1 2
18 1 31 2 16 
2 2
10 1 44 2 5 
19 1 43 2 3 
1 2
6 1 3 2 34 

3 2
2 1
5 2 36 
1 2 3 
2 1
3 1 7 
2 1 7 
2 2
19 1 23 2 5 
18 1 40 2 6 

4 4
2 4
10 1 8 2 3 3 8 4 2 
5 1 7 2 10 3 13 4 7 
2 2
9 3 1 4 16 
3 3 8 4 6 
2 2
18 1 2 2 11 
11 1 3 2 20 
2 2
7 1 2 2 3 
19 1 2 2 2 

4 3
2 1
8 1 2 
13 1 17 
2 2
9 1 12 2 5 
20 1 4 2 8 
2 3
16 1 3 2 16 3 2 
17 1 7 2 6 3 10 
2 1
10 3 2 
5 3 26 

3 2
2 2
8 1 3 2 24 
4 1 4 2 26 
1 1
20 1 3 
2 2
15 1 16 2 16 
1 1 13 2 1 

1 1
2 1
13 1 17 
14 1 25 

1 1
1 1
10 1 48 

2 1
2 1
18 1 8 
4 1 20 
1 1
6 1 21 

5 4
1 1
13 4 11 
1 1
5 4 3 
1 4
1 1 34 2 1 3 9 4 3 
2 1
4 4 1 
18 4 2 
2 2
9 1 7 2 9 
11 1 2 2 14 

2 1
1 1
2 1 21 
2 1
1 1 42 
9 1 47 


10
4 2
1 1
2 1 7 
1 2
20 1 23 2 24 
1 1
16 2 6 
2 1
18 2 29 
15 2 14 

4 4
1 4
15 1 2 2 2 3 6 4 2 
1 1
1 1 2 
2 1
17 4 4 
6 4 3 
2 1
19 3 28 
5 3 6 

3 2
1 1
10 1 25 
2 1
3 2 3 
16 2 7 
2 2
7 1 2 2 10 
12 1 8 2 3 

5 1
1 1
18 1 12 
1 1
10 1 47 
1 1
11 1 18 
2 1
15 1 32 
1 1 7 
1 1
9 1 12 

3 1
1 1
4 1 16 
2 1
16 1 7 
6 1 5 
1 1
8 1 25 

1 1
1 1
5 1 16 

3 3
1 1
6 2 12 
2 2
18 2 2 3 1 
7 2 14 3 3 
2 3
15 1 7 2 9 3 21 
8 1 16 2 7 3 9 

4 3
1 2
16 2 10 3 4 
2 1
3 1 20 
13 1 37 
2 3
11 1 12 2 1 3 2 
14 1 3 2 7 3 3 
2 1
1 2 2 
4 2 3 

5 2
1 2
12 1 2 2 17 
1 2
20 1 18 2 11 
2 1
5 1 16 
17 1 4 
1 2
3 1 30 2 5 
2 2
13 1 3 2 10 
18 1 16 2 4 

5 2
2 1
11 1 19 
2 1 5 
1 1
13 2 10 
2 1
1 1 9 
18 1 6 
2 2
10 1 10 2 2 
6 1 11 2 6 
1 1
5 1 13 


10
4 4
2 4
10 1 16 2 4 3 2 4 7 
2 1 5 2 13 3 23 4 1 
1 4
9 1 2 2 5 3 7 4 5 
2 4
6 1 5 2 1 3 9 4 2 
4 1 2 2 1 3 1 4 1 
2 3
5 1 2 2 3 3 1 
3 1 3 2 20 3 2 

4 3
1 1
8 2 20 
1 3
2 1 4 2 6 3 1 
2 2
1 1 8 2 15 
19 1 17 2 2 
2 2
15 2 5 3 3 
13 2 19 3 20 

3 2
1 1
14 2 12 
2 2
11 1 7 2 27 
8 1 8 2 7 
2 2
20 1 13 2 33 
10 1 18 2 6 

5 1
2 1
7 1 9 
19 1 42 
2 1
1 1 22 
17 1 15 
2 1
5 1 36 
6 1 10 
1 1
10 1 24 
1 1
8 1 7 

5 1
2 1
6 1 18 
2 1 13 
1 1
17 1 39 
1 1
14 1 19 
1 1
15 1 45 
1 1
3 1 23 

4 3
2 2
5 2 33 3 3 
7 2 7 3 9 
1 2
9 2 12 3 2 
2 3
11 1 6 2 9 3 4 
1 1 11 2 5 3 4 
2 2
14 2 20 3 17 
12 2 2 3 9 

4 2
2 2
14 1 16 2 16 
12 1 5 2 8 
1 1
17 2 25 
2 1
18 2 5 
19 2 6 
2 1
2 2 25 
3 2 3 

1 1
1 1
13 1 15 

1 1
2 1
8 1 38 
20 1 37 

5 4
2 3
2 1 2 2 1 3 1 
5 1 2 2 1 3 1 
2 4
7 1 12 2 8 3 11 4 1 
13 1 15 2 2 3 5 4 9 
2 2
12 1 2 2 6 
3 1 13 2 19 
1 3
14 2 8 3 3 4 10 
2 1
18 2 10 
17 2 16 


10
4 4
1 1
5 4 14 
1 4
20 1 4 2 4 3 10 4 1 
2 4
8 1 2 2 1 3 6 4 2 
4 1 15 2 17 3 3 4 9 
2 1
11 2 1 
9 2 17 

3 1
2 1
3 1 12 
2 1 21 
2 1
20 1 38 
6 1 13 
1 1
12 1 48 

2 2
2 2
16 1 2 2 23 
20 1 29 2 8 
2 1
5 1 21 
2 1 3 

4 3
1 3
2 1 4 2 13 3 9 
2 1
6 1 3 
18 1 37 
2 2
9 1 9 2 14 
14 1 11 2 17 
2 1
10 3 3 
13 3 1 

4 3
2 3
11 1 10 2 16 3 1 
18 1 3 2 33 3 2 
2 2
12 2 7 3 26 
10 2 13 3 6 
1 3
13 1 3 2 12 3 20 
1 1
8 1 19 

1 1
2 1
18 1 19 
17 1 19 

2 2
1 2
8 1 17 2 1 
1 2
9 1 15 2 1 

4 4
2 1
12 1 7 
2 1 13 
2 1
6 1 6 
16 1 8 
2 4
20 1 21 2 1 3 3 4 7 
19 1 15 2 6 3 3 4 12 
1 2
9 3 19 4 5 

5 3
2 2
16 1 7 2 18 
1 1 3 2 1 
2 2
20 2 2 3 33 
15 2 4 3 1 
1 1
8 3 5 
2 2
13 1 7 2 22 
11 1 6 2 8 
2 3
2 1 8 2 1 3 6 
3 1 5 2 21 3 3 

1 1
2 1
15 1 16 
10 1 31 


10
1 1
1 1
3 1 9 

3 1
1 1
19 1 23 
1 1
14 1 44 
1 1
20 1 29 

2 2
2 2
11 1 14 2 31 
14 1 15 2 16 
2 1
5 1 24 
19 1 4 

2 1
2 1
7 1 8 
17 1 34 
1 1
14 1 33 

4 2
2 2
2 1 5 2 1 
20 1 6 2 6 
1 1
11 1 19 
2 1
7 2 8 
10 2 18 
2 2
5 1 18 2 11 
15 1 2 2 22 

3 3
1 3
9 1 11 2 2 3 4 
1 1
19 1 26 
1 2
7 1 5 2 1 

2 2
2 1
17 1 6 
2 1 3 
2 2
14 1 10 2 5 
15 1 9 2 3 

3 3
1 1
4 2 2 
1 3
15 1 4 2 5 3 3 
1 1
10 1 10 

5 4
2 2
4 2 1 3 1 
8 2 15 3 14 
1 4
12 1 6 2 2 3 1 4 2 
2 1
18 3 1 
9 3 2 
1 4
10 1 16 2 5 3 10 4 4 
1 3
7 2 2 3 14 4 8 

3 1
1 1
4 1 30 
2 1
6 1 34 
1 1 46 
2 1
3 1 48 
10 1 11 


10
5 1
2 1
8 1 30 
3 1 21 
2 1
9 1 32 
14 1 28 
2 1
11 1 19 
18 1 36 
2 1
16 1 49 
13 1 37 
1 1
10 1 32 

5 1
1 1
18 1 35 
1 1
1 1 8 
1 1
14 1 27 
2 1
4 1 8 
8 1 20 
2 1
19 1 14 
6 1 13 

5 1
2 1
17 1 12 
15 1 14 
1 1
12 1 39 
1 1
6 1 16 
2 1
5 1 41 
14 1 34 
2 1
20 1 46 
7 1 14 

1 1
2 1
3 1 8 
2 1 22 

5 1
2 1
7 1 10 
2 1 34 
1 1
3 1 35 
1 1
19 1 19 
1 1
1 1 13 
1 1
8 1 40 

3 2
2 2
11 1 2 2 35 
5 1 21 2 5 
2 2
18 1 2 2 31 
7 1 4 2 2 
1 1
9 1 2 

1 1
2 1
14 1 49 
19 1 6 

4 2
1 1
16 2 14 
2 2
15 1 16 2 7 
3 1 16 2 4 
1 1
4 1 44 
2 2
6 1 12 2 34 
9 1 4 2 3 

4 4
1 2
5 3 6 4 3 
1 4
15 1 11 2 3 3 7 4 4 
1 1
17 2 1 
2 1
10 3 9 
2 3 6 

2 2
1 1
18 2 11 
2 2
5 1 7 2 27 
7 1 19 2 2 


10
3 3
1 3
12 1 2 2 12 3 8 
2 1
1 1 15 
10 1 2 
1 1
13 3 18 

3 1
2 1
2 1 36 
19 1 45 
1 1
13 1 13 
2 1
10 1 16 
7 1 29 

4 4
2 1
2 2 6 
11 2 3 
1 4
7 1 4 2 1 3 2 4 8 
2 2
16 2 25 3 7 
14 2 5 3 1 
2 1
17 1 3 
20 1 2 

1 1
2 1
15 1 41 
20 1 12 

3 3
2 1
6 2 6 
20 2 5 
1 3
15 1 16 2 28 3 5 
2 3
1 1 10 2 2 3 1 
13 1 12 2 2 3 10 

3 1
1 1
17 1 11 
2 1
13 1 8 
11 1 14 
2 1
7 1 28 
16 1 15 

1 1
2 1
20 1 41 
11 1 9 

3 3
1 1
3 2 28 
1 3
19 1 2 2 3 3 2 
1 2
4 1 19 2 11 

5 5
2 1
16 5 12 
14 5 2 
2 5
10 1 18 2 8 3 5 4 5 5 7 
8 1 7 2 16 3 13 4 3 5 1 
1 2
1 3 6 4 4 
1 1
5 5 2 
2 4
20 2 4 3 16 4 1 5 2 
18 2 2 3 6 4 2 5 1 

4 2
1 2
6 1 22 2 2 
1 1
12 1 19 
2 1
11 1 31 
10 1 14 
1 1
5 2 3 


10
5 4
1 2
12 3 23 4 5 
2 2
20 2 3 3 13 
5 2 6 3 1 
2 1
19 1 5 
6 1 3 
1 4
15 1 8 2 3 3 9 4 2 
2 2
16 3 4 4 1 
11 3 1 4 32 

4 1
1 1
1 1 20 
1 1
7 1 26 
1 1
10 1 39 
1 1
16 1 14 

3 1
2 1
4 1 39 
3 1 49 
1 1
18 1 44 
2 1
19 1 22 
11 1 16 

4 4
1 4
10 1 6 2 1 3 4 4 9 
1 4
9 1 17 2 5 3 11 4 11 
1 1
5 1 22 
2 3
2 2 10 3 11 4 12 
18 2 8 3 2 4 5 

5 4
1 1
11 2 9 
2 1
19 1 11 
5 1 6 
2 1
13 2 10 
10 2 8 
1 4
4 1 16 2 2 3 11 4 10 
1 2
2 1 5 2 6 

2 1
2 1
8 1 22 
5 1 18 
1 1
9 1 35 

1 1
2 1
9 1 48 
4 1 6 

4 1
1 1
7 1 28 
1 1
8 1 30 
1 1
2 1 46 
1 1
16 1 17 

4 4
1 1
8 3 3 
1 4
5 1 7 2 3 3 1 4 2 
2 1
9 4 18 
7 4 5 
2 1
19 3 1 
20 3 5 

3 1
1 1
20 1 40 
1 1
5 1 31 
1 1
8 1 31 


