10 20 100 2 2

10
1 1
1 1
20 1 28 

2 1
7 1
18 1 43 
17 1 38 
3 1 22 
8 1 7 
1 1 22 
7 1 42 
16 1 6 
2 1
10 1 32 
6 1 15 

1 1
10 1
9 1 8 
1 1 22 
10 1 36 
2 1 49 
17 1 29 
4 1 32 
13 1 15 
20 1 40 
7 1 11 
8 1 35 

1 1
1 1
8 1 45 

2 2
3 1
2 1 9 
7 1 2 
6 1 44 
9 2
15 1 9 2 36 
10 1 8 2 1 
17 1 9 2 23 
1 1 3 2 12 
5 1 23 2 26 
20 1 5 2 3 
12 1 4 2 29 
4 1 3 2 7 
14 1 4 2 2 

1 1
6 1
16 1 44 
8 1 26 
7 1 25 
19 1 23 
1 1 9 
13 1 49 

1 1
2 1
11 1 8 
17 1 35 

2 2
3 2
18 1 5 2 9 
14 1 2 2 17 
12 1 2 2 29 
2 2
11 1 43 2 6 
5 1 17 2 5 

2 1
6 1
11 1 20 
15 1 41 
16 1 49 
6 1 13 
19 1 18 
2 1 11 
9 1
7 1 34 
1 1 17 
3 1 10 
8 1 6 
4 1 39 
12 1 31 
10 1 26 
20 1 33 
9 1 29 

2 1
8 1
1 1 41 
19 1 44 
17 1 10 
13 1 8 
2 1 38 
12 1 10 
7 1 46 
6 1 25 
9 1
16 1 29 
4 1 25 
8 1 24 
15 1 23 
18 1 47 
20 1 35 
14 1 35 
11 1 26 
3 1 12 


10
1 1
3 1
10 1 19 
19 1 13 
4 1 11 

2 2
3 2
15 1 14 2 3 
7 1 10 2 27 
19 1 20 2 3 
1 1
11 1 10 

1 1
5 1
9 1 46 
11 1 46 
1 1 35 
13 1 17 
16 1 34 

2 1
7 1
16 1 19 
2 1 22 
11 1 8 
15 1 46 
12 1 13 
17 1 45 
14 1 5 
1 1
8 1 24 

1 1
9 1
10 1 43 
12 1 33 
17 1 5 
4 1 8 
5 1 32 
15 1 46 
11 1 37 
13 1 28 
6 1 26 

1 1
5 1
17 1 17 
4 1 49 
3 1 39 
14 1 6 
11 1 28 

1 1
6 1
10 1 35 
17 1 25 
16 1 6 
9 1 27 
4 1 48 
2 1 12 

1 1
1 1
14 1 22 

2 1
6 1
4 1 7 
18 1 41 
9 1 9 
7 1 44 
11 1 35 
8 1 35 
9 1
5 1 15 
10 1 48 
20 1 15 
6 1 49 
13 1 5 
12 1 44 
14 1 37 
15 1 41 
17 1 10 

1 1
2 1
2 1 34 
20 1 21 


10
1 1
3 1
19 1 19 
8 1 15 
4 1 5 

2 2
10 2
8 1 18 2 4 
2 1 7 2 41 
16 1 6 2 9 
5 1 5 2 3 
10 1 9 2 27 
7 1 22 2 4 
13 1 7 2 3 
3 1 3 2 3 
11 1 3 2 15 
9 1 8 2 31 
7 2
1 1 9 2 21 
19 1 16 2 19 
18 1 15 2 16 
14 1 28 2 2 
12 1 21 2 6 
20 1 28 2 21 
6 1 13 2 34 

1 1
3 1
6 1 12 
20 1 38 
9 1 30 

2 2
1 1
5 1 4 
5 2
10 1 5 2 5 
16 1 29 2 17 
15 1 6 2 11 
2 1 2 2 14 
13 1 18 2 5 

2 2
1 2
5 1 6 2 34 
5 1
8 1 33 
20 1 26 
3 1 22 
17 1 34 
14 1 3 

2 1
10 1
16 1 42 
6 1 22 
1 1 18 
20 1 14 
19 1 33 
14 1 32 
12 1 23 
18 1 23 
11 1 29 
2 1 26 
9 1
9 1 16 
3 1 31 
7 1 20 
4 1 49 
13 1 19 
8 1 12 
5 1 30 
10 1 9 
15 1 23 

1 1
2 1
3 1 11 
1 1 49 

1 1
3 1
15 1 36 
8 1 12 
20 1 10 

1 1
8 1
18 1 7 
17 1 47 
16 1 33 
10 1 45 
4 1 11 
3 1 46 
13 1 8 
7 1 17 

1 1
10 1
13 1 36 
16 1 49 
17 1 35 
19 1 16 
3 1 14 
12 1 37 
1 1 46 
8 1 33 
14 1 38 
2 1 30 


10
1 1
7 1
6 1 9 
20 1 30 
2 1 41 
11 1 33 
3 1 20 
12 1 35 
5 1 43 

1 1
9 1
3 1 11 
5 1 12 
4 1 30 
15 1 38 
19 1 48 
9 1 41 
11 1 8 
14 1 12 
1 1 23 

2 2
2 2
14 1 9 2 21 
8 1 5 2 4 
2 2
1 1 16 2 16 
6 1 19 2 6 

2 2
5 2
16 1 3 2 3 
8 1 8 2 13 
19 1 4 2 3 
14 1 4 2 2 
11 1 8 2 17 
1 1
7 1 2 

1 1
3 1
3 1 11 
5 1 47 
19 1 34 

1 1
6 1
16 1 28 
20 1 42 
1 1 30 
9 1 9 
18 1 31 
17 1 35 

1 1
2 1
19 1 8 
10 1 31 

2 2
2 1
8 2 29 
3 2 5 
4 2
1 1 8 2 34 
16 1 13 2 14 
18 1 14 2 16 
4 1 37 2 10 

1 1
5 1
15 1 41 
19 1 33 
6 1 35 
13 1 29 
1 1 8 

1 1
9 1
7 1 39 
12 1 31 
8 1 41 
5 1 47 
3 1 45 
13 1 45 
4 1 9 
10 1 26 
9 1 21 


10
1 1
5 1
2 1 41 
13 1 37 
16 1 41 
12 1 21 
18 1 21 

2 1
1 1
14 1 26 
3 1
15 1 9 
4 1 25 
16 1 9 

2 1
1 1
8 1 39 
5 1
7 1 14 
12 1 14 
3 1 30 
17 1 9 
2 1 26 

1 1
6 1
2 1 21 
5 1 19 
11 1 48 
15 1 27 
13 1 15 
10 1 49 

2 1
7 1
13 1 48 
6 1 35 
7 1 28 
12 1 10 
9 1 18 
15 1 8 
18 1 33 
4 1
19 1 23 
17 1 29 
4 1 6 
14 1 17 

2 2
5 2
13 1 7 2 10 
16 1 14 2 22 
2 1 23 2 21 
6 1 20 2 1 
18 1 32 2 4 
2 1
20 1 14 
11 1 33 

2 2
8 1
13 1 16 
19 1 21 
5 1 25 
2 1 25 
16 1 2 
12 1 9 
1 1 39 
20 1 10 
4 2
6 1 25 2 11 
9 1 15 2 4 
3 1 7 2 12 
4 1 4 2 13 

2 2
5 2
17 1 9 2 1 
16 1 9 2 7 
13 1 3 2 17 
5 1 4 2 9 
1 1 6 2 6 
8 1
19 1 5 
9 1 33 
6 1 21 
11 1 18 
8 1 19 
7 1 19 
3 1 10 
2 1 20 

2 1
8 1
20 1 24 
5 1 6 
16 1 49 
9 1 9 
1 1 32 
14 1 48 
17 1 18 
4 1 22 
1 1
10 1 42 

1 1
4 1
20 1 16 
10 1 45 
19 1 29 
15 1 22 


10
2 1
3 1
3 1 19 
11 1 34 
14 1 49 
3 1
16 1 15 
17 1 24 
12 1 13 

2 1
5 1
16 1 29 
17 1 30 
5 1 31 
20 1 19 
19 1 42 
3 1
1 1 44 
3 1 25 
8 1 32 

1 1
10 1
10 1 49 
19 1 31 
3 1 43 
4 1 28 
5 1 42 
20 1 22 
7 1 20 
13 1 33 
17 1 29 
15 1 26 

2 1
4 1
16 1 24 
2 1 6 
19 1 39 
14 1 38 
10 1
7 1 28 
13 1 32 
6 1 6 
18 1 16 
20 1 45 
5 1 47 
11 1 31 
17 1 11 
1 1 12 
12 1 12 

1 1
7 1
8 1 19 
20 1 19 
12 1 42 
18 1 12 
10 1 41 
11 1 16 
2 1 35 

1 1
9 1
11 1 39 
6 1 25 
2 1 24 
19 1 28 
18 1 42 
7 1 49 
9 1 40 
17 1 12 
10 1 47 

1 1
4 1
1 1 6 
20 1 10 
4 1 37 
11 1 47 

2 1
7 1
14 1 10 
10 1 13 
15 1 28 
4 1 18 
2 1 44 
18 1 40 
9 1 10 
5 1
12 1 10 
20 1 16 
16 1 17 
11 1 20 
19 1 27 

1 1
2 1
6 1 5 
8 1 22 

1 1
9 1
11 1 20 
9 1 7 
1 1 26 
14 1 40 
4 1 12 
8 1 8 
20 1 26 
19 1 26 
17 1 43 


10
2 1
2 1
10 1 37 
7 1 20 
8 1
17 1 11 
19 1 45 
11 1 34 
14 1 19 
8 1 41 
15 1 24 
5 1 17 
1 1 10 

2 2
7 1
1 2 1 
2 2 12 
16 2 7 
14 2 25 
10 2 2 
12 2 11 
3 2 15 
7 2
5 1 3 2 4 
18 1 19 2 22 
4 1 23 2 17 
20 1 8 2 10 
7 1 17 2 6 
11 1 9 2 5 
15 1 4 2 2 

1 1
5 1
9 1 36 
7 1 7 
20 1 36 
3 1 5 
12 1 10 

1 1
10 1
6 1 23 
13 1 20 
11 1 9 
12 1 26 
9 1 35 
19 1 28 
10 1 24 
15 1 38 
3 1 42 
4 1 10 

2 1
3 1
1 1 47 
19 1 6 
18 1 43 
9 1
2 1 5 
10 1 44 
15 1 37 
11 1 32 
7 1 33 
12 1 29 
5 1 47 
20 1 32 
9 1 42 

1 1
3 1
1 1 18 
17 1 37 
7 1 40 

1 1
10 1
16 1 42 
9 1 14 
12 1 35 
14 1 45 
4 1 22 
18 1 17 
3 1 11 
15 1 46 
1 1 36 
19 1 27 

2 1
2 1
17 1 20 
15 1 22 
9 1
5 1 44 
11 1 23 
19 1 6 
13 1 21 
1 1 17 
18 1 37 
6 1 16 
12 1 20 
3 1 24 

1 1
8 1
3 1 6 
10 1 10 
5 1 34 
2 1 6 
9 1 48 
17 1 16 
4 1 27 
15 1 22 

1 1
5 1
7 1 16 
13 1 22 
4 1 38 
12 1 39 
16 1 45 


10
2 1
8 1
17 1 48 
1 1 11 
4 1 33 
9 1 18 
18 1 32 
10 1 36 
5 1 10 
15 1 19 
2 1
7 1 10 
19 1 16 

1 1
3 1
15 1 6 
17 1 46 
20 1 46 

1 1
7 1
17 1 16 
19 1 32 
16 1 33 
9 1 35 
4 1 15 
10 1 14 
14 1 25 

1 1
3 1
1 1 17 
12 1 8 
3 1 24 

2 1
10 1
15 1 12 
19 1 5 
18 1 14 
11 1 18 
12 1 7 
5 1 23 
4 1 16 
6 1 47 
7 1 36 
20 1 47 
7 1
9 1 15 
14 1 44 
16 1 39 
3 1 6 
1 1 45 
13 1 45 
2 1 36 

2 1
2 1
18 1 25 
2 1 5 
1 1
16 1 6 

1 1
3 1
3 1 49 
7 1 34 
6 1 5 

1 1
5 1
10 1 26 
3 1 40 
11 1 13 
2 1 14 
8 1 14 

1 1
5 1
9 1 42 
17 1 30 
18 1 33 
13 1 12 
20 1 25 

2 1
5 1
13 1 30 
16 1 28 
11 1 9 
8 1 20 
20 1 34 
8 1
9 1 27 
18 1 23 
12 1 31 
2 1 37 
4 1 29 
1 1 35 
15 1 14 
17 1 6 


10
1 1
1 1
8 1 9 

2 1
3 1
13 1 49 
3 1 12 
10 1 15 
9 1
14 1 19 
2 1 37 
11 1 46 
20 1 44 
15 1 21 
6 1 47 
12 1 24 
4 1 46 
9 1 17 

2 1
2 1
7 1 28 
13 1 20 
4 1
4 1 24 
19 1 10 
16 1 26 
20 1 45 

2 1
1 1
4 1 32 
7 1
3 1 46 
8 1 23 
10 1 24 
20 1 44 
16 1 31 
1 1 16 
12 1 10 

1 1
7 1
16 1 38 
7 1 12 
6 1 42 
19 1 36 
12 1 30 
13 1 32 
3 1 45 

1 1
8 1
11 1 10 
16 1 37 
14 1 22 
9 1 21 
5 1 14 
2 1 16 
15 1 37 
20 1 33 

1 1
2 1
13 1 17 
18 1 41 

2 2
9 2
8 1 17 2 2 
20 1 4 2 2 
16 1 31 2 9 
7 1 11 2 7 
6 1 19 2 20 
3 1 19 2 1 
19 1 8 2 30 
18 1 33 2 3 
5 1 12 2 33 
10 2
2 1 5 2 1 
9 1 27 2 1 
14 1 5 2 18 
12 1 12 2 16 
1 1 21 2 21 
15 1 14 2 22 
17 1 9 2 12 
4 1 3 2 29 
10 1 13 2 25 
11 1 15 2 24 

2 1
2 1
2 1 22 
8 1 47 
10 1
20 1 37 
5 1 40 
1 1 30 
15 1 44 
11 1 31 
17 1 41 
12 1 37 
19 1 28 
13 1 38 
10 1 26 

1 1
10 1
11 1 19 
16 1 23 
7 1 48 
18 1 9 
5 1 31 
20 1 16 
12 1 15 
2 1 16 
9 1 9 
14 1 33 


10
1 1
10 1
6 1 15 
2 1 44 
18 1 42 
20 1 25 
10 1 30 
17 1 23 
12 1 26 
1 1 26 
3 1 29 
16 1 27 

2 2
9 2
9 1 28 2 3 
5 1 47 2 2 
17 1 23 2 12 
8 1 26 2 4 
10 1 3 2 9 
2 1 24 2 7 
12 1 4 2 4 
15 1 33 2 3 
3 1 10 2 39 
5 2
7 1 12 2 13 
1 1 2 2 4 
11 1 3 2 3 
6 1 13 2 27 
4 1 6 2 20 

2 1
4 1
19 1 49 
16 1 34 
8 1 6 
7 1 38 
1 1
11 1 26 

2 2
7 1
19 1 26 
10 1 2 
8 1 6 
2 1 17 
6 1 8 
13 1 4 
9 1 2 
2 2
16 1 14 2 12 
5 1 4 2 10 

2 2
1 2
12 1 18 2 5 
9 1
18 1 18 
19 1 19 
9 1 5 
14 1 6 
15 1 2 
11 1 2 
17 1 27 
13 1 7 
3 1 8 

2 1
7 1
17 1 44 
6 1 29 
15 1 47 
10 1 14 
14 1 48 
8 1 25 
20 1 33 
7 1
1 1 34 
4 1 49 
12 1 31 
13 1 9 
9 1 13 
19 1 6 
2 1 45 

2 2
8 1
13 1 33 
1 1 36 
14 1 3 
4 1 3 
12 1 11 
3 1 4 
9 1 25 
10 1 2 
9 2
7 1 10 2 7 
15 1 38 2 8 
19 1 3 2 7 
6 1 12 2 4 
8 1 11 2 1 
11 1 22 2 24 
18 1 14 2 19 
16 1 3 2 4 
17 1 9 2 18 

1 1
6 1
20 1 39 
18 1 8 
6 1 24 
16 1 48 
3 1 30 
11 1 10 

2 1
1 1
13 1 45 
4 1
19 1 13 
10 1 43 
5 1 13 
16 1 26 

2 2
9 1
20 2 1 
8 2 12 
12 2 32 
5 2 5 
9 2 2 
1 2 3 
19 2 6 
15 2 8 
14 2 18 
3 2
7 1 5 2 5 
11 1 6 2 3 
3 1 4 2 7 


