10 20 150 5 5

15
3 3
1 3
12 1 3 2 9 3 5 
1 3
13 1 18 2 10 3 3 
2 2
9 1 6 2 1 
11 1 8 2 4 

4 3
1 3
8 1 20 2 12 3 4 
2 3
6 1 7 2 2 3 2 
17 1 14 2 7 3 4 
2 2
2 2 5 3 3 
12 2 8 3 8 
2 1
13 3 11 
3 3 20 

1 1
2 1
8 1 14 
16 1 33 

3 3
2 1
7 2 12 
5 2 15 
1 3
2 1 8 2 4 3 11 
1 3
6 1 6 2 4 3 9 

1 1
2 1
13 1 33 
8 1 35 

4 1
1 1
8 1 41 
2 1
18 1 43 
4 1 10 
1 1
15 1 39 
1 1
3 1 29 

4 3
2 3
19 1 11 2 3 3 7 
6 1 9 2 8 3 10 
2 1
3 3 3 
11 3 1 
1 3
4 1 5 2 4 3 34 
2 1
13 2 6 
9 2 20 

1 1
1 1
8 1 8 

1 1
1 1
3 1 49 

3 2
2 2
9 1 18 2 18 
8 1 8 2 13 
1 2
6 1 7 2 38 
1 2
12 1 16 2 14 

4 3
1 3
19 1 3 2 3 3 16 
2 1
17 1 9 
5 1 9 
1 2
3 2 6 3 4 
2 1
7 2 2 
16 2 1 

5 5
2 5
12 1 2 2 2 3 6 4 1 5 1 
18 1 6 2 6 3 5 4 4 5 8 
1 5
20 1 3 2 3 3 1 4 2 5 1 
2 3
17 2 9 3 4 4 9 
1 2 7 3 3 4 2 
2 5
15 1 2 2 6 3 3 4 3 5 21 
7 1 2 2 3 3 3 4 3 5 2 
1 1
9 1 2 

3 1
1 1
8 1 31 
2 1
3 1 25 
5 1 8 
2 1
2 1 42 
20 1 49 

2 1
1 1
17 1 40 
1 1
11 1 33 

1 1
2 1
11 1 17 
12 1 7 


15
4 2
1 1
16 1 11 
2 2
10 1 12 2 2 
5 1 8 2 16 
1 2
11 1 7 2 1 
1 1
3 2 6 

2 2
2 1
4 1 23 
20 1 11 
2 2
3 1 44 2 1 
6 1 5 2 20 

3 3
1 1
3 1 7 
1 2
13 1 9 2 2 
1 3
5 1 3 2 3 3 1 

3 1
1 1
12 1 23 
2 1
8 1 20 
11 1 18 
2 1
2 1 22 
17 1 43 

4 3
2 1
3 2 13 
6 2 2 
2 2
17 2 22 3 9 
7 2 7 3 1 
2 3
20 1 9 2 14 3 8 
16 1 12 2 25 3 1 
1 2
13 1 3 2 22 

3 1
2 1
16 1 15 
14 1 27 
2 1
5 1 14 
9 1 31 
1 1
2 1 38 

4 2
2 1
14 1 39 
4 1 11 
1 1
7 1 2 
1 2
12 1 3 2 29 
2 2
9 1 10 2 5 
1 1 3 2 4 

5 5
1 5
11 1 6 2 3 3 11 4 2 5 9 
1 1
13 3 2 
1 5
6 1 3 2 7 3 4 4 4 5 14 
2 1
17 4 15 
19 4 12 
2 1
1 2 7 
16 2 2 

2 1
2 1
11 1 23 
4 1 46 
2 1
7 1 14 
12 1 19 

4 4
1 4
16 1 2 2 7 3 2 4 4 
2 1
11 4 5 
6 4 18 
2 2
1 3 10 4 2 
13 3 1 4 2 
1 1
2 2 12 

3 2
1 2
17 1 30 2 11 
1 1
6 1 18 
2 2
12 1 31 2 3 
9 1 4 2 5 

2 1
2 1
12 1 26 
1 1 49 
2 1
9 1 15 
20 1 40 

5 3
1 1
19 1 4 
1 3
6 1 7 2 6 3 7 
2 2
17 1 32 2 3 
8 1 2 2 16 
1 1
3 1 14 
2 3
16 1 4 2 2 3 5 
1 1 2 2 31 3 16 

1 1
2 1
13 1 24 
1 1 21 

4 1
1 1
9 1 38 
1 1
5 1 14 
1 1
16 1 30 
2 1
14 1 7 
1 1 47 


15
5 5
1 3
4 2 3 3 1 4 10 
2 5
5 1 2 2 3 3 2 4 2 5 1 
19 1 3 2 2 3 5 4 3 5 5 
1 4
1 1 5 2 12 3 3 4 2 
2 2
10 4 2 5 11 
13 4 9 5 10 
1 5
8 1 4 2 8 3 9 4 8 5 13 

3 1
1 1
10 1 13 
2 1
19 1 41 
9 1 8 
1 1
1 1 26 

2 1
1 1
17 1 12 
1 1
20 1 42 

2 2
2 2
6 1 40 2 5 
2 1 2 2 35 
2 1
10 1 3 
19 1 4 

5 3
1 3
6 1 14 2 22 3 10 
1 2
4 1 21 2 3 
1 1
2 2 9 
1 1
18 1 5 
2 3
16 1 7 2 3 3 33 
10 1 2 2 5 3 1 

4 1
2 1
18 1 15 
19 1 30 
1 1
7 1 34 
1 1
20 1 17 
2 1
14 1 6 
4 1 27 

5 5
2 4
11 2 5 3 9 4 2 5 16 
5 2 14 3 3 4 2 5 1 
2 3
2 1 3 2 22 3 3 
1 1 2 2 2 3 21 
2 2
15 3 1 4 1 
8 3 1 4 3 
2 5
10 1 3 2 6 3 14 4 4 5 10 
3 1 7 2 5 3 3 4 6 5 7 
2 3
12 1 5 2 3 3 2 
4 1 10 2 6 3 5 

2 2
1 2
9 1 21 2 23 
1 1
14 2 3 

4 4
1 3
7 1 4 2 8 3 12 
2 3
6 2 8 3 6 4 6 
2 2 5 3 12 4 11 
1 4
8 1 3 2 1 3 1 4 3 
2 1
1 1 4 
20 1 2 

4 2
1 1
3 2 15 
2 2
13 1 31 2 12 
4 1 37 2 2 
1 2
19 1 17 2 5 
1 2
18 1 5 2 15 

3 3
2 1
2 2 4 
3 2 2 
1 3
14 1 14 2 3 3 14 
2 1
1 3 3 
18 3 3 

4 2
2 1
8 1 10 
16 1 21 
2 2
18 1 25 2 21 
9 1 14 2 14 
1 1
20 2 2 
2 1
19 2 35 
3 2 23 

3 3
2 1
14 1 4 
5 1 6 
2 3
8 1 4 2 2 3 2 
1 1 2 2 14 3 29 
2 1
13 2 3 
19 2 3 

3 1
1 1
9 1 15 
2 1
2 1 25 
17 1 33 
1 1
14 1 34 

5 2
1 1
15 2 20 
1 2
5 1 4 2 13 
1 1
6 1 10 
1 1
10 1 35 
2 1
1 1 28 
13 1 39 


15
2 1
2 1
6 1 46 
19 1 24 
2 1
4 1 26 
2 1 19 

2 2
2 2
6 1 17 2 2 
18 1 4 2 16 
1 2
12 1 6 2 10 

5 1
1 1
12 1 34 
2 1
2 1 47 
19 1 44 
2 1
3 1 30 
15 1 14 
2 1
14 1 19 
16 1 25 
1 1
4 1 25 

5 3
1 2
14 2 4 3 3 
1 3
12 1 22 2 13 3 4 
2 2
18 2 17 3 7 
19 2 26 3 4 
2 3
1 1 10 2 3 3 13 
6 1 14 2 5 3 1 
2 1
15 1 2 
2 1 5 

1 1
2 1
3 1 28 
1 1 36 

4 3
1 1
3 1 14 
2 2
11 2 1 3 3 
9 2 12 3 9 
1 3
12 1 2 2 3 3 1 
1 1
15 2 1 

4 4
1 2
5 1 4 2 7 
2 4
14 1 2 2 2 3 4 4 6 
11 1 5 2 10 3 6 4 8 
2 1
1 4 12 
10 4 5 
1 1
8 3 1 

1 1
2 1
17 1 14 
10 1 12 

1 1
1 1
18 1 47 

5 3
1 1
5 1 13 
2 2
8 1 2 2 13 
9 1 3 2 1 
2 2
14 1 2 2 9 
18 1 3 2 2 
1 3
3 1 13 2 7 3 7 
2 1
13 1 2 
17 1 24 

2 1
2 1
18 1 6 
4 1 43 
1 1
9 1 12 

1 1
2 1
1 1 47 
11 1 17 

4 4
2 1
13 2 1 
1 2 5 
2 2
9 1 7 2 24 
12 1 12 2 18 
1 1
3 1 22 
1 4
20 1 3 2 17 3 10 4 2 

3 3
1 2
3 2 23 3 14 
2 1
6 2 6 
7 2 2 
1 3
14 1 8 2 27 3 11 

2 1
1 1
16 1 21 
2 1
19 1 31 
3 1 19 


15
1 1
1 1
16 1 6 

5 4
1 1
20 2 2 
1 2
18 3 11 4 3 
2 2
14 3 1 4 1 
12 3 1 4 3 
1 4
8 1 2 2 3 3 9 4 1 
1 1
5 4 5 

5 2
1 2
14 1 14 2 7 
2 2
18 1 10 2 35 
9 1 12 2 1 
1 1
17 1 6 
1 2
12 1 4 2 5 
1 1
11 2 3 

3 3
1 3
20 1 2 2 11 3 3 
1 2
8 1 4 2 17 
1 1
6 2 8 

2 1
2 1
13 1 18 
1 1 42 
1 1
6 1 21 

5 4
1 1
1 2 10 
2 4
8 1 23 2 11 3 1 4 2 
14 1 14 2 2 3 2 4 4 
2 1
17 4 5 
20 4 11 
1 3
13 1 10 2 8 3 19 
2 3
7 1 16 2 14 3 3 
2 1 8 2 8 3 6 

2 1
2 1
8 1 22 
18 1 11 
1 1
13 1 15 

5 3
2 1
8 2 1 
2 2 5 
1 2
4 1 26 2 7 
1 2
7 1 17 2 4 
1 3
6 1 6 2 2 3 1 
1 1
14 3 10 

5 2
2 2
4 1 2 2 16 
20 1 9 2 1 
2 2
7 1 9 2 8 
17 1 12 2 5 
1 1
13 2 4 
1 1
10 1 9 
1 1
1 2 25 

3 2
2 2
8 1 9 2 3 
17 1 27 2 4 
1 1
12 1 23 
1 2
1 1 7 2 7 

4 2
1 1
20 1 2 
2 1
15 2 10 
1 2 2 
1 2
11 1 2 2 11 
2 2
9 1 22 2 2 
2 1 14 2 10 

3 3
2 3
13 1 2 2 9 3 12 
6 1 2 2 4 3 8 
2 1
16 1 26 
3 1 4 
1 1
5 2 5 

1 1
1 1
2 1 31 

1 1
2 1
3 1 31 
6 1 18 

5 3
1 2
2 2 26 3 16 
2 3
17 1 4 2 12 3 7 
5 1 7 2 7 3 2 
2 3
4 1 2 2 26 3 4 
10 1 2 2 14 3 32 
2 3
14 1 7 2 6 3 1 
12 1 31 2 1 3 2 
1 1
19 2 11 


15
3 2
2 2
4 1 23 2 26 
19 1 5 2 25 
1 2
1 1 6 2 3 
1 1
20 1 10 

5 2
2 2
10 1 5 2 13 
14 1 15 2 24 
2 1
15 1 15 
5 1 4 
2 2
16 1 37 2 4 
3 1 3 2 5 
2 2
13 1 20 2 4 
1 1 21 2 2 
1 1
20 1 16 

1 1
2 1
20 1 41 
5 1 36 

2 2
1 2
5 1 28 2 2 
2 1
3 2 3 
13 2 11 

5 3
2 1
7 2 15 
14 2 2 
2 3
17 1 6 2 2 3 3 
19 1 2 2 30 3 14 
1 2
15 2 2 3 1 
2 1
2 3 5 
3 3 12 
2 2
13 2 3 3 8 
16 2 22 3 1 

4 1
1 1
8 1 45 
1 1
10 1 43 
2 1
2 1 21 
5 1 33 
2 1
6 1 12 
11 1 42 

3 1
1 1
16 1 43 
2 1
3 1 24 
11 1 35 
2 1
14 1 8 
19 1 48 

5 3
2 2
11 1 14 2 1 
9 1 16 2 13 
2 2
8 1 17 2 18 
18 1 10 2 2 
2 1
15 3 7 
19 3 1 
2 2
16 1 2 2 3 
10 1 4 2 1 
2 3
13 1 16 2 2 3 29 
4 1 2 2 2 3 1 

4 3
1 2
11 1 7 2 9 
1 1
1 2 2 
1 2
6 1 5 2 7 
1 3
10 1 20 2 12 3 3 

1 1
1 1
12 1 10 

5 4
1 2
5 3 9 4 1 
1 3
20 2 1 3 2 4 1 
2 1
2 4 2 
10 4 16 
2 4
3 1 11 2 7 3 14 4 5 
15 1 10 2 3 3 14 4 18 
2 2
17 3 7 4 19 
11 3 9 4 3 

4 3
1 1
18 1 5 
2 3
5 1 19 2 12 3 10 
13 1 8 2 24 3 10 
1 1
4 2 3 
1 2
9 2 9 3 3 

4 4
1 4
5 1 3 2 16 3 5 4 5 
2 4
14 1 12 2 10 3 4 4 7 
6 1 4 2 1 3 4 4 1 
2 2
20 3 1 4 1 
18 3 14 4 5 
2 1
12 2 5 
2 2 8 

5 4
1 2
11 1 2 2 1 
1 4
20 1 2 2 1 3 3 4 4 
2 4
17 1 15 2 23 3 1 4 2 
10 1 2 2 7 3 1 4 24 
2 2
19 1 2 2 1 
14 1 5 2 9 
2 2
9 1 2 2 7 
12 1 8 2 2 

5 1
2 1
19 1 14 
1 1 45 
2 1
14 1 49 
17 1 21 
2 1
12 1 17 
20 1 42 
1 1
9 1 6 
2 1
16 1 49 
8 1 23 


15
3 1
2 1
2 1 29 
19 1 16 
1 1
15 1 26 
2 1
9 1 10 
11 1 15 

1 1
2 1
12 1 25 
1 1 15 

2 2
1 2
8 1 3 2 12 
1 1
19 2 27 

3 3
1 3
6 1 8 2 5 3 10 
2 3
10 1 4 2 6 3 16 
2 1 22 2 6 3 9 
2 3
9 1 13 2 4 3 5 
19 1 5 2 10 3 23 

3 3
1 3
3 1 16 2 5 3 21 
2 3
10 1 3 2 10 3 18 
15 1 4 2 3 3 5 
2 1
13 3 2 
14 3 29 

2 2
2 2
16 1 23 2 24 
14 1 46 2 2 
1 2
2 1 2 2 3 

1 1
1 1
3 1 6 

4 4
1 2
4 2 1 3 30 
1 4
14 1 2 2 1 3 2 4 5 
1 2
3 2 4 3 1 
1 2
10 3 2 4 5 

5 2
1 2
7 1 3 2 2 
2 2
17 1 11 2 22 
20 1 13 2 5 
1 2
18 1 28 2 5 
2 2
2 1 14 2 5 
14 1 2 2 18 
1 1
3 1 4 

3 2
2 2
10 1 2 2 40 
18 1 38 2 5 
2 1
5 1 17 
7 1 12 
1 1
12 1 23 

3 1
1 1
11 1 16 
1 1
16 1 16 
2 1
6 1 40 
4 1 16 

1 1
2 1
1 1 14 
17 1 7 

2 2
2 1
12 2 1 
18 2 3 
1 2
15 1 4 2 16 

3 2
1 1
9 2 13 
2 2
19 1 4 2 3 
18 1 2 2 33 
2 1
6 1 2 
11 1 6 

5 4
1 2
7 2 3 3 10 
1 2
5 2 2 3 3 
2 3
16 1 4 2 2 3 3 
3 1 17 2 2 3 14 
2 4
8 1 16 2 4 3 1 4 5 
1 1 4 2 2 3 5 4 5 
2 4
19 1 3 2 4 3 12 4 15 
18 1 11 2 3 3 17 4 4 


15
5 3
1 1
3 3 5 
2 2
10 2 18 3 16 
12 2 7 3 24 
2 1
11 1 3 
18 1 7 
2 3
16 1 2 2 1 3 5 
15 1 7 2 21 3 17 
2 3
5 1 11 2 14 3 7 
14 1 7 2 3 3 1 

1 1
1 1
16 1 17 

3 1
1 1
9 1 23 
2 1
8 1 21 
13 1 49 
2 1
20 1 33 
4 1 43 

4 1
1 1
15 1 30 
2 1
4 1 43 
17 1 35 
2 1
1 1 5 
12 1 17 
1 1
16 1 37 

5 4
2 1
2 1 4 
9 1 5 
1 3
1 1 5 2 2 3 5 
2 4
19 1 2 2 12 3 5 4 16 
16 1 20 2 5 3 9 4 10 
2 3
7 2 7 3 5 4 5 
17 2 2 3 4 4 6 
1 4
14 1 2 2 1 3 2 4 1 

5 3
2 2
16 1 25 2 5 
17 1 18 2 10 
2 3
1 1 11 2 3 3 17 
14 1 12 2 15 3 15 
1 1
5 3 29 
1 1
18 1 34 
2 1
19 2 14 
8 2 4 

2 1
2 1
1 1 12 
10 1 16 
2 1
17 1 38 
5 1 31 

1 1
2 1
6 1 39 
15 1 26 

4 3
2 2
3 1 10 2 3 
6 1 10 2 26 
2 2
10 1 4 2 3 
4 1 16 2 5 
1 1
9 2 4 
1 3
1 1 18 2 20 3 3 

2 2
2 2
5 1 20 2 22 
13 1 7 2 36 
1 2
15 1 11 2 14 

1 1
2 1
13 1 32 
7 1 6 

2 2
1 2
8 1 11 2 3 
1 2
15 1 32 2 15 

2 1
1 1
19 1 37 
1 1
17 1 23 

2 1
1 1
7 1 26 
2 1
9 1 8 
6 1 22 

5 2
1 2
15 1 4 2 1 
2 2
20 1 3 2 3 
2 1 2 2 12 
2 1
14 2 13 
12 2 30 
1 2
11 1 5 2 12 
1 1
7 2 6 


15
5 1
2 1
13 1 47 
2 1 45 
2 1
12 1 25 
17 1 45 
2 1
19 1 43 
3 1 35 
1 1
7 1 8 
1 1
6 1 32 

3 3
2 2
9 2 8 3 29 
4 2 2 3 1 
2 3
18 1 8 2 6 3 1 
2 1 19 2 4 3 9 
2 1
16 2 17 
15 2 14 

1 1
1 1
19 1 38 

3 2
1 1
4 2 10 
1 1
8 1 15 
1 2
14 1 2 2 23 

1 1
1 1
19 1 10 

4 2
2 2
17 1 42 2 4 
1 1 5 2 4 
2 2
20 1 3 2 25 
2 1 31 2 11 
2 1
5 2 3 
6 2 19 
2 2
7 1 8 2 2 
9 1 30 2 9 

1 1
1 1
9 1 37 

5 5
2 4
13 1 6 2 2 3 1 4 10 
4 1 4 2 17 3 11 4 11 
1 3
6 2 2 3 3 4 7 
2 1
8 4 10 
2 4 2 
2 2
20 1 5 2 1 
17 1 5 2 6 
2 5
18 1 2 2 4 3 2 4 12 5 4 
15 1 15 2 2 3 22 4 2 5 8 

5 5
1 1
3 5 4 
1 2
5 4 2 5 5 
1 2
1 1 10 2 3 
1 1
17 2 2 
2 5
12 1 3 2 12 3 3 4 2 5 1 
16 1 3 2 2 3 11 4 6 5 1 

3 1
2 1
12 1 45 
11 1 43 
2 1
4 1 9 
20 1 35 
1 1
7 1 18 

1 1
2 1
13 1 35 
16 1 25 

2 2
1 2
3 1 19 2 20 
2 1
2 2 7 
18 2 9 

4 3
1 3
13 1 8 2 15 3 2 
1 1
6 3 23 
2 3
10 1 3 2 7 3 26 
5 1 17 2 3 3 2 
1 1
14 3 5 

5 5
2 4
7 1 6 2 5 3 11 4 9 
12 1 4 2 7 3 1 4 2 
2 1
2 2 1 
1 2 7 
2 3
11 3 5 4 1 5 2 
5 3 6 4 5 5 10 
1 5
20 1 3 2 2 3 4 4 5 5 15 
2 4
9 1 2 2 5 3 4 4 1 
6 1 2 2 2 3 5 4 3 

5 3
2 3
1 1 19 2 25 3 4 
14 1 12 2 12 3 19 
1 3
5 1 25 2 7 3 9 
2 2
20 2 9 3 26 
9 2 7 3 6 
2 3
8 1 6 2 2 3 6 
16 1 3 2 4 3 3 
2 1
12 1 16 
2 1 3 


15
5 5
2 5
6 1 3 2 5 3 9 4 2 5 1 
11 1 2 2 3 3 5 4 13 5 2 
2 1
4 3 6 
12 3 14 
1 3
13 2 2 3 3 4 5 
2 5
5 1 5 2 1 3 2 4 4 5 2 
16 1 13 2 5 3 8 4 4 5 4 
1 1
14 1 2 

2 2
1 2
10 1 8 2 5 
2 2
16 1 16 2 14 
9 1 13 2 8 

4 1
2 1
11 1 8 
14 1 18 
2 1
15 1 40 
17 1 5 
2 1
4 1 49 
16 1 13 
1 1
18 1 29 

5 4
2 4
13 1 19 2 2 3 4 4 7 
9 1 28 2 4 3 7 4 5 
2 4
6 1 2 2 2 3 3 4 1 
17 1 22 2 7 3 4 4 10 
2 1
10 2 8 
14 2 7 
2 3
11 2 3 3 2 4 1 
8 2 1 3 1 4 1 
2 1
18 3 4 
5 3 6 

2 2
1 2
12 1 28 2 4 
2 1
13 1 12 
15 1 6 

3 1
1 1
11 1 45 
1 1
17 1 44 
1 1
15 1 27 

3 3
2 3
14 1 3 2 6 3 1 
10 1 4 2 2 3 13 
2 1
20 3 8 
11 3 8 
1 2
16 2 3 3 1 

5 2
1 1
18 2 14 
1 2
5 1 16 2 10 
2 1
9 2 20 
4 2 13 
2 1
6 1 15 
11 1 15 
1 2
15 1 6 2 43 

1 1
1 1
15 1 25 

5 1
1 1
9 1 12 
2 1
14 1 10 
17 1 37 
1 1
16 1 38 
2 1
11 1 11 
10 1 15 
2 1
3 1 25 
18 1 14 

1 1
2 1
2 1 41 
8 1 24 

1 1
1 1
19 1 14 

5 2
2 1
9 2 3 
5 2 33 
2 2
15 1 14 2 1 
1 1 2 2 3 
1 2
13 1 27 2 6 
1 2
4 1 4 2 5 
2 1
17 2 2 
16 2 18 

2 2
2 2
2 1 5 2 13 
5 1 10 2 4 
2 2
20 1 16 2 3 
6 1 26 2 15 

1 1
1 1
2 1 28 


