10 20 100 2 2

10
1 1
7 1
6 1 40 
1 1 12 
11 1 19 
20 1 19 
4 1 5 
2 1 31 
16 1 45 

2 2
4 2
7 1 9 2 2 
16 1 4 2 17 
10 1 11 2 8 
17 1 12 2 6 
2 2
1 1 3 2 3 
12 1 24 2 11 

1 1
7 1
6 1 8 
13 1 19 
8 1 46 
7 1 28 
11 1 15 
10 1 10 
17 1 37 

1 1
1 1
9 1 16 

1 1
9 1
11 1 45 
15 1 5 
18 1 41 
8 1 11 
12 1 20 
20 1 10 
3 1 28 
5 1 19 
9 1 31 

1 1
6 1
6 1 14 
13 1 17 
20 1 44 
18 1 29 
10 1 8 
14 1 17 

1 1
5 1
11 1 30 
3 1 44 
10 1 12 
9 1 19 
7 1 38 

2 1
7 1
4 1 27 
5 1 40 
9 1 33 
16 1 22 
18 1 19 
17 1 26 
1 1 28 
4 1
20 1 48 
14 1 16 
11 1 12 
19 1 20 

1 1
7 1
2 1 16 
11 1 6 
14 1 37 
15 1 23 
12 1 38 
7 1 27 
20 1 6 

1 1
3 1
14 1 47 
10 1 14 
2 1 17 


10
1 1
6 1
9 1 28 
20 1 43 
3 1 23 
17 1 13 
2 1 23 
5 1 31 

1 1
2 1
11 1 36 
18 1 32 

2 2
10 1
10 1 11 
7 1 44 
8 1 23 
9 1 17 
3 1 11 
2 1 4 
19 1 12 
15 1 13 
16 1 25 
4 1 4 
10 2
20 1 18 2 9 
11 1 27 2 12 
6 1 2 2 17 
18 1 29 2 15 
17 1 43 2 3 
1 1 10 2 22 
5 1 6 2 1 
14 1 3 2 9 
13 1 11 2 5 
12 1 24 2 5 

2 2
5 2
6 1 2 2 13 
20 1 22 2 3 
9 1 12 2 14 
16 1 44 2 2 
17 1 13 2 20 
8 1
8 1 14 
18 1 23 
19 1 20 
4 1 23 
1 1 10 
10 1 15 
12 1 18 
11 1 26 

2 2
7 2
12 1 35 2 6 
18 1 6 2 19 
16 1 6 2 5 
17 1 32 2 8 
7 1 6 2 1 
9 1 32 2 2 
3 1 4 2 8 
9 1
1 1 12 
20 1 8 
11 1 10 
10 1 23 
19 1 20 
14 1 4 
8 1 3 
13 1 2 
6 1 11 

2 1
10 1
6 1 28 
17 1 15 
15 1 32 
13 1 42 
18 1 5 
1 1 19 
16 1 29 
2 1 20 
11 1 36 
20 1 29 
2 1
12 1 27 
8 1 6 

1 1
5 1
16 1 10 
7 1 47 
2 1 5 
13 1 26 
12 1 49 

2 1
3 1
5 1 25 
18 1 37 
1 1 15 
7 1
4 1 20 
15 1 26 
7 1 17 
11 1 41 
10 1 33 
13 1 43 
3 1 17 

2 1
5 1
9 1 22 
15 1 7 
1 1 28 
12 1 5 
4 1 22 
10 1
3 1 5 
10 1 6 
5 1 34 
6 1 14 
14 1 18 
19 1 19 
2 1 49 
13 1 7 
16 1 17 
17 1 43 

1 1
10 1
9 1 39 
16 1 39 
8 1 15 
11 1 47 
5 1 18 
1 1 37 
14 1 39 
12 1 20 
6 1 12 
17 1 27 


10
1 1
2 1
7 1 31 
16 1 41 

1 1
5 1
10 1 49 
7 1 39 
13 1 43 
6 1 10 
2 1 32 

1 1
6 1
8 1 49 
1 1 21 
2 1 39 
3 1 8 
7 1 28 
11 1 35 

2 2
3 1
16 2 16 
4 2 5 
20 2 30 
3 2
14 1 32 2 10 
9 1 2 2 4 
6 1 15 2 2 

2 1
7 1
12 1 20 
5 1 25 
16 1 42 
18 1 44 
15 1 39 
3 1 35 
4 1 26 
6 1
6 1 31 
2 1 39 
10 1 21 
13 1 6 
8 1 24 
7 1 32 

1 1
10 1
11 1 21 
14 1 36 
10 1 38 
1 1 10 
13 1 30 
9 1 20 
12 1 41 
3 1 12 
16 1 12 
4 1 39 

1 1
2 1
7 1 30 
13 1 38 

2 1
3 1
15 1 33 
11 1 32 
14 1 34 
4 1
4 1 44 
2 1 24 
18 1 18 
20 1 40 

2 2
3 2
2 1 25 2 4 
1 1 36 2 8 
20 1 6 2 2 
1 1
4 1 2 

2 2
5 2
8 1 7 2 13 
16 1 9 2 3 
13 1 10 2 13 
12 1 3 2 46 
10 1 12 2 12 
2 2
1 1 9 2 3 
11 1 26 2 6 


10
1 1
6 1
16 1 19 
7 1 32 
2 1 31 
11 1 10 
14 1 34 
17 1 18 

2 2
6 2
20 1 4 2 35 
8 1 2 2 7 
15 1 5 2 16 
12 1 23 2 18 
5 1 5 2 6 
14 1 2 2 22 
8 2
10 1 16 2 13 
18 1 17 2 8 
3 1 2 2 7 
6 1 14 2 17 
7 1 7 2 17 
11 1 4 2 15 
2 1 29 2 2 
16 1 21 2 10 

1 1
4 1
5 1 6 
11 1 5 
4 1 14 
13 1 37 

2 2
5 2
9 1 11 2 26 
2 1 30 2 5 
18 1 23 2 24 
8 1 21 2 3 
6 1 10 2 19 
4 1
7 1 7 
1 1 30 
20 1 8 
15 1 8 

1 1
6 1
19 1 22 
4 1 9 
11 1 34 
14 1 32 
1 1 40 
9 1 28 

2 2
3 2
20 1 17 2 14 
14 1 22 2 15 
11 1 10 2 35 
1 2
9 1 15 2 29 

2 1
7 1
9 1 47 
3 1 28 
5 1 48 
4 1 45 
7 1 46 
14 1 43 
15 1 43 
7 1
18 1 49 
11 1 39 
12 1 17 
1 1 26 
17 1 28 
20 1 30 
16 1 18 

1 1
6 1
10 1 29 
20 1 39 
18 1 27 
16 1 38 
8 1 15 
12 1 15 

1 1
4 1
4 1 43 
16 1 20 
15 1 31 
1 1 40 

2 2
3 1
12 2 5 
6 2 12 
10 2 9 
1 2
4 1 28 2 4 


10
1 1
3 1
6 1 37 
11 1 44 
10 1 9 

2 2
9 2
6 1 6 2 9 
8 1 16 2 1 
16 1 3 2 2 
1 1 11 2 12 
4 1 18 2 21 
9 1 31 2 10 
2 1 18 2 6 
5 1 5 2 25 
13 1 30 2 12 
10 1
15 2 22 
7 2 6 
10 2 20 
12 2 18 
20 2 3 
19 2 11 
14 2 17 
18 2 38 
3 2 28 
11 2 24 

2 2
6 2
13 1 7 2 3 
3 1 8 2 16 
17 1 3 2 4 
5 1 2 2 12 
8 1 19 2 18 
15 1 21 2 1 
2 1
11 2 16 
1 2 3 

2 2
4 1
13 1 29 
1 1 12 
20 1 2 
6 1 9 
3 2
17 1 24 2 14 
5 1 7 2 8 
14 1 22 2 27 

2 2
7 1
2 1 38 
19 1 30 
13 1 5 
14 1 2 
7 1 22 
12 1 19 
3 1 13 
4 2
6 1 5 2 24 
9 1 3 2 17 
5 1 33 2 16 
16 1 22 2 13 

1 1
9 1
18 1 35 
5 1 49 
9 1 5 
8 1 49 
2 1 19 
12 1 26 
3 1 44 
4 1 29 
6 1 14 

2 2
1 1
20 2 16 
5 2
3 1 12 2 31 
14 1 19 2 9 
10 1 3 2 36 
7 1 13 2 33 
6 1 33 2 15 

1 1
2 1
4 1 49 
16 1 44 

2 2
2 2
1 1 14 2 2 
3 1 20 2 17 
5 1
2 1 11 
8 1 2 
10 1 10 
6 1 43 
19 1 9 

2 2
4 2
20 1 28 2 7 
8 1 8 2 33 
14 1 22 2 16 
18 1 10 2 20 
8 2
9 1 24 2 6 
15 1 24 2 23 
1 1 14 2 18 
13 1 9 2 14 
12 1 24 2 7 
4 1 10 2 30 
2 1 3 2 8 
7 1 12 2 8 


10
1 1
10 1
15 1 43 
17 1 7 
13 1 8 
3 1 38 
20 1 24 
7 1 46 
8 1 39 
6 1 26 
14 1 5 
12 1 10 

1 1
5 1
14 1 40 
16 1 43 
11 1 38 
20 1 31 
1 1 30 

1 1
4 1
19 1 20 
11 1 49 
1 1 32 
12 1 37 

1 1
3 1
16 1 27 
20 1 27 
18 1 31 

2 1
10 1
11 1 41 
13 1 24 
3 1 35 
12 1 14 
10 1 13 
14 1 43 
2 1 49 
7 1 14 
8 1 31 
18 1 12 
4 1
20 1 13 
16 1 40 
4 1 35 
6 1 24 

2 1
10 1
6 1 48 
14 1 5 
10 1 46 
12 1 22 
11 1 16 
2 1 42 
15 1 7 
9 1 38 
18 1 30 
7 1 43 
10 1
17 1 31 
8 1 13 
5 1 11 
3 1 43 
19 1 23 
4 1 6 
16 1 19 
20 1 25 
1 1 6 
13 1 9 

2 2
7 2
17 1 16 2 4 
3 1 5 2 18 
4 1 10 2 26 
10 1 14 2 9 
13 1 13 2 1 
6 1 27 2 2 
16 1 2 2 13 
6 2
11 1 28 2 12 
14 1 23 2 4 
5 1 28 2 21 
9 1 4 2 2 
19 1 11 2 6 
7 1 15 2 12 

2 1
5 1
10 1 16 
2 1 43 
5 1 11 
8 1 10 
1 1 48 
4 1
16 1 42 
14 1 16 
7 1 40 
18 1 36 

1 1
4 1
4 1 35 
15 1 31 
13 1 32 
17 1 25 

2 1
8 1
18 1 6 
10 1 40 
19 1 44 
14 1 47 
13 1 10 
16 1 24 
15 1 43 
6 1 34 
3 1
4 1 23 
2 1 41 
17 1 34 


10
2 2
4 2
19 1 3 2 46 
3 1 7 2 4 
9 1 17 2 5 
15 1 2 2 3 
9 2
2 1 2 2 6 
13 1 7 2 22 
18 1 18 2 5 
5 1 5 2 10 
12 1 8 2 9 
8 1 12 2 3 
11 1 3 2 17 
1 1 19 2 5 
10 1 6 2 26 

1 1
10 1
10 1 15 
15 1 28 
13 1 17 
6 1 44 
18 1 47 
8 1 16 
19 1 47 
16 1 47 
7 1 29 
1 1 13 

2 1
8 1
10 1 37 
3 1 31 
1 1 42 
11 1 21 
6 1 8 
9 1 21 
18 1 43 
8 1 28 
5 1
13 1 28 
16 1 27 
12 1 36 
4 1 39 
17 1 25 

2 1
8 1
16 1 24 
5 1 38 
1 1 32 
7 1 21 
13 1 35 
19 1 7 
12 1 29 
9 1 32 
1 1
6 1 40 

2 2
6 2
10 1 26 2 10 
17 1 18 2 15 
3 1 4 2 4 
5 1 10 2 2 
18 1 22 2 27 
8 1 3 2 30 
5 1
19 1 9 
15 1 23 
7 1 4 
11 1 2 
4 1 6 

1 1
9 1
16 1 14 
14 1 22 
15 1 23 
17 1 30 
20 1 40 
7 1 38 
9 1 10 
11 1 41 
10 1 7 

1 1
9 1
17 1 5 
13 1 28 
19 1 41 
5 1 13 
10 1 10 
1 1 18 
6 1 12 
18 1 45 
8 1 30 

2 2
3 2
6 1 7 2 1 
11 1 2 2 15 
7 1 3 2 35 
1 2
17 1 23 2 8 

2 1
9 1
14 1 41 
2 1 18 
4 1 21 
3 1 30 
13 1 16 
18 1 43 
12 1 46 
8 1 28 
11 1 37 
1 1
6 1 47 

2 1
7 1
14 1 13 
9 1 21 
17 1 7 
1 1 7 
7 1 36 
13 1 7 
2 1 39 
8 1
6 1 48 
19 1 22 
3 1 34 
12 1 45 
15 1 10 
20 1 12 
11 1 31 
5 1 46 


10
1 1
7 1
14 1 32 
19 1 40 
1 1 23 
2 1 17 
15 1 12 
12 1 17 
4 1 17 

2 2
6 2
2 1 9 2 36 
10 1 6 2 6 
15 1 8 2 2 
20 1 11 2 26 
9 1 11 2 6 
3 1 7 2 1 
6 2
6 1 24 2 4 
11 1 3 2 44 
18 1 17 2 24 
13 1 4 2 3 
14 1 3 2 8 
12 1 2 2 15 

2 2
4 1
11 1 7 
8 1 20 
13 1 16 
12 1 20 
7 2
20 1 4 2 34 
2 1 4 2 11 
17 1 5 2 18 
1 1 5 2 11 
19 1 7 2 15 
5 1 6 2 7 
9 1 9 2 4 

2 1
9 1
19 1 21 
2 1 31 
8 1 28 
13 1 23 
20 1 19 
7 1 42 
1 1 13 
12 1 42 
18 1 36 
6 1
6 1 48 
4 1 15 
3 1 27 
14 1 24 
11 1 19 
9 1 42 

1 1
8 1
15 1 30 
8 1 30 
7 1 27 
5 1 31 
6 1 5 
2 1 38 
4 1 48 
17 1 19 

2 2
6 2
13 1 9 2 8 
11 1 35 2 2 
19 1 3 2 5 
5 1 27 2 14 
8 1 11 2 2 
1 1 6 2 1 
9 2
7 1 9 2 19 
17 1 14 2 17 
3 1 43 2 2 
20 1 34 2 4 
2 1 5 2 5 
6 1 18 2 15 
4 1 7 2 16 
10 1 16 2 13 
9 1 5 2 7 

2 1
6 1
13 1 42 
3 1 42 
6 1 29 
9 1 26 
2 1 23 
11 1 14 
9 1
19 1 18 
18 1 13 
4 1 44 
5 1 40 
16 1 17 
10 1 42 
12 1 14 
15 1 6 
17 1 45 

2 1
4 1
1 1 10 
8 1 28 
16 1 11 
10 1 11 
5 1
7 1 17 
4 1 16 
6 1 15 
11 1 19 
13 1 48 

1 1
1 1
6 1 13 

1 1
4 1
12 1 30 
18 1 37 
14 1 26 
17 1 14 


10
1 1
2 1
4 1 6 
14 1 43 

1 1
3 1
11 1 7 
2 1 13 
12 1 29 

1 1
6 1
19 1 18 
15 1 32 
16 1 28 
14 1 40 
18 1 24 
12 1 14 

1 1
7 1
15 1 14 
5 1 41 
10 1 11 
8 1 28 
7 1 47 
14 1 41 
16 1 44 

2 2
7 2
11 1 9 2 3 
4 1 9 2 38 
6 1 3 2 23 
14 1 42 2 4 
18 1 28 2 16 
12 1 3 2 10 
8 1 30 2 7 
3 1
10 1 9 
1 1 2 
2 1 18 

1 1
9 1
3 1 41 
12 1 25 
10 1 14 
14 1 34 
20 1 17 
4 1 31 
9 1 46 
13 1 32 
19 1 36 

2 1
10 1
10 1 5 
6 1 10 
17 1 22 
16 1 12 
13 1 32 
12 1 6 
8 1 42 
1 1 33 
5 1 29 
4 1 29 
3 1
11 1 46 
20 1 17 
3 1 22 

2 2
2 2
11 1 5 2 4 
19 1 11 2 22 
9 1
4 1 4 
3 1 10 
5 1 2 
14 1 27 
8 1 16 
2 1 46 
6 1 28 
17 1 4 
9 1 13 

2 2
9 2
16 1 4 2 7 
15 1 12 2 15 
14 1 3 2 25 
18 1 38 2 4 
11 1 24 2 24 
20 1 21 2 17 
2 1 12 2 28 
12 1 14 2 7 
1 1 18 2 1 
9 2
9 1 13 2 3 
5 1 19 2 10 
7 1 14 2 19 
10 1 10 2 3 
17 1 12 2 4 
4 1 4 2 6 
13 1 9 2 25 
8 1 2 2 10 
3 1 9 2 40 

1 1
6 1
6 1 22 
8 1 9 
3 1 14 
14 1 29 
12 1 44 
19 1 41 


10
1 1
5 1
13 1 21 
8 1 22 
3 1 25 
4 1 28 
9 1 10 

2 1
9 1
3 1 42 
17 1 22 
14 1 6 
2 1 38 
12 1 25 
8 1 21 
20 1 45 
1 1 22 
10 1 49 
2 1
9 1 25 
19 1 48 

2 1
4 1
20 1 34 
17 1 25 
15 1 28 
1 1 23 
3 1
7 1 19 
4 1 6 
18 1 45 

1 1
8 1
3 1 13 
13 1 41 
18 1 22 
5 1 21 
6 1 32 
12 1 6 
14 1 43 
17 1 37 

1 1
2 1
12 1 20 
6 1 20 

2 1
8 1
8 1 30 
7 1 21 
9 1 42 
2 1 17 
10 1 15 
13 1 24 
5 1 30 
15 1 48 
8 1
14 1 33 
20 1 31 
1 1 22 
11 1 18 
19 1 26 
6 1 20 
16 1 19 
3 1 39 

2 1
1 1
16 1 28 
5 1
1 1 42 
18 1 36 
4 1 42 
6 1 43 
7 1 27 

2 1
10 1
7 1 49 
3 1 21 
20 1 49 
6 1 17 
16 1 43 
18 1 9 
8 1 30 
19 1 31 
4 1 49 
10 1 47 
7 1
12 1 47 
13 1 40 
14 1 27 
15 1 25 
1 1 31 
2 1 6 
17 1 46 

2 1
6 1
2 1 15 
19 1 39 
17 1 39 
8 1 31 
9 1 34 
1 1 24 
5 1
4 1 7 
16 1 27 
18 1 37 
14 1 38 
7 1 43 

2 1
1 1
16 1 38 
5 1
10 1 11 
19 1 47 
5 1 33 
9 1 46 
17 1 17 


