10 20 100 2 2

10
1 1
6 1
17 1 5 
11 1 8 
5 1 40 
4 1 36 
12 1 32 
13 1 43 

1 1
10 1
17 1 5 
10 1 23 
7 1 48 
1 1 31 
16 1 30 
9 1 10 
14 1 36 
4 1 45 
12 1 14 
13 1 35 

2 2
9 2
3 1 5 2 1 
20 1 9 2 40 
6 1 24 2 20 
13 1 7 2 30 
14 1 30 2 12 
4 1 19 2 4 
18 1 18 2 23 
5 1 34 2 11 
10 1 6 2 4 
6 1
14 1 6 
4 1 10 
13 1 40 
16 1 15 
20 1 11 
6 1 33 

2 1
2 1
5 1 35 
10 1 31 
6 1
11 1 31 
13 1 11 
12 1 22 
19 1 14 
15 1 25 
5 1 32 

1 1
7 1
6 1 34 
15 1 30 
3 1 18 
5 1 20 
10 1 48 
9 1 26 
20 1 37 

1 1
1 1
18 1 19 

1 1
1 1
13 1 34 

1 1
10 1
1 1 44 
15 1 14 
7 1 31 
2 1 11 
6 1 31 
4 1 45 
3 1 46 
18 1 17 
10 1 48 
5 1 43 

1 1
4 1
8 1 7 
14 1 35 
4 1 29 
3 1 25 

2 1
6 1
6 1 23 
4 1 36 
15 1 46 
14 1 36 
12 1 36 
8 1 43 
9 1
18 1 9 
19 1 25 
17 1 29 
9 1 8 
14 1 40 
15 1 5 
12 1 19 
8 1 31 
13 1 19 


10
1 1
2 1
15 1 15 
5 1 23 

1 1
6 1
11 1 30 
6 1 28 
4 1 46 
3 1 14 
5 1 25 
17 1 25 

1 1
1 1
19 1 10 

1 1
7 1
18 1 45 
6 1 37 
5 1 47 
20 1 45 
8 1 43 
10 1 18 
13 1 17 

1 1
4 1
15 1 30 
9 1 13 
10 1 8 
4 1 42 

1 1
9 1
8 1 17 
18 1 20 
6 1 13 
9 1 5 
13 1 28 
14 1 15 
2 1 38 
4 1 14 
7 1 12 

1 1
1 1
15 1 35 

1 1
6 1
6 1 12 
1 1 24 
12 1 40 
13 1 26 
15 1 20 
18 1 20 

1 1
7 1
15 1 21 
10 1 17 
3 1 11 
5 1 32 
13 1 23 
11 1 12 
14 1 19 

1 1
7 1
8 1 48 
15 1 28 
3 1 26 
20 1 26 
11 1 7 
18 1 29 
1 1 30 


10
2 2
9 2
17 1 28 2 10 
14 1 4 2 12 
13 1 26 2 21 
7 1 18 2 6 
16 1 24 2 7 
18 1 18 2 21 
5 1 20 2 8 
20 1 11 2 8 
9 1 23 2 3 
7 2
10 1 5 2 1 
11 1 12 2 6 
20 1 6 2 16 
9 1 9 2 1 
1 1 19 2 8 
3 1 9 2 6 
12 1 19 2 7 

1 1
2 1
11 1 21 
3 1 49 

2 2
9 2
12 1 9 2 5 
14 1 11 2 19 
3 1 29 2 7 
17 1 23 2 9 
2 1 22 2 27 
1 1 2 2 5 
8 1 16 2 11 
20 1 7 2 34 
13 1 22 2 9 
2 1
6 1 33 
20 1 20 

2 1
10 1
9 1 47 
8 1 22 
12 1 33 
7 1 16 
19 1 28 
6 1 21 
16 1 29 
13 1 47 
17 1 8 
4 1 48 
9 1
7 1 14 
19 1 13 
4 1 26 
6 1 9 
20 1 34 
9 1 34 
16 1 37 
2 1 14 
3 1 12 

1 1
5 1
19 1 9 
18 1 27 
6 1 28 
20 1 49 
2 1 47 

1 1
2 1
6 1 8 
14 1 20 

2 2
1 2
11 1 2 2 6 
3 2
17 1 7 2 28 
2 1 8 2 17 
8 1 10 2 29 

1 1
1 1
10 1 22 

1 1
9 1
11 1 24 
18 1 12 
1 1 31 
16 1 28 
15 1 35 
7 1 37 
8 1 12 
10 1 16 
12 1 26 

1 1
2 1
11 1 29 
15 1 40 


10
2 2
4 1
1 2 24 
19 2 1 
17 2 1 
10 2 44 
3 2
8 1 2 2 8 
17 1 37 2 6 
5 1 9 2 39 

1 1
8 1
20 1 9 
9 1 32 
12 1 38 
8 1 44 
4 1 8 
13 1 27 
15 1 34 
1 1 7 

1 1
3 1
20 1 31 
2 1 21 
17 1 18 

2 1
9 1
2 1 22 
14 1 27 
17 1 16 
18 1 28 
13 1 11 
19 1 13 
15 1 22 
3 1 31 
9 1 41 
9 1
18 1 42 
9 1 37 
11 1 46 
14 1 22 
7 1 13 
8 1 6 
4 1 5 
5 1 49 
2 1 16 

2 1
3 1
16 1 23 
2 1 35 
3 1 12 
10 1
3 1 18 
10 1 49 
7 1 12 
1 1 19 
5 1 5 
2 1 48 
15 1 11 
19 1 34 
14 1 31 
11 1 25 

2 2
9 2
13 1 3 2 3 
10 1 5 2 1 
17 1 4 2 43 
5 1 6 2 12 
8 1 23 2 26 
6 1 14 2 8 
2 1 6 2 1 
3 1 31 2 16 
11 1 28 2 21 
8 1
10 1 3 
14 1 32 
8 1 7 
20 1 34 
13 1 24 
1 1 7 
19 1 9 
4 1 9 

2 1
4 1
3 1 32 
2 1 22 
20 1 11 
10 1 24 
3 1
13 1 43 
15 1 49 
11 1 6 

1 1
9 1
3 1 41 
15 1 32 
1 1 48 
19 1 42 
20 1 34 
12 1 49 
7 1 13 
13 1 21 
16 1 36 

1 1
6 1
4 1 10 
2 1 36 
1 1 48 
15 1 23 
14 1 6 
5 1 33 

1 1
3 1
12 1 35 
16 1 24 
15 1 34 


10
2 2
8 1
13 2 2 
11 2 13 
1 2 1 
19 2 2 
20 2 5 
2 2 1 
8 2 20 
16 2 15 
8 2
12 1 3 2 2 
16 1 13 2 7 
19 1 15 2 26 
13 1 32 2 17 
14 1 4 2 2 
3 1 47 2 2 
9 1 47 2 1 
15 1 15 2 21 

2 1
9 1
20 1 46 
11 1 43 
18 1 45 
9 1 44 
8 1 38 
5 1 44 
13 1 29 
10 1 45 
4 1 41 
2 1
12 1 15 
4 1 27 

2 1
9 1
3 1 13 
14 1 5 
20 1 39 
7 1 35 
6 1 8 
12 1 20 
11 1 49 
1 1 22 
13 1 30 
2 1
8 1 11 
16 1 15 

1 1
2 1
6 1 6 
16 1 39 

2 1
10 1
19 1 37 
20 1 49 
9 1 24 
13 1 26 
5 1 12 
4 1 49 
16 1 11 
11 1 24 
18 1 19 
12 1 16 
1 1
15 1 33 

2 2
2 2
15 1 2 2 7 
4 1 13 2 12 
4 2
17 1 33 2 10 
10 1 13 2 21 
18 1 32 2 6 
7 1 2 2 19 

2 2
9 1
1 2 34 
18 2 6 
4 2 12 
14 2 1 
16 2 4 
8 2 16 
10 2 12 
13 2 31 
11 2 11 
9 2
10 1 15 2 10 
4 1 18 2 31 
13 1 7 2 24 
6 1 12 2 6 
7 1 17 2 31 
1 1 8 2 13 
14 1 41 2 7 
17 1 10 2 3 
5 1 34 2 8 

2 2
3 2
17 1 4 2 32 
12 1 15 2 5 
15 1 8 2 39 
2 2
12 1 42 2 5 
19 1 14 2 33 

2 1
3 1
12 1 12 
17 1 16 
3 1 18 
8 1
9 1 24 
16 1 47 
7 1 42 
18 1 10 
8 1 31 
3 1 25 
13 1 32 
19 1 35 

1 1
1 1
7 1 29 


10
2 1
5 1
17 1 12 
18 1 19 
8 1 20 
19 1 28 
6 1 24 
5 1
15 1 17 
18 1 30 
8 1 34 
4 1 25 
1 1 48 

1 1
1 1
6 1 32 

1 1
4 1
20 1 14 
18 1 16 
4 1 46 
3 1 19 

2 2
10 1
18 1 32 
12 1 45 
9 1 19 
17 1 21 
11 1 4 
13 1 2 
20 1 21 
1 1 4 
19 1 14 
15 1 4 
2 2
17 1 20 2 15 
11 1 18 2 24 

1 1
8 1
5 1 30 
4 1 33 
19 1 22 
10 1 10 
20 1 16 
14 1 17 
2 1 7 
16 1 5 

2 2
4 2
16 1 18 2 5 
20 1 21 2 2 
11 1 12 2 24 
8 1 12 2 13 
7 1
19 2 8 
8 2 2 
7 2 5 
14 2 36 
10 2 11 
18 2 26 
12 2 8 

1 1
6 1
18 1 14 
17 1 15 
16 1 18 
20 1 26 
1 1 42 
4 1 46 

1 1
8 1
15 1 35 
20 1 48 
9 1 17 
19 1 10 
14 1 20 
8 1 28 
18 1 40 
2 1 42 

1 1
10 1
13 1 10 
1 1 41 
12 1 31 
19 1 7 
11 1 39 
3 1 33 
20 1 39 
8 1 43 
14 1 21 
5 1 12 

1 1
9 1
2 1 27 
6 1 43 
16 1 46 
14 1 20 
7 1 23 
17 1 41 
3 1 11 
18 1 7 
1 1 28 


10
2 1
5 1
11 1 7 
18 1 17 
3 1 39 
4 1 41 
12 1 31 
3 1
20 1 22 
3 1 40 
9 1 11 

2 1
7 1
20 1 9 
19 1 17 
12 1 23 
11 1 33 
14 1 47 
3 1 27 
1 1 9 
1 1
13 1 22 

2 1
5 1
10 1 38 
20 1 37 
7 1 27 
8 1 14 
16 1 34 
6 1
4 1 12 
9 1 8 
1 1 14 
17 1 37 
5 1 46 
16 1 5 

2 1
5 1
1 1 21 
5 1 21 
2 1 31 
18 1 5 
4 1 28 
2 1
7 1 40 
12 1 33 

2 2
2 1
20 1 7 
11 1 13 
5 2
19 1 19 2 15 
17 1 2 2 7 
14 1 9 2 15 
20 1 31 2 13 
6 1 34 2 7 

2 1
4 1
3 1 39 
7 1 27 
17 1 6 
15 1 46 
4 1
18 1 18 
5 1 41 
11 1 41 
15 1 14 

2 2
9 2
3 1 6 2 3 
9 1 7 2 11 
15 1 30 2 19 
14 1 40 2 5 
18 1 5 2 9 
8 1 4 2 1 
5 1 2 2 16 
16 1 5 2 2 
12 1 26 2 9 
8 1
20 2 25 
1 2 4 
13 2 1 
15 2 11 
5 2 27 
18 2 13 
6 2 25 
16 2 26 

2 2
4 2
4 1 13 2 8 
16 1 7 2 35 
6 1 2 2 38 
3 1 8 2 17 
7 1
14 2 6 
12 2 23 
11 2 3 
8 2 16 
3 2 16 
16 2 40 
13 2 18 

1 1
1 1
18 1 18 

2 1
6 1
9 1 26 
8 1 49 
14 1 18 
7 1 13 
13 1 16 
2 1 44 
4 1
4 1 47 
16 1 11 
2 1 25 
15 1 48 


10
2 1
3 1
5 1 20 
11 1 14 
19 1 14 
5 1
12 1 13 
15 1 47 
13 1 34 
3 1 47 
11 1 8 

2 2
4 2
20 1 2 2 9 
19 1 12 2 23 
6 1 6 2 24 
7 1 9 2 3 
1 1
4 2 25 

2 2
3 1
20 2 19 
19 2 3 
13 2 22 
10 2
20 1 22 2 4 
15 1 42 2 1 
9 1 3 2 2 
17 1 4 2 11 
19 1 21 2 5 
1 1 2 2 16 
7 1 11 2 20 
11 1 30 2 11 
6 1 2 2 28 
4 1 20 2 14 

1 1
8 1
4 1 49 
11 1 48 
7 1 40 
15 1 5 
18 1 38 
13 1 9 
5 1 49 
1 1 47 

1 1
5 1
13 1 23 
1 1 23 
15 1 48 
17 1 30 
6 1 37 

1 1
8 1
11 1 31 
1 1 17 
14 1 18 
2 1 18 
16 1 41 
3 1 42 
5 1 19 
20 1 15 

1 1
8 1
1 1 44 
15 1 9 
18 1 33 
5 1 43 
19 1 15 
20 1 17 
4 1 21 
14 1 42 

1 1
10 1
11 1 41 
10 1 25 
13 1 9 
16 1 27 
1 1 45 
17 1 11 
2 1 14 
6 1 21 
8 1 35 
15 1 11 

2 2
2 2
13 1 11 2 3 
14 1 6 2 32 
10 1
5 2 30 
13 2 10 
15 2 4 
3 2 16 
10 2 10 
2 2 19 
6 2 14 
11 2 31 
20 2 3 
1 2 20 

2 1
6 1
2 1 11 
13 1 25 
4 1 28 
7 1 13 
5 1 21 
19 1 41 
5 1
5 1 18 
14 1 13 
9 1 14 
12 1 20 
2 1 38 


10
2 1
9 1
5 1 20 
7 1 7 
12 1 19 
10 1 16 
13 1 41 
9 1 6 
11 1 37 
1 1 7 
15 1 46 
6 1
2 1 11 
5 1 46 
8 1 20 
20 1 11 
14 1 31 
11 1 15 

1 1
10 1
16 1 29 
6 1 34 
9 1 21 
11 1 23 
14 1 38 
8 1 45 
1 1 23 
4 1 39 
10 1 14 
7 1 21 

2 2
1 2
3 1 11 2 24 
5 1
17 1 20 
20 1 44 
19 1 7 
2 1 29 
18 1 4 

2 2
10 2
8 1 26 2 9 
17 1 3 2 6 
18 1 21 2 16 
12 1 24 2 16 
15 1 4 2 21 
9 1 8 2 38 
20 1 37 2 10 
11 1 3 2 29 
19 1 14 2 6 
6 1 8 2 10 
3 2
18 1 11 2 26 
5 1 4 2 12 
12 1 2 2 3 

2 1
4 1
12 1 30 
3 1 49 
10 1 45 
11 1 6 
9 1
13 1 45 
5 1 45 
19 1 33 
16 1 21 
7 1 14 
11 1 36 
8 1 20 
17 1 10 
20 1 33 

2 1
1 1
4 1 22 
9 1
15 1 14 
20 1 27 
18 1 36 
16 1 32 
8 1 45 
9 1 48 
4 1 9 
13 1 10 
5 1 46 

2 2
3 2
20 1 7 2 33 
3 1 8 2 2 
1 1 14 2 5 
3 2
15 1 21 2 6 
19 1 11 2 3 
5 1 30 2 12 

1 1
8 1
20 1 48 
19 1 15 
12 1 10 
15 1 9 
4 1 30 
17 1 47 
18 1 29 
14 1 46 

2 2
2 2
15 1 2 2 6 
6 1 2 2 21 
5 1
1 1 35 
11 1 7 
7 1 7 
12 1 18 
17 1 22 

1 1
8 1
11 1 16 
18 1 41 
4 1 24 
6 1 27 
16 1 43 
20 1 12 
10 1 9 
9 1 26 


10
2 2
2 2
14 1 9 2 21 
2 1 39 2 8 
8 1
11 1 5 
15 1 11 
14 1 3 
8 1 3 
7 1 27 
5 1 19 
13 1 9 
16 1 28 

1 1
5 1
10 1 45 
3 1 36 
13 1 46 
17 1 26 
19 1 46 

2 2
3 2
3 1 8 2 14 
1 1 5 2 3 
11 1 5 2 4 
3 1
9 2 11 
15 2 4 
4 2 9 

1 1
8 1
2 1 12 
18 1 30 
19 1 18 
13 1 20 
17 1 5 
9 1 17 
5 1 43 
7 1 47 

2 2
9 2
11 1 11 2 33 
18 1 15 2 6 
14 1 18 2 2 
2 1 26 2 10 
13 1 3 2 11 
19 1 11 2 11 
3 1 16 2 33 
15 1 4 2 1 
10 1 19 2 24 
8 2
13 1 26 2 3 
17 1 2 2 3 
16 1 11 2 30 
20 1 7 2 8 
11 1 4 2 34 
1 1 7 2 2 
8 1 3 2 4 
2 1 16 2 29 

2 1
2 1
12 1 20 
2 1 19 
4 1
2 1 36 
18 1 31 
16 1 45 
20 1 27 

2 1
10 1
19 1 24 
15 1 41 
2 1 20 
8 1 48 
1 1 7 
12 1 47 
5 1 14 
7 1 20 
14 1 38 
20 1 45 
5 1
11 1 32 
16 1 22 
9 1 26 
3 1 28 
14 1 40 

1 1
3 1
19 1 8 
6 1 40 
15 1 33 

1 1
1 1
14 1 11 

2 1
10 1
6 1 11 
3 1 30 
16 1 32 
2 1 34 
20 1 44 
7 1 27 
15 1 26 
12 1 19 
9 1 12 
13 1 17 
3 1
11 1 27 
18 1 13 
4 1 42 


