10 20 100 5 5

10
2 1
2 1
8 1 25 
7 1 44 
1 1
12 1 12 

2 2
2 2
2 1 31 2 14 
4 1 7 2 5 
2 1
13 1 23 
6 1 8 

2 2
2 1
6 2 3 
9 2 33 
2 2
14 1 2 2 41 
1 1 11 2 14 

3 3
2 3
6 1 10 2 22 3 17 
7 1 7 2 15 3 10 
2 3
5 1 18 2 7 3 19 
7 1 2 2 3 3 6 
1 3
8 1 24 2 5 3 4 

4 4
2 2
11 2 2 3 4 
14 2 2 3 6 
2 2
8 1 15 2 2 
1 1 4 2 10 
1 2
12 2 3 3 3 
2 4
2 1 2 2 4 3 7 4 3 
7 1 7 2 8 3 14 4 16 

3 1
2 1
6 1 43 
14 1 25 
2 1
16 1 21 
5 1 20 
1 1
15 1 30 

5 4
1 2
17 2 7 3 5 
1 3
19 1 2 2 5 3 4 
2 1
2 3 2 
18 3 12 
1 3
14 2 14 3 8 4 2 
1 4
3 1 4 2 9 3 10 4 3 

2 1
2 1
11 1 5 
18 1 5 
2 1
5 1 19 
20 1 47 

5 3
1 3
5 1 6 2 4 3 20 
1 1
7 3 1 
1 2
1 2 3 3 2 
1 3
9 1 17 2 9 3 10 
1 3
11 1 5 2 2 3 1 

2 1
1 1
5 1 14 
2 1
8 1 13 
13 1 7 


10
4 1
1 1
9 1 12 
2 1
19 1 26 
18 1 36 
2 1
10 1 22 
18 1 36 
2 1
15 1 34 
14 1 30 

2 2
2 2
14 1 4 2 3 
8 1 15 2 17 
1 2
13 1 4 2 2 

5 3
1 2
15 2 3 3 7 
2 1
8 2 3 
5 2 2 
1 3
6 1 7 2 8 3 32 
1 3
11 1 2 2 2 3 15 
2 2
14 2 22 3 14 
18 2 1 3 20 

1 1
2 1
6 1 32 
17 1 42 

2 1
2 1
3 1 43 
12 1 43 
1 1
14 1 20 

5 1
2 1
3 1 49 
2 1 32 
1 1
8 1 28 
1 1
12 1 32 
2 1
9 1 6 
10 1 17 
1 1
4 1 5 

5 2
2 2
3 1 33 2 4 
5 1 41 2 6 
2 2
17 1 31 2 11 
6 1 5 2 11 
1 1
8 2 18 
1 2
9 1 40 2 4 
1 1
12 2 9 

5 5
1 2
2 4 2 5 3 
2 3
20 3 1 4 7 5 7 
19 3 3 4 7 5 1 
1 3
16 2 4 3 3 4 10 
2 2
9 2 4 3 11 
20 2 2 3 5 
1 5
4 1 2 2 3 3 2 4 3 5 4 

2 1
1 1
1 1 35 
1 1
12 1 19 

2 2
2 1
2 2 12 
15 2 17 
1 2
17 1 20 2 12 


10
5 1
1 1
11 1 6 
2 1
1 1 31 
9 1 45 
1 1
7 1 43 
2 1
2 1 20 
9 1 49 
2 1
17 1 24 
16 1 7 

1 1
2 1
19 1 44 
8 1 23 

5 5
1 5
3 1 4 2 4 3 6 4 15 5 1 
2 4
17 2 16 3 9 4 3 5 1 
9 2 3 3 3 4 8 5 3 
1 1
1 2 5 
2 1
5 4 3 
16 4 5 
1 1
8 3 17 

4 2
1 2
20 1 18 2 6 
1 1
12 2 1 
2 1
3 2 15 
5 2 8 
1 1
16 2 28 

3 1
1 1
18 1 25 
2 1
9 1 19 
20 1 16 
1 1
10 1 44 

3 2
2 2
20 1 5 2 8 
12 1 3 2 3 
1 1
4 1 14 
1 1
5 2 5 

1 1
2 1
16 1 18 
9 1 49 

4 1
1 1
4 1 15 
2 1
11 1 34 
5 1 26 
2 1
2 1 17 
1 1 30 
2 1
2 1 7 
6 1 18 

5 1
1 1
19 1 24 
1 1
16 1 24 
1 1
15 1 13 
1 1
5 1 34 
1 1
7 1 42 

1 1
2 1
8 1 31 
6 1 23 


10
4 2
2 1
4 1 2 
6 1 14 
1 1
14 2 26 
2 2
1 1 5 2 3 
9 1 18 2 20 
1 2
3 1 38 2 1 

4 2
2 1
11 2 6 
15 2 17 
2 2
6 1 9 2 38 
9 1 16 2 11 
2 2
6 1 13 2 28 
18 1 4 2 1 
1 1
20 1 13 

5 2
2 1
6 2 31 
1 2 2 
2 2
14 1 6 2 12 
15 1 29 2 17 
2 1
19 2 26 
20 2 11 
1 2
12 1 33 2 7 
1 2
3 1 21 2 25 

4 3
1 2
12 1 3 2 1 
1 1
8 1 9 
2 3
14 1 20 2 3 3 8 
6 1 2 2 5 3 2 
1 1
11 2 11 

3 1
2 1
5 1 28 
13 1 13 
2 1
11 1 12 
4 1 16 
1 1
19 1 32 

2 1
1 1
17 1 24 
1 1
19 1 35 

1 1
2 1
15 1 13 
16 1 14 

2 1
2 1
20 1 47 
17 1 40 
2 1
14 1 34 
3 1 36 

1 1
1 1
10 1 23 

3 2
2 1
17 2 6 
14 2 2 
2 2
15 1 4 2 10 
2 1 22 2 2 
2 2
7 1 8 2 12 
11 1 2 2 4 


10
5 5
1 1
20 5 15 
1 3
16 1 9 2 4 3 1 
1 1
4 5 9 
1 2
8 1 2 2 6 
2 5
3 1 9 2 10 3 1 4 18 5 1 
1 1 14 2 6 3 2 4 1 5 8 

4 2
1 2
20 1 2 2 18 
2 2
13 1 4 2 1 
18 1 13 2 15 
1 1
14 2 5 
1 2
16 1 19 2 13 

5 2
1 1
5 2 10 
2 2
18 1 9 2 38 
1 1 13 2 10 
2 1
14 2 11 
16 2 27 
2 2
12 1 11 2 19 
6 1 9 2 29 
1 1
17 1 2 

1 1
2 1
20 1 46 
2 1 40 

2 1
2 1
1 1 22 
4 1 23 
1 1
7 1 26 

4 4
1 3
13 2 5 3 9 4 14 
2 4
18 1 3 2 2 3 2 4 2 
8 1 2 2 1 3 1 4 1 
2 3
11 2 2 3 1 4 2 
2 2 4 3 2 4 20 
1 2
16 1 2 2 1 

3 1
1 1
17 1 33 
1 1
13 1 29 
2 1
10 1 20 
3 1 8 

3 3
1 1
14 2 1 
1 3
6 1 2 2 5 3 10 
2 1
20 3 5 
7 3 16 

2 2
2 2
8 1 4 2 8 
12 1 20 2 26 
1 2
10 1 3 2 12 

3 3
2 3
12 1 6 2 27 3 13 
19 1 5 2 7 3 10 
2 2
13 2 2 3 8 
15 2 12 3 1 
2 1
6 2 3 
12 2 7 


10
2 2
1 2
9 1 21 2 12 
2 2
6 1 4 2 22 
2 1 9 2 5 

2 1
1 1
17 1 39 
1 1
15 1 29 

4 4
2 2
10 1 7 2 27 
3 1 12 2 4 
2 1
17 3 13 
11 3 6 
2 3
13 1 23 2 21 3 2 
20 1 3 2 7 3 5 
1 4
16 1 2 2 6 3 4 4 24 

3 2
1 2
1 1 5 2 8 
2 2
3 1 4 2 2 
12 1 4 2 14 
2 2
11 1 15 2 5 
17 1 14 2 5 

3 1
2 1
1 1 32 
15 1 40 
2 1
19 1 12 
2 1 28 
2 1
20 1 25 
8 1 38 

5 3
1 2
1 1 14 2 5 
2 3
12 1 31 2 3 3 3 
2 1 2 2 16 3 12 
2 1
10 2 1 
16 2 9 
1 3
8 1 10 2 13 3 1 
1 1
6 3 5 

5 5
2 2
19 4 5 5 3 
14 4 1 5 2 
2 2
20 1 3 2 19 
19 1 6 2 9 
1 5
3 1 4 2 4 3 1 4 5 5 1 
1 1
12 1 3 
2 1
13 5 3 
9 5 1 

3 2
1 2
12 1 20 2 3 
2 2
20 1 11 2 10 
1 1 3 2 31 
2 2
20 1 24 2 2 
5 1 29 2 12 

3 2
1 1
13 1 3 
1 2
11 1 22 2 2 
2 2
12 1 4 2 7 
15 1 4 2 3 

5 3
1 1
5 2 4 
1 2
9 1 2 2 38 
2 2
19 1 4 2 7 
1 1 2 2 8 
1 1
14 1 3 
1 3
2 1 10 2 1 3 1 


10
2 2
2 1
12 2 20 
16 2 1 
2 2
19 1 13 2 30 
18 1 6 2 39 

2 1
2 1
19 1 37 
2 1 19 
2 1
11 1 39 
14 1 12 

4 4
2 4
5 1 6 2 2 3 4 4 3 
16 1 3 2 2 3 3 4 2 
2 1
5 1 17 
4 1 2 
2 1
13 2 13 
17 2 2 
2 3
7 1 21 2 9 3 3 
17 1 2 2 1 3 16 

1 1
2 1
12 1 46 
9 1 45 

4 4
2 4
20 1 5 2 4 3 8 4 6 
1 1 4 2 18 3 6 4 19 
2 3
16 1 5 2 2 3 10 
14 1 19 2 8 3 8 
1 3
10 1 9 2 13 3 6 
1 2
13 1 9 2 6 

1 1
2 1
3 1 14 
11 1 44 

3 2
1 2
5 1 21 2 8 
1 1
2 1 5 
2 2
7 1 2 2 14 
15 1 19 2 10 

4 1
1 1
2 1 36 
1 1
10 1 45 
1 1
4 1 29 
1 1
12 1 14 

1 1
1 1
12 1 15 

1 1
1 1
3 1 14 


10
4 1
2 1
17 1 19 
1 1 5 
2 1
10 1 34 
6 1 33 
2 1
16 1 16 
15 1 26 
2 1
6 1 19 
15 1 29 

2 1
2 1
13 1 15 
1 1 41 
1 1
8 1 19 

5 1
2 1
16 1 20 
6 1 45 
2 1
4 1 11 
19 1 24 
1 1
10 1 15 
2 1
16 1 20 
3 1 47 
2 1
4 1 15 
14 1 7 

1 1
2 1
7 1 24 
4 1 16 

3 3
2 2
17 1 5 2 2 
16 1 7 2 3 
1 3
19 1 25 2 11 3 6 
2 3
2 1 3 2 13 3 17 
8 1 8 2 13 3 4 

5 4
1 4
15 1 12 2 1 3 30 4 2 
1 1
8 4 10 
2 1
14 2 11 
1 2 17 
2 1
5 2 1 
2 2 1 
2 4
18 1 3 2 3 3 8 4 5 
4 1 5 2 4 3 1 4 3 

2 1
2 1
1 1 5 
8 1 22 
1 1
10 1 47 

5 2
1 2
20 1 35 2 11 
1 1
12 2 22 
1 2
19 1 27 2 2 
1 2
15 1 7 2 5 
1 2
6 1 6 2 41 

2 1
1 1
3 1 13 
2 1
20 1 25 
8 1 26 

2 1
2 1
16 1 46 
17 1 15 
2 1
1 1 33 
7 1 26 


10
2 1
1 1
11 1 48 
2 1
7 1 7 
16 1 36 

3 2
2 1
9 2 10 
15 2 1 
1 2
3 1 32 2 15 
2 1
14 2 14 
11 2 10 

4 4
2 3
17 2 6 3 1 4 6 
9 2 2 3 12 4 2 
2 4
14 1 17 2 11 3 11 4 4 
7 1 6 2 2 3 2 4 1 
1 2
15 1 3 2 3 
2 1
7 2 1 
4 2 6 

2 1
1 1
17 1 47 
2 1
15 1 44 
4 1 33 

4 1
1 1
3 1 39 
1 1
4 1 26 
1 1
19 1 10 
2 1
17 1 16 
14 1 20 

3 2
1 1
9 2 7 
1 1
3 1 12 
2 2
6 1 32 2 11 
10 1 23 2 5 

4 4
1 1
12 1 2 
2 4
16 1 3 2 3 3 3 4 1 
7 1 6 2 4 3 10 4 22 
2 4
13 1 2 2 4 3 7 4 7 
7 1 2 2 13 3 12 4 18 
1 3
11 1 2 2 18 3 13 

5 4
2 2
12 1 11 2 3 
19 1 2 2 2 
1 4
14 1 9 2 5 3 3 4 5 
2 2
19 3 2 4 1 
10 3 3 4 8 
2 4
13 1 3 2 4 3 2 4 1 
1 1 4 2 5 3 3 4 1 
1 4
15 1 2 2 2 3 7 4 5 

5 2
2 1
17 2 8 
2 2 35 
1 1
20 2 36 
1 1
7 1 25 
2 1
5 1 4 
6 1 5 
1 2
8 1 10 2 2 

2 1
1 1
16 1 5 
1 1
14 1 42 


10
5 4
1 1
13 4 9 
2 2
10 3 5 4 3 
11 3 18 4 9 
2 4
3 1 2 2 6 3 1 4 1 
8 1 3 2 4 3 15 4 16 
2 4
19 1 4 2 3 3 3 4 2 
9 1 5 2 24 3 7 4 9 
2 3
19 1 2 2 1 3 2 
8 1 13 2 5 3 7 

2 2
2 2
11 1 6 2 3 
3 1 24 2 10 
1 2
9 1 8 2 14 

2 2
2 1
8 2 29 
19 2 10 
2 2
1 1 4 2 8 
2 1 2 2 33 

2 2
1 2
18 1 26 2 22 
1 2
14 1 16 2 23 

1 1
2 1
18 1 12 
5 1 10 

1 1
1 1
3 1 40 

2 2
2 2
10 1 9 2 1 
8 1 30 2 19 
1 1
5 2 16 

1 1
1 1
11 1 36 

4 2
2 2
16 1 2 2 9 
12 1 20 2 10 
2 1
11 2 2 
4 2 24 
1 1
9 1 4 
2 1
4 1 2 
10 1 3 

2 1
1 1
14 1 7 
1 1
5 1 33 


