10 20 100 2 2

10
1 1
5 1
3 1 35 
13 1 34 
18 1 10 
19 1 30 
10 1 41 

2 2
4 1
3 2 28 
18 2 14 
13 2 4 
14 2 6 
1 2
6 1 5 2 2 

1 1
6 1
16 1 5 
17 1 25 
19 1 8 
1 1 44 
18 1 33 
12 1 46 

1 1
2 1
19 1 6 
15 1 23 

1 1
10 1
8 1 7 
20 1 30 
9 1 14 
17 1 47 
11 1 10 
7 1 24 
10 1 13 
3 1 31 
13 1 32 
4 1 44 

1 1
8 1
16 1 20 
18 1 26 
20 1 26 
1 1 29 
15 1 23 
10 1 33 
11 1 41 
4 1 44 

2 2
5 2
16 1 15 2 27 
1 1 13 2 2 
13 1 22 2 25 
3 1 7 2 1 
14 1 19 2 7 
3 1
18 1 9 
5 1 2 
17 1 17 

1 1
6 1
8 1 10 
12 1 7 
10 1 48 
18 1 25 
9 1 33 
11 1 45 

1 1
2 1
5 1 28 
4 1 28 

2 1
1 1
10 1 46 
5 1
15 1 5 
20 1 45 
14 1 15 
18 1 23 
2 1 35 


10
2 1
2 1
20 1 38 
4 1 40 
3 1
16 1 10 
11 1 29 
8 1 5 

2 1
8 1
6 1 19 
10 1 35 
17 1 44 
7 1 32 
2 1 27 
16 1 34 
8 1 14 
13 1 47 
9 1
17 1 9 
9 1 47 
1 1 36 
6 1 11 
2 1 31 
15 1 40 
18 1 21 
11 1 45 
13 1 28 

1 1
6 1
3 1 32 
6 1 11 
15 1 5 
11 1 32 
18 1 22 
19 1 38 

2 2
2 2
15 1 24 2 1 
7 1 17 2 14 
6 2
10 1 3 2 6 
4 1 30 2 18 
8 1 13 2 34 
9 1 9 2 1 
20 1 6 2 9 
17 1 15 2 7 

2 1
2 1
20 1 43 
1 1 48 
2 1
8 1 17 
15 1 45 

1 1
9 1
8 1 24 
17 1 32 
9 1 15 
5 1 41 
20 1 33 
4 1 47 
7 1 21 
13 1 28 
18 1 22 

2 2
9 1
10 2 26 
2 2 8 
4 2 19 
8 2 21 
12 2 3 
7 2 12 
15 2 7 
20 2 5 
19 2 31 
7 2
10 1 23 2 24 
8 1 42 2 5 
11 1 6 2 35 
7 1 2 2 6 
18 1 13 2 30 
6 1 28 2 13 
15 1 3 2 2 

2 2
6 1
19 1 7 
16 1 9 
18 1 8 
6 1 22 
15 1 3 
2 1 27 
3 2
4 1 3 2 18 
5 1 6 2 17 
7 1 2 2 18 

1 1
7 1
11 1 9 
9 1 17 
18 1 37 
8 1 45 
14 1 16 
4 1 35 
15 1 28 

1 1
7 1
3 1 31 
5 1 22 
11 1 45 
19 1 34 
12 1 43 
10 1 8 
13 1 33 


10
2 1
1 1
9 1 20 
7 1
10 1 38 
9 1 42 
8 1 39 
2 1 29 
6 1 39 
4 1 27 
1 1 36 

2 2
5 1
16 1 27 
19 1 20 
11 1 4 
18 1 10 
9 1 13 
7 2
7 1 23 2 8 
6 1 4 2 39 
2 1 10 2 3 
4 1 20 2 9 
16 1 9 2 8 
15 1 12 2 25 
9 1 9 2 4 

1 1
9 1
1 1 26 
19 1 9 
12 1 43 
14 1 35 
6 1 16 
4 1 49 
16 1 20 
17 1 49 
8 1 30 

1 1
4 1
17 1 13 
18 1 12 
9 1 10 
2 1 19 

2 1
6 1
8 1 30 
15 1 44 
11 1 44 
14 1 34 
13 1 43 
9 1 45 
9 1
5 1 44 
17 1 11 
10 1 18 
14 1 45 
3 1 8 
12 1 12 
16 1 37 
15 1 40 
1 1 22 

1 1
5 1
16 1 34 
19 1 49 
18 1 35 
12 1 37 
4 1 40 

1 1
8 1
6 1 9 
20 1 7 
5 1 5 
19 1 8 
18 1 26 
1 1 11 
12 1 42 
4 1 36 

2 1
3 1
3 1 15 
17 1 33 
8 1 31 
9 1
10 1 10 
7 1 6 
16 1 35 
12 1 8 
2 1 32 
14 1 37 
5 1 46 
17 1 42 
8 1 15 

2 1
3 1
15 1 26 
10 1 25 
18 1 10 
7 1
8 1 18 
3 1 22 
20 1 8 
11 1 19 
18 1 12 
19 1 43 
7 1 10 

2 1
10 1
6 1 34 
2 1 31 
20 1 40 
3 1 47 
18 1 27 
15 1 6 
13 1 39 
10 1 40 
5 1 7 
1 1 33 
9 1
3 1 15 
15 1 44 
20 1 27 
8 1 49 
14 1 48 
5 1 32 
18 1 28 
1 1 28 
10 1 15 


10
2 2
3 2
18 1 6 2 7 
14 1 26 2 10 
2 1 44 2 3 
8 1
12 1 10 
3 1 29 
10 1 14 
4 1 5 
15 1 17 
8 1 7 
9 1 39 
14 1 7 

1 1
4 1
15 1 5 
9 1 23 
17 1 28 
14 1 14 

2 1
6 1
20 1 13 
12 1 19 
4 1 32 
3 1 38 
17 1 28 
5 1 29 
8 1
4 1 28 
15 1 5 
20 1 46 
16 1 20 
2 1 6 
17 1 34 
10 1 45 
7 1 12 

1 1
5 1
5 1 45 
13 1 33 
8 1 48 
12 1 14 
7 1 36 

1 1
8 1
9 1 28 
11 1 25 
1 1 47 
6 1 41 
13 1 43 
12 1 45 
10 1 44 
4 1 16 

2 2
4 2
18 1 12 2 17 
9 1 45 2 1 
4 1 8 2 39 
7 1 11 2 30 
9 1
16 2 6 
6 2 13 
9 2 9 
11 2 4 
19 2 10 
14 2 20 
5 2 3 
15 2 10 
17 2 8 

2 2
10 1
19 1 12 
2 1 10 
18 1 6 
7 1 6 
10 1 5 
13 1 3 
9 1 13 
20 1 4 
1 1 22 
17 1 12 
3 2
8 1 8 2 6 
4 1 3 2 31 
13 1 43 2 5 

1 1
8 1
18 1 20 
8 1 9 
15 1 44 
13 1 33 
17 1 42 
1 1 34 
14 1 46 
10 1 45 

1 1
5 1
19 1 11 
12 1 13 
16 1 25 
15 1 38 
8 1 36 

1 1
3 1
18 1 26 
14 1 17 
20 1 18 


10
2 1
3 1
18 1 5 
17 1 36 
12 1 43 
8 1
13 1 18 
17 1 38 
8 1 5 
19 1 45 
3 1 43 
11 1 8 
12 1 43 
2 1 21 

2 2
2 2
16 1 10 2 15 
1 1 8 2 1 
9 1
14 1 3 
7 1 19 
10 1 15 
16 1 8 
9 1 13 
19 1 2 
4 1 28 
2 1 2 
18 1 2 

2 2
7 1
19 1 15 
6 1 4 
10 1 6 
12 1 20 
18 1 44 
5 1 3 
17 1 2 
3 2
12 1 15 2 9 
11 1 21 2 1 
4 1 6 2 1 

2 1
6 1
3 1 25 
11 1 38 
7 1 34 
9 1 44 
4 1 32 
8 1 40 
9 1
20 1 14 
1 1 26 
12 1 46 
7 1 49 
3 1 42 
16 1 18 
5 1 5 
13 1 25 
10 1 44 

1 1
9 1
15 1 40 
20 1 23 
19 1 18 
10 1 18 
18 1 46 
7 1 32 
12 1 40 
5 1 20 
16 1 29 

1 1
6 1
11 1 44 
4 1 23 
5 1 24 
12 1 28 
1 1 23 
13 1 13 

1 1
10 1
14 1 17 
13 1 47 
18 1 25 
4 1 37 
6 1 45 
9 1 28 
17 1 47 
20 1 34 
7 1 41 
2 1 21 

2 2
2 2
6 1 4 2 1 
10 1 23 2 8 
7 1
3 2 2 
18 2 11 
15 2 7 
7 2 32 
17 2 11 
11 2 4 
4 2 30 

1 1
4 1
8 1 8 
14 1 9 
7 1 31 
5 1 19 

1 1
8 1
2 1 7 
20 1 25 
16 1 48 
7 1 21 
3 1 14 
6 1 46 
15 1 9 
14 1 20 


10
2 2
3 1
20 2 11 
3 2 32 
5 2 16 
10 2
9 1 4 2 4 
12 1 22 2 22 
11 1 15 2 14 
2 1 15 2 19 
1 1 17 2 4 
17 1 33 2 9 
18 1 37 2 2 
13 1 15 2 2 
7 1 13 2 16 
20 1 42 2 5 

1 1
5 1
2 1 31 
6 1 21 
3 1 39 
5 1 18 
11 1 18 

1 1
2 1
8 1 44 
9 1 41 

2 1
10 1
7 1 33 
5 1 37 
14 1 44 
3 1 47 
17 1 37 
19 1 20 
10 1 23 
18 1 49 
6 1 35 
9 1 27 
5 1
5 1 16 
15 1 14 
11 1 9 
3 1 10 
4 1 6 

2 1
1 1
20 1 23 
6 1
16 1 24 
2 1 11 
11 1 32 
12 1 9 
3 1 18 
19 1 12 

2 1
7 1
14 1 27 
10 1 33 
17 1 32 
19 1 8 
15 1 19 
18 1 29 
7 1 18 
10 1
11 1 27 
7 1 17 
17 1 38 
16 1 42 
18 1 39 
5 1 46 
14 1 36 
3 1 24 
19 1 30 
4 1 43 

2 1
1 1
4 1 22 
5 1
5 1 25 
12 1 37 
18 1 42 
8 1 8 
3 1 9 

2 1
7 1
5 1 7 
1 1 34 
15 1 11 
4 1 37 
13 1 44 
17 1 17 
14 1 43 
5 1
8 1 49 
9 1 31 
1 1 9 
12 1 40 
5 1 24 

1 1
4 1
10 1 45 
18 1 30 
14 1 46 
5 1 32 

2 2
1 2
12 1 31 2 13 
10 2
16 1 15 2 31 
2 1 36 2 2 
17 1 36 2 9 
20 1 30 2 2 
5 1 20 2 26 
1 1 16 2 22 
4 1 28 2 2 
3 1 9 2 23 
14 1 19 2 4 
15 1 9 2 23 


10
1 1
2 1
15 1 12 
18 1 5 

2 1
8 1
4 1 22 
11 1 25 
9 1 49 
8 1 42 
17 1 31 
10 1 37 
1 1 21 
16 1 40 
5 1
13 1 13 
19 1 33 
7 1 34 
11 1 27 
16 1 38 

1 1
10 1
3 1 48 
4 1 14 
11 1 16 
15 1 41 
13 1 34 
9 1 40 
12 1 10 
20 1 10 
10 1 24 
16 1 46 

1 1
2 1
18 1 6 
1 1 46 

2 2
7 1
13 1 5 
2 1 3 
12 1 7 
5 1 3 
4 1 2 
18 1 2 
19 1 4 
1 2
1 1 9 2 1 

1 1
10 1
1 1 20 
13 1 37 
18 1 19 
7 1 25 
17 1 28 
9 1 21 
19 1 37 
2 1 13 
5 1 30 
3 1 48 

1 1
4 1
18 1 26 
5 1 46 
17 1 21 
8 1 24 

2 1
4 1
12 1 8 
19 1 18 
13 1 22 
10 1 13 
10 1
6 1 17 
12 1 27 
14 1 29 
5 1 46 
1 1 9 
11 1 43 
18 1 9 
15 1 22 
13 1 15 
3 1 22 

1 1
1 1
10 1 45 

2 2
4 2
9 1 24 2 6 
18 1 18 2 3 
2 1 18 2 3 
15 1 8 2 33 
4 1
9 1 13 
6 1 2 
19 1 21 
3 1 10 


10
2 2
2 2
5 1 2 2 8 
4 1 16 2 17 
8 2
3 1 35 2 2 
5 1 4 2 10 
13 1 8 2 37 
19 1 5 2 1 
8 1 12 2 2 
6 1 14 2 18 
10 1 19 2 6 
15 1 9 2 13 

1 1
8 1
3 1 24 
19 1 36 
16 1 42 
15 1 34 
4 1 35 
5 1 12 
13 1 48 
14 1 7 

1 1
1 1
19 1 30 

2 1
3 1
15 1 32 
5 1 36 
18 1 49 
7 1
17 1 23 
13 1 23 
1 1 36 
20 1 16 
19 1 6 
16 1 37 
4 1 45 

2 2
8 1
16 1 7 
13 1 45 
20 1 2 
12 1 6 
7 1 5 
6 1 17 
11 1 22 
2 1 11 
8 2
15 1 17 2 23 
2 1 24 2 10 
13 1 2 2 17 
16 1 18 2 24 
14 1 8 2 17 
4 1 20 2 3 
12 1 14 2 21 
1 1 22 2 20 

2 1
1 1
16 1 35 
3 1
1 1 36 
3 1 34 
18 1 49 

1 1
9 1
18 1 47 
5 1 6 
19 1 21 
15 1 16 
16 1 31 
4 1 40 
8 1 17 
6 1 8 
14 1 41 

1 1
6 1
17 1 44 
1 1 31 
12 1 35 
9 1 32 
3 1 9 
5 1 41 

1 1
8 1
8 1 19 
13 1 48 
15 1 30 
4 1 46 
9 1 47 
19 1 39 
3 1 10 
12 1 49 

1 1
2 1
10 1 5 
15 1 11 


10
2 2
9 1
13 2 8 
6 2 4 
1 2 2 
7 2 4 
8 2 15 
15 2 23 
3 2 21 
10 2 3 
20 2 23 
5 2
6 1 34 2 5 
14 1 28 2 9 
15 1 7 2 30 
11 1 5 2 32 
13 1 19 2 19 

2 2
10 2
3 1 26 2 5 
11 1 20 2 10 
17 1 3 2 3 
4 1 18 2 23 
19 1 28 2 6 
9 1 7 2 21 
20 1 27 2 2 
8 1 7 2 10 
7 1 22 2 22 
18 1 31 2 14 
7 1
12 2 12 
15 2 25 
8 2 19 
11 2 2 
1 2 31 
3 2 6 
16 2 3 

2 1
8 1
10 1 28 
20 1 38 
3 1 39 
2 1 7 
5 1 48 
18 1 38 
4 1 5 
14 1 6 
6 1
15 1 22 
14 1 29 
2 1 19 
8 1 41 
12 1 18 
5 1 25 

1 1
2 1
10 1 22 
16 1 40 

2 1
1 1
11 1 8 
1 1
6 1 31 

2 1
1 1
2 1 37 
1 1
19 1 46 

1 1
3 1
16 1 45 
19 1 19 
11 1 33 

2 2
10 2
9 1 18 2 15 
2 1 16 2 6 
7 1 13 2 25 
4 1 13 2 4 
12 1 14 2 2 
6 1 28 2 1 
19 1 7 2 9 
18 1 12 2 15 
11 1 17 2 15 
13 1 4 2 2 
1 1
9 1 11 

2 2
5 2
7 1 35 2 4 
20 1 11 2 16 
12 1 4 2 22 
16 1 16 2 16 
1 1 6 2 2 
5 2
6 1 21 2 9 
18 1 10 2 3 
1 1 11 2 26 
11 1 6 2 29 
5 1 6 2 17 

1 1
2 1
14 1 31 
12 1 33 


10
2 2
6 2
11 1 8 2 18 
13 1 26 2 2 
7 1 4 2 23 
16 1 9 2 7 
9 1 3 2 9 
20 1 2 2 23 
10 2
20 1 3 2 6 
7 1 22 2 8 
3 1 4 2 4 
1 1 19 2 15 
16 1 24 2 25 
11 1 2 2 12 
5 1 8 2 2 
15 1 24 2 10 
9 1 6 2 1 
8 1 3 2 5 

1 1
7 1
6 1 19 
2 1 26 
10 1 9 
11 1 40 
9 1 14 
20 1 31 
18 1 10 

1 1
3 1
9 1 5 
12 1 10 
18 1 43 

2 2
6 2
2 1 31 2 3 
16 1 8 2 1 
13 1 42 2 2 
12 1 2 2 14 
19 1 25 2 3 
10 1 18 2 7 
2 1
11 2 23 
4 2 6 

1 1
3 1
15 1 37 
12 1 44 
3 1 20 

2 2
7 2
18 1 12 2 3 
8 1 30 2 3 
16 1 3 2 42 
1 1 38 2 7 
7 1 3 2 24 
17 1 2 2 15 
12 1 15 2 2 
6 2
10 1 12 2 19 
17 1 16 2 2 
13 1 35 2 10 
11 1 2 2 8 
3 1 17 2 14 
1 1 12 2 19 

2 1
1 1
9 1 32 
7 1
3 1 6 
1 1 44 
16 1 26 
11 1 32 
18 1 41 
19 1 40 
15 1 35 

1 1
6 1
14 1 37 
19 1 42 
1 1 33 
6 1 9 
2 1 23 
4 1 34 

2 2
4 2
9 1 15 2 3 
8 1 14 2 7 
1 1 14 2 11 
7 1 12 2 26 
6 2
20 1 4 2 44 
12 1 8 2 35 
6 1 4 2 6 
2 1 7 2 27 
1 1 4 2 2 
19 1 29 2 4 

1 1
8 1
17 1 39 
12 1 24 
10 1 18 
11 1 9 
15 1 8 
4 1 27 
14 1 47 
20 1 45 


