10 30 100 5 5

10
4 1
9 1
7 1 30 
8 1 49 
10 1 33 
2 1 22 
14 1 29 
9 1 39 
21 1 47 
24 1 39 
13 1 43 
4 1
20 1 15 
26 1 20 
9 1 29 
23 1 10 
7 1
3 1 40 
22 1 35 
12 1 45 
23 1 38 
19 1 48 
5 1 16 
11 1 33 
10 1
10 1 16 
5 1 6 
12 1 47 
20 1 25 
16 1 27 
15 1 32 
4 1 7 
1 1 37 
17 1 48 
27 1 29 

2 1
9 1
4 1 24 
18 1 49 
17 1 41 
25 1 18 
28 1 24 
12 1 26 
14 1 40 
26 1 34 
1 1 48 
10 1
22 1 8 
11 1 13 
21 1 30 
23 1 47 
2 1 30 
9 1 27 
28 1 16 
20 1 25 
4 1 47 
26 1 15 

2 1
3 1
21 1 6 
11 1 44 
26 1 34 
5 1
4 1 46 
5 1 34 
9 1 46 
21 1 25 
3 1 16 

1 1
10 1
24 1 32 
27 1 45 
13 1 27 
6 1 31 
3 1 26 
21 1 47 
10 1 48 
28 1 16 
29 1 49 
20 1 20 

2 1
10 1
24 1 48 
12 1 20 
29 1 15 
5 1 47 
2 1 16 
19 1 33 
6 1 32 
28 1 43 
18 1 46 
20 1 31 
8 1
20 1 47 
8 1 21 
13 1 31 
10 1 23 
29 1 15 
22 1 12 
7 1 12 
3 1 18 

3 3
2 3
1 1 27 2 5 3 3 
10 1 6 2 17 3 9 
4 2
28 1 6 2 12 
4 1 8 2 1 
19 1 4 2 1 
23 1 9 2 3 
5 3
1 1 12 2 11 3 12 
3 1 4 2 12 3 24 
6 1 16 2 7 3 7 
27 1 5 2 4 3 7 
17 1 12 2 3 3 33 

2 2
8 2
24 1 20 2 6 
7 1 13 2 19 
6 1 7 2 17 
30 1 7 2 17 
10 1 7 2 39 
4 1 26 2 14 
17 1 7 2 29 
12 1 2 2 4 
1 1
29 2 4 

5 5
6 1
4 5 2 
1 5 4 
21 5 1 
8 5 3 
25 5 9 
19 5 8 
2 4
24 1 2 2 1 3 5 4 1 
1 1 10 2 1 3 15 4 3 
5 3
10 2 1 3 2 4 3 
18 2 1 3 1 4 1 
4 2 3 3 7 4 6 
23 2 2 3 9 4 2 
11 2 3 3 1 4 6 
8 5
3 1 2 2 3 3 1 4 1 5 4 
20 1 4 2 7 3 17 4 2 5 9 
21 1 2 2 4 3 1 4 6 5 2 
10 1 2 2 2 3 3 4 3 5 2 
28 1 2 2 3 3 7 4 1 5 7 
26 1 2 2 1 3 3 4 1 5 2 
25 1 2 2 10 3 3 4 7 5 11 
6 1 5 2 11 3 2 4 1 5 12 
4 3
1 3 3 4 3 5 1 
12 3 7 4 11 5 3 
29 3 13 4 2 5 5 
9 3 4 4 7 5 1 

1 1
7 1
1 1 14 
6 1 37 
19 1 47 
9 1 47 
4 1 36 
24 1 44 
26 1 49 

1 1
8 1
19 1 44 
6 1 23 
25 1 12 
29 1 22 
11 1 14 
23 1 29 
14 1 33 
3 1 9 


10
1 1
5 1
24 1 10 
22 1 24 
15 1 13 
16 1 6 
11 1 21 

3 2
8 1
9 1 9 
2 1 18 
19 1 21 
23 1 7 
25 1 9 
4 1 3 
21 1 10 
5 1 20 
8 2
19 1 11 2 24 
6 1 15 2 8 
20 1 12 2 4 
9 1 8 2 41 
4 1 3 2 23 
29 1 32 2 4 
10 1 32 2 3 
25 1 3 2 3 
8 1
3 2 12 
22 2 21 
7 2 4 
30 2 5 
19 2 9 
23 2 11 
14 2 8 
17 2 7 

4 3
10 3
18 1 3 2 5 3 5 
9 1 34 2 13 3 2 
1 1 2 2 1 3 2 
22 1 2 2 5 3 3 
5 1 10 2 11 3 20 
15 1 2 2 2 3 1 
14 1 4 2 2 3 3 
27 1 23 2 12 3 11 
17 1 2 2 6 3 34 
8 1 3 2 5 3 39 
10 2
30 1 15 2 11 
29 1 6 2 5 
1 1 10 2 11 
13 1 20 2 4 
25 1 5 2 4 
3 1 8 2 15 
19 1 17 2 9 
16 1 5 2 15 
14 1 6 2 3 
4 1 25 2 7 
6 1
8 3 2 
13 3 1 
7 3 4 
14 3 2 
17 3 1 
29 3 18 
9 2
25 2 17 3 9 
3 2 9 3 5 
22 2 3 3 3 
30 2 7 3 5 
20 2 2 3 4 
10 2 7 3 19 
19 2 2 3 6 
14 2 2 3 3 
24 2 2 3 3 

5 1
6 1
16 1 31 
20 1 17 
18 1 26 
11 1 21 
5 1 37 
30 1 32 
5 1
4 1 21 
6 1 38 
13 1 37 
22 1 23 
27 1 19 
4 1
2 1 40 
26 1 30 
23 1 7 
20 1 29 
6 1
30 1 6 
20 1 31 
21 1 33 
19 1 28 
3 1 37 
7 1 35 
5 1
22 1 35 
9 1 16 
10 1 34 
11 1 22 
25 1 41 

1 1
1 1
28 1 35 

1 1
10 1
6 1 20 
5 1 38 
14 1 24 
4 1 25 
19 1 18 
23 1 49 
30 1 23 
17 1 11 
20 1 42 
18 1 24 

1 1
10 1
27 1 18 
4 1 13 
26 1 26 
12 1 10 
21 1 47 
8 1 19 
15 1 8 
28 1 47 
19 1 23 
10 1 24 

4 4
9 4
29 1 6 2 1 3 4 4 9 
20 1 23 2 9 3 5 4 12 
1 1 2 2 4 3 2 4 3 
26 1 7 2 3 3 4 4 19 
5 1 4 2 16 3 2 4 2 
9 1 3 2 2 3 26 4 18 
12 1 3 2 2 3 12 4 7 
6 1 23 2 11 3 8 4 2 
11 1 6 2 4 3 2 4 10 
9 2
11 3 6 4 4 
1 3 7 4 4 
14 3 23 4 10 
22 3 18 4 13 
27 3 5 4 1 
25 3 2 4 6 
13 3 4 4 2 
3 3 8 4 9 
28 3 11 4 6 
4 2
3 3 1 4 1 
29 3 6 4 2 
4 3 1 4 3 
2 3 2 4 3 
7 2
15 2 1 3 2 
22 2 7 3 3 
21 2 1 3 7 
1 2 3 3 5 
8 2 5 3 5 
17 2 2 3 10 
20 2 25 3 10 

5 4
6 3
22 2 16 3 3 4 1 
2 2 18 3 5 4 11 
19 2 2 3 12 4 2 
26 2 5 3 4 4 1 
7 2 4 3 15 4 8 
5 2 27 3 4 4 1 
5 1
24 4 14 
30 4 5 
14 4 33 
18 4 6 
27 4 8 
3 2
30 2 1 3 3 
10 2 1 3 3 
19 2 1 3 2 
8 4
7 1 2 2 2 3 4 4 12 
4 1 2 2 5 3 1 4 3 
1 1 14 2 7 3 9 4 4 
22 1 6 2 3 3 2 4 5 
2 1 5 2 1 3 7 4 4 
15 1 13 2 7 3 7 4 21 
29 1 22 2 5 3 6 4 2 
6 1 11 2 3 3 8 4 4 
1 2
12 3 6 4 14 

5 1
8 1
9 1 29 
23 1 27 
10 1 30 
5 1 46 
8 1 17 
11 1 45 
19 1 24 
1 1 27 
1 1
12 1 17 
1 1
10 1 15 
9 1
18 1 41 
23 1 37 
12 1 37 
25 1 42 
28 1 24 
3 1 7 
26 1 28 
14 1 41 
19 1 34 
9 1
22 1 10 
15 1 38 
11 1 7 
21 1 31 
30 1 15 
13 1 19 
8 1 5 
4 1 42 
5 1 44 


10
1 1
3 1
2 1 37 
4 1 38 
28 1 8 

2 1
4 1
2 1 28 
1 1 41 
6 1 37 
9 1 6 
4 1
12 1 38 
11 1 37 
7 1 37 
26 1 32 

3 1
4 1
25 1 21 
19 1 21 
30 1 43 
23 1 37 
3 1
2 1 31 
20 1 6 
3 1 39 
1 1
30 1 19 

4 2
8 1
14 1 31 
13 1 9 
21 1 17 
10 1 12 
12 1 6 
16 1 30 
8 1 7 
18 1 3 
7 1
19 2 9 
27 2 35 
1 2 30 
6 2 26 
20 2 3 
3 2 8 
2 2 22 
7 2
11 1 32 2 11 
21 1 39 2 2 
13 1 8 2 33 
16 1 6 2 7 
9 1 25 2 1 
19 1 9 2 17 
12 1 29 2 15 
4 1
12 1 12 
23 1 25 
21 1 10 
25 1 21 

2 2
6 2
19 1 23 2 15 
21 1 7 2 36 
3 1 2 2 4 
15 1 2 2 4 
8 1 3 2 4 
25 1 8 2 19 
6 1
20 1 33 
14 1 4 
24 1 17 
10 1 4 
19 1 2 
22 1 7 

2 2
7 2
20 1 7 2 13 
2 1 20 2 2 
13 1 31 2 15 
24 1 38 2 11 
25 1 9 2 13 
26 1 25 2 2 
5 1 27 2 22 
1 1
29 1 9 

2 1
9 1
24 1 49 
5 1 45 
29 1 12 
20 1 14 
6 1 10 
15 1 46 
8 1 34 
7 1 49 
19 1 25 
3 1
14 1 35 
23 1 30 
12 1 44 

3 3
1 3
8 1 6 2 25 3 5 
1 1
28 2 17 
1 3
27 1 6 2 2 3 6 

2 1
1 1
27 1 23 
2 1
22 1 27 
25 1 7 

3 2
1 2
18 1 5 2 1 
8 2
27 1 10 2 1 
14 1 25 2 1 
2 1 34 2 13 
30 1 6 2 1 
7 1 8 2 2 
5 1 32 2 9 
25 1 2 2 13 
12 1 4 2 2 
2 1
11 2 5 
26 2 29 


10
2 2
7 1
28 1 7 
21 1 45 
20 1 23 
12 1 16 
1 1 6 
10 1 16 
23 1 2 
3 2
1 1 6 2 28 
3 1 17 2 18 
25 1 18 2 1 

3 3
9 3
1 1 7 2 12 3 5 
27 1 4 2 2 3 1 
3 1 3 2 1 3 1 
26 1 2 2 1 3 2 
15 1 9 2 7 3 8 
16 1 8 2 12 3 15 
30 1 2 2 6 3 2 
2 1 19 2 9 3 5 
28 1 27 2 2 3 15 
9 1
10 2 3 
15 2 1 
22 2 4 
26 2 5 
13 2 7 
11 2 4 
28 2 12 
21 2 16 
29 2 14 
3 1
12 3 9 
9 3 1 
27 3 1 

2 2
5 2
4 1 3 2 6 
14 1 2 2 8 
11 1 12 2 7 
20 1 12 2 10 
22 1 17 2 6 
10 1
2 1 5 
29 1 6 
12 1 16 
4 1 7 
14 1 2 
5 1 4 
18 1 32 
20 1 9 
16 1 9 
19 1 5 

2 2
4 2
20 1 22 2 8 
9 1 2 2 12 
23 1 18 2 11 
27 1 8 2 23 
7 2
15 1 15 2 9 
26 1 7 2 12 
20 1 32 2 11 
5 1 14 2 3 
1 1 10 2 23 
6 1 2 2 11 
23 1 12 2 5 

4 3
8 2
17 2 4 3 12 
4 2 14 3 12 
2 2 9 3 28 
11 2 16 3 18 
28 2 13 3 12 
14 2 23 3 3 
12 2 3 3 5 
16 2 9 3 10 
9 3
16 1 11 2 7 3 1 
9 1 4 2 1 3 9 
25 1 7 2 3 3 33 
8 1 9 2 15 3 19 
20 1 7 2 4 3 3 
17 1 2 2 5 3 1 
29 1 6 2 4 3 1 
27 1 7 2 25 3 13 
23 1 14 2 3 3 3 
8 1
2 3 11 
26 3 13 
21 3 2 
7 3 14 
25 3 1 
29 3 7 
10 3 9 
28 3 3 
10 1
11 3 11 
19 3 1 
28 3 1 
30 3 4 
3 3 11 
1 3 15 
24 3 1 
29 3 4 
13 3 20 
22 3 14 

2 1
2 1
1 1 27 
14 1 15 
7 1
2 1 15 
1 1 30 
16 1 36 
14 1 10 
15 1 9 
13 1 43 
20 1 20 

1 1
5 1
28 1 46 
9 1 19 
25 1 40 
15 1 45 
26 1 46 

4 2
5 2
1 1 21 2 6 
13 1 2 2 9 
26 1 15 2 4 
6 1 2 2 34 
17 1 30 2 16 
6 1
30 1 12 
20 1 8 
7 1 19 
14 1 45 
11 1 31 
29 1 17 
7 2
6 1 10 2 11 
14 1 6 2 11 
19 1 16 2 9 
7 1 18 2 3 
27 1 17 2 6 
16 1 5 2 31 
20 1 8 2 29 
9 1
27 2 6 
20 2 2 
6 2 1 
19 2 27 
9 2 16 
4 2 17 
2 2 7 
5 2 3 
30 2 21 

2 2
4 1
27 1 35 
6 1 3 
7 1 22 
14 1 20 
9 2
17 1 24 2 5 
21 1 25 2 8 
29 1 12 2 10 
20 1 8 2 8 
2 1 12 2 2 
19 1 31 2 15 
28 1 28 2 10 
27 1 5 2 40 
16 1 33 2 5 

1 1
1 1
17 1 32 


10
5 4
5 4
9 1 4 2 1 3 19 4 9 
21 1 4 2 22 3 9 4 4 
18 1 9 2 2 3 10 4 2 
1 1 8 2 12 3 5 4 6 
16 1 8 2 4 3 2 4 16 
9 3
6 1 12 2 3 3 21 
12 1 3 2 8 3 3 
3 1 8 2 3 3 6 
10 1 8 2 9 3 19 
1 1 4 2 2 3 2 
5 1 5 2 2 3 9 
28 1 5 2 7 3 2 
7 1 20 2 6 3 12 
25 1 5 2 1 3 4 
7 1
14 2 11 
10 2 9 
24 2 1 
3 2 1 
5 2 4 
23 2 3 
22 2 11 
10 2
4 2 3 3 1 
30 2 2 3 5 
11 2 3 3 13 
29 2 3 3 3 
10 2 5 3 12 
12 2 12 3 1 
3 2 3 3 5 
17 2 11 3 29 
18 2 21 3 23 
27 2 9 3 7 
6 1
26 2 2 
24 2 6 
19 2 3 
10 2 21 
27 2 5 
29 2 1 

4 4
5 3
19 2 9 3 7 4 4 
6 2 5 3 3 4 33 
30 2 4 3 6 4 1 
2 2 3 3 10 4 6 
11 2 5 3 3 4 3 
1 3
21 2 11 3 1 4 23 
9 4
12 1 24 2 13 3 8 4 1 
24 1 4 2 1 3 2 4 1 
11 1 7 2 6 3 8 4 12 
7 1 6 2 12 3 13 4 16 
22 1 7 2 2 3 3 4 1 
27 1 22 2 6 3 7 4 8 
8 1 10 2 15 3 6 4 1 
3 1 5 2 2 3 4 4 22 
16 1 2 2 1 3 1 4 1 
2 4
5 1 19 2 3 3 4 4 1 
19 1 6 2 6 3 3 4 2 

1 1
8 1
11 1 15 
1 1 47 
7 1 46 
15 1 48 
16 1 8 
8 1 24 
20 1 10 
3 1 25 

3 1
3 1
15 1 21 
12 1 13 
18 1 43 
8 1
13 1 31 
30 1 5 
3 1 13 
8 1 14 
1 1 10 
6 1 46 
24 1 20 
2 1 40 
8 1
30 1 21 
5 1 19 
20 1 9 
17 1 22 
12 1 47 
13 1 31 
23 1 25 
14 1 35 

5 1
5 1
14 1 21 
18 1 41 
21 1 21 
3 1 6 
1 1 29 
5 1
20 1 38 
14 1 24 
10 1 23 
2 1 32 
22 1 43 
3 1
8 1 8 
1 1 18 
20 1 40 
7 1
14 1 30 
17 1 44 
27 1 34 
22 1 26 
11 1 26 
21 1 12 
20 1 11 
4 1
16 1 45 
21 1 39 
27 1 36 
5 1 5 

3 1
1 1
16 1 15 
4 1
18 1 42 
22 1 47 
23 1 23 
21 1 41 
5 1
3 1 35 
1 1 47 
2 1 21 
7 1 9 
18 1 33 

1 1
3 1
7 1 9 
1 1 32 
2 1 18 

5 1
7 1
4 1 19 
22 1 25 
28 1 25 
12 1 34 
20 1 7 
13 1 19 
9 1 23 
4 1
23 1 32 
8 1 49 
13 1 40 
25 1 23 
9 1
30 1 44 
25 1 22 
23 1 23 
4 1 18 
22 1 11 
18 1 41 
3 1 12 
15 1 44 
6 1 14 
6 1
9 1 28 
27 1 34 
26 1 30 
4 1 17 
2 1 5 
25 1 36 
9 1
3 1 25 
9 1 14 
8 1 22 
19 1 16 
17 1 16 
14 1 30 
5 1 46 
1 1 31 
24 1 38 

5 5
1 1
12 1 2 
3 5
22 1 12 2 24 3 4 4 4 5 5 
6 1 9 2 10 3 4 4 9 5 3 
18 1 15 2 2 3 9 4 17 5 5 
2 1
6 2 2 
29 2 2 
8 5
15 1 5 2 7 3 1 4 5 5 5 
17 1 2 2 2 3 2 4 10 5 1 
2 1 7 2 2 3 11 4 3 5 9 
27 1 8 2 3 3 14 4 11 5 3 
18 1 6 2 4 3 4 4 2 5 3 
26 1 7 2 6 3 15 4 2 5 3 
19 1 3 2 2 3 1 4 2 5 4 
23 1 3 2 2 3 3 4 10 5 4 
5 5
10 1 10 2 15 3 12 4 2 5 2 
30 1 3 2 7 3 3 4 4 5 7 
2 1 3 2 2 3 2 4 3 5 11 
9 1 7 2 2 3 2 4 13 5 1 
15 1 7 2 27 3 3 4 3 5 3 

5 1
6 1
30 1 27 
4 1 23 
29 1 32 
5 1 23 
9 1 42 
26 1 15 
8 1
1 1 25 
21 1 7 
29 1 22 
2 1 7 
13 1 42 
28 1 21 
7 1 17 
4 1 35 
8 1
29 1 30 
9 1 42 
2 1 27 
19 1 24 
16 1 43 
24 1 20 
21 1 10 
20 1 25 
8 1
23 1 49 
16 1 38 
12 1 14 
10 1 24 
28 1 5 
17 1 7 
5 1 18 
29 1 13 
3 1
6 1 20 
14 1 16 
29 1 42 


10
3 2
5 2
26 1 16 2 13 
18 1 29 2 2 
8 1 5 2 44 
6 1 7 2 3 
9 1 16 2 14 
2 1
8 1 19 
3 1 14 
1 1
5 2 7 

1 1
4 1
29 1 32 
13 1 35 
22 1 38 
10 1 24 

3 2
1 2
3 1 9 2 9 
7 1
4 2 8 
28 2 11 
5 2 29 
29 2 8 
26 2 17 
18 2 3 
30 2 13 
4 1
21 2 12 
20 2 17 
25 2 11 
24 2 1 

2 2
4 1
2 2 18 
11 2 3 
12 2 24 
15 2 1 
10 2
19 1 5 2 7 
23 1 20 2 27 
8 1 38 2 1 
20 1 5 2 4 
2 1 14 2 24 
17 1 3 2 8 
26 1 17 2 8 
29 1 14 2 5 
27 1 17 2 32 
10 1 9 2 7 

2 1
2 1
24 1 45 
13 1 21 
1 1
23 1 27 

5 4
5 2
21 1 3 2 5 
17 1 4 2 8 
4 1 2 2 2 
26 1 3 2 1 
1 1 8 2 20 
6 2
15 2 28 3 17 
12 2 3 3 12 
14 2 2 3 1 
26 2 3 3 1 
2 2 13 3 3 
7 2 6 3 17 
7 1
1 3 7 
29 3 9 
20 3 3 
7 3 3 
28 3 6 
30 3 4 
15 3 2 
9 4
5 1 2 2 1 3 1 4 1 
14 1 2 2 3 3 2 4 2 
26 1 2 2 2 3 5 4 4 
4 1 10 2 25 3 1 4 1 
16 1 5 2 4 3 3 4 6 
20 1 3 2 2 3 1 4 2 
24 1 5 2 3 3 4 4 3 
13 1 10 2 1 3 10 4 17 
12 1 3 2 2 3 4 4 1 
4 1
28 3 5 
16 3 5 
24 3 2 
27 3 2 

1 1
2 1
13 1 46 
27 1 20 

3 2
3 1
10 1 24 
12 1 7 
13 1 7 
3 2
18 1 40 2 9 
25 1 27 2 5 
10 1 27 2 21 
3 2
24 1 16 2 4 
6 1 17 2 29 
12 1 11 2 2 

2 1
8 1
30 1 31 
21 1 26 
20 1 31 
14 1 28 
15 1 46 
2 1 15 
17 1 47 
4 1 20 
9 1
30 1 6 
22 1 29 
15 1 13 
2 1 32 
16 1 30 
12 1 26 
6 1 32 
8 1 47 
17 1 28 

1 1
10 1
2 1 18 
27 1 27 
12 1 39 
3 1 18 
26 1 6 
28 1 6 
24 1 42 
11 1 37 
29 1 20 
18 1 49 


10
3 1
9 1
22 1 25 
25 1 5 
15 1 26 
19 1 20 
12 1 47 
26 1 32 
7 1 42 
14 1 14 
30 1 37 
8 1
13 1 29 
23 1 31 
14 1 38 
2 1 5 
8 1 35 
11 1 49 
15 1 27 
21 1 30 
9 1
26 1 11 
19 1 22 
22 1 28 
9 1 15 
18 1 45 
25 1 30 
15 1 12 
5 1 10 
24 1 16 

2 1
6 1
25 1 39 
16 1 26 
6 1 25 
14 1 34 
20 1 24 
28 1 11 
1 1
30 1 9 

4 3
5 2
24 2 30 3 1 
21 2 6 3 15 
26 2 17 3 10 
1 2 15 3 28 
28 2 19 3 12 
5 2
10 1 9 2 17 
21 1 2 2 5 
6 1 7 2 17 
27 1 5 2 32 
3 1 12 2 21 
7 3
14 1 2 2 4 3 1 
21 1 22 2 4 3 2 
29 1 6 2 16 3 1 
11 1 2 2 17 3 8 
9 1 23 2 3 3 7 
19 1 14 2 17 3 12 
30 1 15 2 15 3 1 
6 3
10 1 4 2 3 3 2 
24 1 2 2 18 3 3 
17 1 24 2 1 3 5 
13 1 5 2 4 3 4 
19 1 5 2 2 3 3 
30 1 4 2 5 3 1 

3 2
7 1
4 2 29 
30 2 15 
8 2 9 
22 2 8 
23 2 15 
19 2 42 
11 2 2 
1 1
27 1 5 
4 2
9 1 28 2 19 
27 1 9 2 28 
19 1 28 2 7 
23 1 21 2 24 

1 1
5 1
9 1 41 
27 1 29 
5 1 12 
7 1 34 
10 1 45 

1 1
2 1
1 1 39 
25 1 30 

1 1
7 1
10 1 38 
30 1 30 
2 1 25 
13 1 39 
6 1 40 
1 1 26 
17 1 29 

5 1
9 1
25 1 6 
27 1 35 
11 1 16 
28 1 35 
3 1 5 
13 1 35 
6 1 19 
26 1 47 
30 1 42 
8 1
21 1 37 
16 1 11 
1 1 35 
30 1 46 
29 1 34 
3 1 17 
2 1 11 
20 1 33 
7 1
6 1 42 
25 1 41 
3 1 20 
1 1 5 
24 1 34 
8 1 30 
7 1 36 
9 1
30 1 6 
13 1 49 
28 1 40 
24 1 16 
9 1 27 
25 1 13 
8 1 44 
26 1 29 
22 1 45 
2 1
6 1 16 
11 1 46 

1 1
1 1
28 1 26 

5 4
4 3
11 2 4 3 1 4 2 
3 2 2 3 1 4 8 
17 2 2 3 1 4 1 
5 2 3 3 13 4 21 
2 1
20 2 5 
14 2 1 
3 2
6 1 19 2 12 
4 1 12 2 12 
8 1 2 2 1 
5 1
11 4 8 
8 4 4 
17 4 4 
10 4 8 
19 4 14 
5 4
24 1 17 2 4 3 6 4 2 
11 1 4 2 14 3 8 4 14 
3 1 3 2 1 3 2 4 2 
2 1 3 2 3 3 10 4 3 
8 1 3 2 14 3 5 4 5 


10
5 2
4 1
4 2 18 
11 2 8 
6 2 28 
18 2 37 
6 2
19 1 11 2 33 
22 1 30 2 18 
21 1 11 2 27 
12 1 4 2 14 
29 1 43 2 4 
11 1 13 2 6 
7 2
22 1 5 2 6 
5 1 10 2 16 
20 1 14 2 5 
24 1 5 2 2 
18 1 2 2 5 
8 1 5 2 1 
27 1 6 2 24 
2 2
24 1 43 2 1 
23 1 40 2 6 
6 1
18 1 14 
26 1 11 
25 1 7 
27 1 10 
14 1 10 
15 1 29 

4 3
8 1
3 3 7 
6 3 1 
17 3 3 
1 3 6 
18 3 12 
4 3 1 
29 3 13 
27 3 15 
3 1
22 1 11 
8 1 16 
16 1 6 
2 3
16 1 28 2 3 3 7 
20 1 2 2 5 3 2 
10 3
9 1 4 2 1 3 3 
25 1 4 2 7 3 8 
20 1 4 2 10 3 5 
23 1 3 2 10 3 15 
27 1 8 2 2 3 38 
22 1 14 2 6 3 15 
11 1 2 2 6 3 1 
10 1 17 2 11 3 9 
5 1 8 2 7 3 27 
7 1 3 2 27 3 5 

1 1
9 1
23 1 45 
6 1 32 
14 1 20 
30 1 38 
12 1 18 
26 1 18 
7 1 12 
19 1 49 
28 1 34 

2 1
1 1
22 1 33 
5 1
28 1 43 
22 1 23 
25 1 11 
10 1 7 
8 1 18 

3 2
5 2
16 1 3 2 5 
18 1 28 2 21 
14 1 36 2 7 
5 1 9 2 2 
28 1 25 2 19 
4 2
25 1 7 2 6 
21 1 14 2 4 
30 1 15 2 9 
7 1 11 2 18 
5 2
2 1 6 2 6 
25 1 21 2 28 
21 1 9 2 33 
15 1 14 2 6 
10 1 9 2 17 

5 2
2 1
13 1 12 
8 1 39 
10 2
23 1 6 2 30 
5 1 10 2 6 
21 1 13 2 30 
8 1 12 2 17 
13 1 4 2 15 
17 1 5 2 43 
20 1 24 2 18 
12 1 4 2 19 
19 1 3 2 3 
7 1 17 2 27 
4 2
1 1 30 2 10 
26 1 8 2 7 
22 1 22 2 27 
16 1 6 2 13 
7 2
10 1 5 2 35 
5 1 20 2 1 
9 1 2 2 9 
28 1 12 2 7 
17 1 18 2 24 
24 1 12 2 28 
3 1 21 2 25 
1 1
15 1 5 

5 2
2 1
3 1 12 
24 1 2 
6 2
6 1 4 2 4 
29 1 13 2 32 
23 1 15 2 5 
3 1 20 2 21 
25 1 4 2 8 
4 1 3 2 2 
8 2
20 1 11 2 5 
5 1 31 2 12 
15 1 12 2 14 
14 1 12 2 30 
8 1 8 2 15 
13 1 13 2 17 
11 1 25 2 3 
7 1 4 2 28 
5 1
6 2 7 
9 2 8 
23 2 13 
25 2 36 
10 2 3 
4 1
23 1 2 
6 1 7 
21 1 13 
12 1 2 

3 1
2 1
29 1 37 
6 1 36 
9 1
15 1 32 
20 1 37 
21 1 44 
19 1 14 
7 1 42 
4 1 43 
23 1 37 
12 1 24 
6 1 33 
7 1
2 1 48 
1 1 14 
13 1 37 
22 1 42 
30 1 19 
11 1 28 
23 1 17 

2 2
8 2
3 1 18 2 2 
26 1 24 2 19 
11 1 4 2 41 
14 1 31 2 7 
6 1 27 2 3 
21 1 15 2 4 
2 1 21 2 1 
1 1 19 2 7 
1 2
6 1 36 2 10 

3 2
1 2
28 1 14 2 12 
7 1
14 1 7 
10 1 3 
17 1 10 
4 1 5 
6 1 9 
5 1 3 
11 1 7 
9 1
30 1 3 
15 1 31 
3 1 38 
7 1 6 
17 1 18 
2 1 11 
18 1 21 
23 1 36 
6 1 2 


10
1 1
6 1
28 1 40 
6 1 35 
8 1 25 
21 1 6 
25 1 23 
22 1 42 

1 1
7 1
26 1 32 
4 1 18 
7 1 35 
2 1 29 
28 1 41 
23 1 14 
27 1 45 

3 1
9 1
2 1 43 
9 1 32 
25 1 20 
26 1 17 
1 1 17 
6 1 30 
16 1 29 
3 1 27 
14 1 22 
9 1
11 1 10 
16 1 38 
23 1 11 
7 1 21 
18 1 5 
26 1 39 
12 1 16 
10 1 41 
15 1 12 
1 1
4 1 31 

5 1
10 1
18 1 45 
13 1 34 
17 1 14 
6 1 12 
16 1 48 
4 1 8 
19 1 43 
12 1 27 
29 1 27 
30 1 24 
4 1
29 1 34 
23 1 31 
25 1 45 
27 1 16 
6 1
14 1 38 
11 1 18 
20 1 47 
16 1 35 
26 1 47 
19 1 24 
9 1
29 1 36 
12 1 24 
10 1 26 
16 1 43 
15 1 14 
17 1 44 
23 1 17 
3 1 31 
8 1 8 
7 1
25 1 36 
4 1 33 
27 1 42 
5 1 14 
10 1 31 
13 1 26 
3 1 23 

1 1
3 1
6 1 16 
24 1 9 
1 1 16 

5 4
9 4
15 1 5 2 17 3 2 4 3 
11 1 15 2 4 3 2 4 4 
4 1 11 2 3 3 4 4 3 
22 1 7 2 12 3 2 4 8 
25 1 5 2 9 3 14 4 2 
7 1 3 2 6 3 6 4 13 
26 1 3 2 2 3 1 4 2 
16 1 6 2 2 3 17 4 10 
13 1 3 2 3 3 22 4 1 
8 1
21 1 3 
10 1 2 
7 1 2 
30 1 9 
18 1 3 
25 1 3 
2 1 3 
17 1 3 
6 1
11 1 3 
14 1 8 
9 1 2 
2 1 7 
16 1 9 
21 1 5 
8 2
15 1 2 2 3 
12 1 12 2 16 
14 1 10 2 3 
4 1 6 2 3 
3 1 11 2 2 
5 1 9 2 5 
7 1 10 2 6 
17 1 8 2 13 
6 1
22 3 7 
17 3 1 
26 3 1 
12 3 12 
7 3 2 
30 3 8 

4 3
4 3
7 1 23 2 2 3 23 
20 1 2 2 2 3 1 
3 1 7 2 2 3 18 
29 1 11 2 3 3 21 
3 3
26 1 2 2 7 3 1 
6 1 4 2 5 3 14 
24 1 12 2 12 3 8 
7 3
23 1 4 2 5 3 4 
2 1 9 2 10 3 5 
21 1 12 2 4 3 7 
29 1 2 2 10 3 22 
15 1 5 2 2 3 1 
20 1 5 2 2 3 4 
27 1 8 2 3 3 2 
7 3
24 1 5 2 4 3 6 
3 1 14 2 5 3 7 
4 1 3 2 2 3 7 
11 1 6 2 18 3 8 
27 1 6 2 8 3 3 
30 1 6 2 3 3 15 
18 1 6 2 2 3 2 

2 2
1 2
11 1 26 2 20 
5 1
27 2 5 
8 2 12 
10 2 9 
12 2 2 
4 2 15 

1 1
3 1
21 1 46 
1 1 37 
20 1 14 

2 2
7 1
6 2 22 
8 2 6 
4 2 2 
16 2 6 
22 2 3 
27 2 4 
25 2 15 
6 2
15 1 21 2 3 
12 1 5 2 39 
5 1 15 2 9 
1 1 11 2 27 
2 1 27 2 13 
16 1 4 2 39 


10
2 2
6 1
4 1 7 
29 1 18 
24 1 30 
23 1 27 
1 1 24 
3 1 29 
7 2
15 1 5 2 17 
24 1 6 2 10 
11 1 10 2 14 
10 1 21 2 4 
21 1 15 2 15 
27 1 10 2 35 
17 1 33 2 10 

5 1
4 1
21 1 37 
17 1 33 
1 1 6 
24 1 40 
10 1
29 1 34 
9 1 33 
5 1 28 
14 1 45 
22 1 30 
28 1 11 
20 1 49 
16 1 47 
27 1 15 
15 1 40 
4 1
26 1 41 
1 1 25 
15 1 17 
20 1 21 
5 1
24 1 8 
25 1 22 
5 1 29 
17 1 40 
23 1 43 
10 1
19 1 29 
15 1 44 
1 1 43 
22 1 6 
9 1 44 
28 1 30 
30 1 18 
3 1 20 
5 1 49 
20 1 19 

2 2
8 2
15 1 26 2 13 
29 1 11 2 15 
18 1 19 2 20 
12 1 7 2 15 
3 1 34 2 14 
19 1 2 2 14 
17 1 14 2 19 
7 1 6 2 27 
10 1
24 2 2 
14 2 13 
26 2 4 
12 2 18 
19 2 2 
1 2 10 
20 2 24 
29 2 18 
8 2 31 
10 2 15 

5 4
2 1
29 3 1 
16 3 14 
4 4
25 1 5 2 3 3 1 4 6 
3 1 3 2 5 3 2 4 1 
11 1 5 2 13 3 1 4 20 
9 1 3 2 6 3 10 4 3 
6 4
6 1 16 2 13 3 4 4 9 
25 1 4 2 9 3 16 4 9 
7 1 16 2 16 3 4 4 2 
21 1 13 2 5 3 1 4 8 
16 1 2 2 5 3 25 4 1 
8 1 2 2 1 3 1 4 1 
8 3
9 1 2 2 2 3 1 
21 1 2 2 17 3 1 
16 1 2 2 7 3 6 
25 1 9 2 5 3 2 
26 1 2 2 12 3 3 
19 1 2 2 2 3 4 
18 1 2 2 5 3 6 
24 1 2 2 1 3 6 
9 2
15 2 1 3 5 
29 2 3 3 3 
21 2 4 3 8 
19 2 2 3 4 
11 2 6 3 3 
10 2 22 3 3 
6 2 2 3 5 
28 2 4 3 1 
24 2 16 3 3 

4 3
3 3
28 1 17 2 2 3 1 
20 1 33 2 5 3 8 
3 1 21 2 9 3 6 
6 2
5 1 14 2 17 
16 1 8 2 16 
28 1 8 2 7 
21 1 5 2 9 
8 1 2 2 1 
3 1 3 2 3 
9 3
6 1 11 2 8 3 1 
17 1 20 2 10 3 5 
22 1 4 2 6 3 5 
16 1 4 2 7 3 31 
23 1 5 2 3 3 2 
13 1 3 2 17 3 12 
3 1 2 2 3 3 1 
25 1 6 2 17 3 23 
1 1 11 2 4 3 1 
2 2
11 2 10 3 20 
25 2 13 3 5 

5 3
6 2
12 2 31 3 13 
10 2 9 3 12 
29 2 3 3 7 
14 2 8 3 3 
25 2 15 3 2 
20 2 2 3 1 
5 3
11 1 9 2 6 3 29 
27 1 20 2 1 3 6 
20 1 13 2 2 3 8 
6 1 2 2 2 3 1 
16 1 19 2 14 3 8 
8 2
23 1 15 2 7 
1 1 21 2 2 
27 1 22 2 9 
26 1 18 2 8 
17 1 4 2 39 
11 1 7 2 10 
30 1 7 2 10 
14 1 2 2 1 
6 1
6 1 9 
11 1 5 
9 1 3 
16 1 37 
2 1 6 
17 1 27 
9 1
11 1 24 
8 1 2 
19 1 27 
3 1 25 
4 1 2 
25 1 10 
16 1 9 
27 1 10 
29 1 12 

1 1
5 1
4 1 5 
5 1 6 
27 1 30 
15 1 34 
30 1 6 

1 1
6 1
18 1 21 
15 1 26 
20 1 18 
13 1 23 
22 1 26 
16 1 6 

3 1
3 1
10 1 20 
28 1 17 
25 1 47 
2 1
9 1 49 
16 1 24 
6 1
8 1 8 
27 1 38 
29 1 44 
3 1 44 
11 1 15 
25 1 20 

2 1
10 1
19 1 42 
16 1 35 
25 1 10 
30 1 30 
8 1 23 
9 1 46 
4 1 47 
14 1 30 
26 1 17 
3 1 44 
9 1
30 1 46 
12 1 18 
8 1 10 
20 1 40 
16 1 26 
5 1 38 
1 1 27 
19 1 7 
18 1 37 


