10 50 100 5 5

10
4 4
5 1
19 4 6 
30 4 1 
8 4 1 
14 4 9 
1 4 6 
4 4
46 1 2 2 7 3 9 4 7 
34 1 3 2 3 3 6 4 1 
31 1 11 2 4 3 10 4 2 
20 1 9 2 7 3 4 4 12 
5 3
45 1 25 2 4 3 7 
6 1 6 2 6 3 1 
13 1 15 2 12 3 8 
36 1 8 2 9 3 10 
9 1 2 2 4 3 1 
2 3
24 2 8 3 6 4 23 
17 2 9 3 6 4 1 

3 2
9 1
19 2 10 
43 2 17 
50 2 12 
46 2 4 
4 2 5 
36 2 29 
24 2 3 
2 2 25 
39 2 1 
4 2
49 1 4 2 39 
3 1 5 2 22 
21 1 6 2 5 
8 1 4 2 1 
3 1
17 2 21 
32 2 25 
9 2 21 

5 3
2 1
40 1 27 
6 1 5 
4 3
5 1 17 2 21 3 2 
7 1 5 2 20 3 23 
20 1 4 2 1 3 1 
10 1 16 2 2 3 7 
9 1
27 3 1 
12 3 24 
25 3 12 
34 3 4 
15 3 28 
32 3 4 
31 3 4 
50 3 7 
14 3 5 
6 2
22 1 17 2 7 
26 1 32 2 4 
35 1 28 2 1 
16 1 4 2 4 
33 1 10 2 8 
17 1 3 2 5 
1 3
45 1 5 2 18 3 23 

1 1
5 1
24 1 11 
25 1 41 
42 1 14 
35 1 37 
7 1 11 

2 1
7 1
29 1 11 
12 1 32 
32 1 6 
20 1 43 
47 1 39 
34 1 24 
5 1 49 
7 1
3 1 39 
10 1 35 
8 1 26 
25 1 36 
27 1 49 
31 1 40 
40 1 9 

5 1
4 1
13 1 29 
16 1 38 
32 1 24 
38 1 26 
4 1
14 1 11 
44 1 46 
23 1 9 
4 1 26 
7 1
15 1 21 
2 1 30 
22 1 40 
26 1 39 
35 1 22 
39 1 43 
8 1 8 
1 1
50 1 30 
1 1
18 1 33 

4 2
3 1
4 2 40 
15 2 1 
8 2 8 
4 2
31 1 15 2 11 
41 1 6 2 28 
49 1 6 2 10 
6 1 5 2 8 
6 2
13 1 15 2 18 
7 1 30 2 8 
23 1 15 2 7 
5 1 13 2 6 
36 1 5 2 15 
40 1 9 2 1 
6 2
16 1 42 2 5 
22 1 18 2 6 
12 1 26 2 21 
24 1 3 2 2 
35 1 30 2 19 
32 1 13 2 31 

4 4
5 4
20 1 10 2 11 3 1 4 9 
42 1 6 2 2 3 26 4 8 
23 1 2 2 6 3 6 4 2 
37 1 8 2 3 3 21 4 5 
50 1 12 2 8 3 2 4 3 
3 1
39 1 8 
6 1 3 
14 1 3 
5 2
10 2 6 3 6 
49 2 19 3 23 
18 2 7 3 2 
17 2 5 3 13 
28 2 9 3 3 
3 2
38 1 9 2 29 
22 1 7 2 9 
34 1 6 2 2 

1 1
3 1
46 1 25 
38 1 41 
22 1 32 

1 1
2 1
16 1 46 
40 1 32 


10
5 2
7 2
5 1 14 2 23 
23 1 2 2 17 
37 1 20 2 3 
4 1 29 2 9 
44 1 5 2 21 
14 1 19 2 21 
34 1 12 2 7 
3 2
41 1 11 2 5 
38 1 16 2 6 
6 1 9 2 4 
3 2
11 1 9 2 30 
45 1 6 2 8 
16 1 15 2 34 
6 2
7 1 13 2 36 
49 1 11 2 3 
15 1 20 2 26 
42 1 14 2 15 
32 1 3 2 10 
29 1 7 2 2 
7 1
30 2 6 
28 2 11 
39 2 1 
1 2 8 
21 2 34 
26 2 3 
48 2 9 

3 1
4 1
30 1 24 
3 1 42 
4 1 43 
42 1 24 
10 1
27 1 26 
14 1 32 
18 1 28 
45 1 18 
44 1 43 
29 1 37 
41 1 43 
31 1 35 
19 1 49 
25 1 24 
8 1
16 1 38 
10 1 27 
15 1 22 
1 1 34 
20 1 29 
47 1 26 
6 1 29 
50 1 21 

1 1
4 1
24 1 37 
25 1 41 
19 1 46 
27 1 28 

2 2
1 1
38 2 15 
9 2
41 1 45 2 4 
43 1 7 2 5 
50 1 10 2 31 
33 1 4 2 1 
11 1 32 2 9 
37 1 4 2 3 
16 1 25 2 1 
45 1 19 2 19 
26 1 6 2 33 

5 1
3 1
31 1 41 
2 1 15 
38 1 10 
8 1
45 1 47 
26 1 26 
19 1 38 
9 1 14 
47 1 45 
8 1 33 
39 1 22 
29 1 23 
1 1
48 1 13 
8 1
20 1 46 
18 1 5 
50 1 10 
32 1 14 
24 1 34 
15 1 44 
6 1 43 
13 1 18 
10 1
41 1 9 
5 1 42 
10 1 28 
28 1 10 
43 1 38 
22 1 37 
14 1 6 
37 1 10 
34 1 43 
3 1 46 

2 1
4 1
40 1 20 
19 1 22 
5 1 10 
33 1 20 
3 1
42 1 30 
9 1 24 
13 1 31 

3 1
10 1
34 1 33 
21 1 26 
41 1 17 
49 1 40 
16 1 14 
9 1 36 
7 1 26 
29 1 25 
24 1 18 
25 1 24 
2 1
39 1 30 
22 1 14 
8 1
5 1 34 
14 1 29 
46 1 29 
20 1 26 
1 1 30 
32 1 15 
8 1 11 
13 1 8 

4 2
1 1
4 2 9 
6 1
26 2 9 
17 2 23 
41 2 9 
42 2 13 
9 2 16 
49 2 7 
4 1
31 1 37 
40 1 9 
7 1 40 
20 1 11 
8 2
15 1 23 2 13 
8 1 31 2 13 
37 1 15 2 17 
14 1 21 2 25 
36 1 3 2 6 
46 1 24 2 7 
23 1 8 2 8 
21 1 40 2 3 

3 3
9 1
46 2 4 
31 2 3 
39 2 8 
19 2 1 
13 2 5 
36 2 2 
43 2 2 
20 2 1 
16 2 2 
9 1
50 3 5 
2 3 2 
27 3 1 
38 3 2 
17 3 3 
49 3 4 
41 3 3 
30 3 7 
15 3 18 
1 3
6 1 5 2 1 3 12 

1 1
7 1
23 1 5 
6 1 9 
39 1 39 
32 1 7 
25 1 27 
20 1 42 
10 1 36 


10
2 2
7 2
47 1 4 2 1 
12 1 14 2 16 
24 1 31 2 6 
19 1 3 2 43 
49 1 6 2 2 
44 1 5 2 33 
23 1 8 2 4 
6 2
18 1 7 2 9 
26 1 14 2 4 
35 1 3 2 26 
3 1 25 2 8 
28 1 4 2 10 
25 1 2 2 39 

3 3
3 3
24 1 6 2 5 3 17 
1 1 5 2 19 3 3 
27 1 3 2 2 3 2 
5 1
25 3 1 
5 3 14 
23 3 4 
46 3 1 
47 3 3 
10 2
3 2 3 3 8 
30 2 20 3 4 
20 2 4 3 13 
11 2 6 3 8 
40 2 12 3 3 
48 2 14 3 17 
4 2 23 3 5 
14 2 4 3 1 
13 2 2 3 10 
50 2 2 3 2 

3 1
10 1
26 1 17 
16 1 6 
35 1 25 
50 1 18 
43 1 11 
14 1 32 
49 1 30 
24 1 31 
34 1 15 
33 1 26 
7 1
25 1 44 
12 1 24 
29 1 47 
3 1 13 
42 1 29 
37 1 35 
47 1 25 
3 1
7 1 22 
36 1 13 
15 1 6 

1 1
8 1
13 1 14 
1 1 20 
39 1 12 
49 1 25 
12 1 27 
38 1 12 
16 1 29 
40 1 6 

1 1
10 1
12 1 19 
37 1 9 
33 1 9 
46 1 42 
2 1 40 
18 1 10 
23 1 13 
14 1 38 
16 1 8 
9 1 30 

4 4
6 4
26 1 5 2 1 3 3 4 4 
34 1 4 2 5 3 2 4 14 
9 1 2 2 19 3 8 4 18 
32 1 6 2 21 3 2 4 4 
49 1 18 2 1 3 12 4 14 
36 1 7 2 10 3 8 4 6 
4 3
8 1 25 2 6 3 2 
18 1 2 2 22 3 3 
23 1 12 2 6 3 2 
14 1 8 2 8 3 2 
10 1
35 2 1 
44 2 2 
33 2 2 
50 2 13 
37 2 5 
41 2 20 
31 2 5 
47 2 9 
46 2 3 
43 2 4 
7 1
21 3 7 
3 3 1 
5 3 8 
11 3 2 
45 3 1 
7 3 3 
24 3 2 

1 1
7 1
7 1 28 
1 1 10 
49 1 5 
38 1 14 
17 1 11 
31 1 9 
5 1 29 

5 5
7 2
2 4 5 5 3 
6 4 3 5 1 
31 4 4 5 3 
30 4 2 5 1 
33 4 10 5 12 
23 4 2 5 3 
13 4 11 5 7 
6 3
19 1 2 2 1 3 19 
10 1 2 2 2 3 11 
16 1 5 2 5 3 3 
41 1 4 2 7 3 6 
46 1 2 2 2 3 1 
38 1 9 2 4 3 1 
5 1
44 5 3 
5 5 4 
43 5 1 
17 5 1 
11 5 13 
2 5
49 1 2 2 1 3 14 4 2 5 3 
1 1 6 2 5 3 7 4 1 5 2 
8 3
9 2 13 3 2 4 7 
27 2 1 3 3 4 2 
26 2 2 3 5 4 7 
7 2 8 3 5 4 8 
14 2 22 3 2 4 8 
22 2 5 3 5 4 2 
18 2 5 3 10 4 6 
47 2 20 3 4 4 4 

4 3
6 3
38 1 9 2 12 3 11 
1 1 11 2 11 3 11 
6 1 4 2 3 3 2 
44 1 14 2 20 3 6 
45 1 13 2 7 3 8 
48 1 2 2 17 3 8 
10 3
30 1 6 2 22 3 4 
35 1 7 2 8 3 15 
43 1 9 2 3 3 1 
39 1 4 2 7 3 12 
29 1 21 2 5 3 15 
14 1 6 2 8 3 29 
41 1 7 2 24 3 3 
4 1 14 2 1 3 10 
46 1 3 2 4 3 1 
42 1 5 2 4 3 2 
9 1
23 1 17 
7 1 11 
12 1 3 
18 1 2 
21 1 19 
36 1 10 
37 1 2 
5 1 4 
32 1 25 
4 2
9 2 12 3 6 
19 2 3 3 1 
49 2 1 3 23 
50 2 16 3 4 

4 3
4 1
21 1 5 
31 1 7 
14 1 13 
35 1 13 
8 2
8 2 18 3 19 
19 2 5 3 8 
16 2 2 3 1 
37 2 28 3 4 
47 2 2 3 1 
33 2 5 3 4 
27 2 5 3 16 
26 2 2 3 2 
2 1
38 2 16 
5 2 4 
5 3
6 1 12 2 2 3 5 
15 1 17 2 6 3 1 
11 1 2 2 4 3 2 
40 1 5 2 7 3 12 
22 1 3 2 14 3 2 


10
5 2
2 1
47 1 17 
34 1 2 
6 1
49 1 9 
40 1 26 
26 1 14 
31 1 34 
19 1 4 
44 1 13 
10 1
46 1 36 
29 1 32 
20 1 11 
21 1 39 
17 1 6 
6 1 18 
50 1 16 
45 1 35 
16 1 13 
33 1 4 
1 2
12 1 20 2 11 
8 1
7 1 15 
32 1 31 
27 1 14 
25 1 17 
2 1 29 
22 1 6 
1 1 3 
4 1 15 

5 3
5 1
34 2 3 
40 2 6 
3 2 3 
5 2 1 
25 2 2 
7 1
36 2 4 
39 2 3 
17 2 7 
28 2 3 
43 2 10 
32 2 3 
26 2 15 
8 2
4 2 18 3 9 
19 2 1 3 2 
50 2 15 3 5 
49 2 7 3 7 
30 2 15 3 9 
21 2 4 3 12 
41 2 2 3 1 
7 2 2 3 2 
4 3
37 1 5 2 2 3 3 
44 1 6 2 7 3 19 
31 1 14 2 3 3 3 
27 1 12 2 13 3 21 
2 1
18 2 2 
46 2 9 

3 1
7 1
42 1 47 
14 1 37 
17 1 18 
38 1 20 
43 1 49 
22 1 20 
49 1 7 
10 1
9 1 48 
18 1 48 
7 1 45 
48 1 37 
15 1 14 
47 1 7 
30 1 37 
6 1 16 
26 1 42 
27 1 23 
8 1
45 1 10 
44 1 24 
4 1 33 
33 1 27 
13 1 39 
31 1 27 
50 1 9 
1 1 39 

4 4
1 4
50 1 6 2 9 3 2 4 17 
5 1
40 2 3 
38 2 4 
29 2 4 
16 2 3 
45 2 1 
1 1
11 2 6 
4 4
30 1 13 2 5 3 5 4 8 
25 1 2 2 2 3 6 4 6 
27 1 2 2 1 3 1 4 3 
37 1 7 2 6 3 5 4 4 

3 2
8 1
26 1 2 
35 1 4 
29 1 5 
34 1 28 
24 1 19 
9 1 6 
44 1 21 
6 1 30 
8 2
23 1 13 2 7 
47 1 4 2 1 
11 1 28 2 17 
17 1 20 2 7 
41 1 18 2 8 
37 1 11 2 37 
1 1 25 2 4 
28 1 6 2 18 
5 2
13 1 7 2 1 
10 1 23 2 5 
22 1 9 2 4 
18 1 40 2 2 
25 1 3 2 41 

1 1
1 1
27 1 26 

3 1
10 1
10 1 35 
15 1 15 
50 1 25 
11 1 16 
1 1 41 
43 1 12 
16 1 48 
28 1 36 
45 1 49 
48 1 18 
5 1
5 1 7 
39 1 23 
36 1 31 
38 1 46 
27 1 24 
6 1
49 1 23 
42 1 30 
4 1 12 
7 1 36 
19 1 29 
34 1 24 

5 2
5 1
2 1 4 
35 1 3 
11 1 10 
12 1 4 
47 1 8 
10 2
48 1 3 2 2 
40 1 5 2 44 
8 1 36 2 8 
27 1 19 2 29 
41 1 10 2 4 
22 1 8 2 30 
36 1 44 2 1 
49 1 6 2 6 
28 1 30 2 9 
25 1 3 2 41 
1 1
34 2 8 
3 1
44 1 4 
16 1 3 
37 1 8 
7 1
4 2 11 
23 2 16 
6 2 8 
45 2 3 
46 2 8 
1 2 33 
19 2 4 

5 4
3 3
31 1 8 2 5 3 2 
32 1 4 2 2 3 2 
34 1 2 2 3 3 7 
7 2
16 3 25 4 10 
38 3 3 4 6 
40 3 9 4 6 
48 3 5 4 3 
5 3 9 4 5 
3 3 3 4 1 
25 3 3 4 3 
3 1
4 1 5 
21 1 2 
50 1 8 
9 4
42 1 7 2 2 3 23 4 6 
8 1 2 2 8 3 5 4 2 
1 1 5 2 6 3 4 4 7 
2 1 2 2 2 3 2 4 1 
22 1 2 2 2 3 7 4 9 
49 1 3 2 11 3 1 4 10 
46 1 15 2 10 3 6 4 8 
9 1 2 2 1 3 1 4 1 
36 1 4 2 1 3 8 4 8 
6 1
14 4 9 
39 4 1 
43 4 5 
29 4 3 
37 4 16 
10 4 4 

3 3
8 3
1 1 24 2 2 3 7 
32 1 3 2 2 3 5 
45 1 14 2 6 3 1 
47 1 4 2 15 3 19 
43 1 2 2 29 3 1 
13 1 3 2 1 3 3 
4 1 4 2 3 3 3 
8 1 7 2 3 3 39 
8 1
46 3 3 
16 3 7 
40 3 4 
41 3 19 
9 3 9 
28 3 10 
17 3 1 
26 3 14 
8 1
42 3 10 
33 3 30 
38 3 3 
50 3 29 
3 3 1 
48 3 14 
44 3 15 
31 3 1 


10
5 2
2 2
41 1 12 2 5 
13 1 29 2 20 
6 1
45 1 10 
37 1 13 
42 1 9 
21 1 23 
31 1 16 
9 1 16 
7 2
40 1 22 2 18 
27 1 15 2 14 
23 1 27 2 11 
12 1 5 2 22 
2 1 24 2 1 
16 1 14 2 8 
10 1 7 2 33 
10 1
1 1 8 
6 1 31 
25 1 26 
32 1 4 
28 1 25 
5 1 7 
20 1 6 
29 1 20 
43 1 5 
22 1 27 
1 1
39 1 3 

2 2
4 1
31 2 1 
23 2 19 
46 2 13 
39 2 6 
1 2
30 1 16 2 6 

3 3
4 1
20 3 2 
25 3 8 
38 3 2 
6 3 20 
3 3
26 1 10 2 3 3 27 
10 1 15 2 16 3 1 
45 1 9 2 1 3 5 
1 3
29 1 4 2 12 3 1 

4 2
3 2
28 1 12 2 10 
5 1 21 2 19 
25 1 11 2 34 
4 1
38 1 26 
4 1 16 
35 1 30 
26 1 14 
3 2
20 1 25 2 7 
34 1 9 2 19 
43 1 10 2 8 
6 1
17 1 4 
33 1 11 
13 1 15 
48 1 4 
22 1 5 
46 1 22 

4 4
5 2
38 2 3 3 2 
1 2 3 3 3 
12 2 4 3 4 
29 2 12 3 7 
6 2 1 3 4 
5 2
19 1 4 2 25 
30 1 13 2 2 
18 1 5 2 2 
50 1 2 2 1 
31 1 3 2 6 
7 4
23 1 5 2 1 3 8 4 7 
22 1 5 2 5 3 3 4 3 
3 1 5 2 6 3 10 4 26 
33 1 2 2 7 3 19 4 16 
10 1 4 2 1 3 3 4 3 
16 1 8 2 8 3 16 4 3 
37 1 6 2 2 3 3 4 12 
3 1
20 4 3 
15 4 1 
17 4 14 

1 1
8 1
33 1 19 
25 1 23 
35 1 9 
42 1 22 
3 1 24 
8 1 17 
27 1 15 
28 1 38 

5 4
5 1
36 2 6 
50 2 4 
25 2 1 
19 2 7 
33 2 7 
10 1
11 4 8 
23 4 6 
17 4 2 
4 4 1 
42 4 2 
13 4 14 
37 4 4 
28 4 7 
2 4 3 
35 4 7 
3 4
18 1 5 2 2 3 7 4 3 
34 1 3 2 1 3 8 4 5 
40 1 17 2 8 3 14 4 4 
10 3
29 1 3 2 8 3 23 
9 1 6 2 5 3 4 
31 1 12 2 10 3 4 
47 1 5 2 8 3 5 
15 1 4 2 1 3 3 
16 1 7 2 3 3 2 
10 1 9 2 2 3 12 
39 1 7 2 7 3 2 
3 1 11 2 26 3 5 
24 1 2 2 2 3 2 
6 1
45 4 2 
26 4 15 
1 4 6 
5 4 5 
14 4 1 
38 4 5 

5 5
10 2
33 1 2 2 3 
3 1 2 2 4 
4 1 3 2 3 
49 1 2 2 1 
22 1 12 2 7 
7 1 4 2 37 
35 1 7 2 4 
44 1 4 2 3 
39 1 2 2 2 
43 1 2 2 4 
6 1
40 5 6 
6 5 8 
23 5 9 
16 5 15 
32 5 23 
38 5 1 
6 4
15 2 1 3 12 4 7 5 1 
42 2 2 3 1 4 8 5 19 
45 2 4 3 10 4 4 5 2 
12 2 2 3 1 4 4 5 6 
9 2 1 3 3 4 2 5 1 
36 2 1 3 2 4 1 5 1 
6 5
37 1 2 2 2 3 3 4 1 5 8 
24 1 5 2 8 3 1 4 6 5 1 
50 1 3 2 2 3 1 4 1 5 2 
46 1 11 2 6 3 1 4 14 5 9 
10 1 11 2 7 3 10 4 8 5 1 
29 1 11 2 10 3 2 4 2 5 4 
5 3
48 2 1 3 26 4 4 
27 2 4 3 19 4 10 
13 2 6 3 1 4 17 
34 2 2 3 3 4 1 
2 2 1 3 4 4 1 

5 2
10 1
12 2 3 
25 2 36 
28 2 20 
18 2 19 
45 2 25 
9 2 9 
49 2 7 
30 2 6 
16 2 3 
34 2 25 
8 1
42 2 6 
22 2 36 
15 2 4 
47 2 10 
21 2 40 
33 2 38 
36 2 11 
26 2 21 
5 2
20 1 4 2 5 
39 1 2 2 5 
41 1 8 2 14 
4 1 25 2 14 
35 1 8 2 24 
2 1
3 1 18 
13 1 3 
8 1
6 2 14 
23 2 10 
44 2 3 
27 2 36 
31 2 3 
24 2 26 
10 2 1 
32 2 1 

1 1
1 1
33 1 39 


10
5 4
2 1
17 4 2 
35 4 5 
9 3
36 2 1 3 7 4 2 
26 2 2 3 1 4 2 
44 2 4 3 8 4 1 
18 2 12 3 10 4 12 
29 2 13 3 7 4 2 
27 2 3 3 12 4 16 
38 2 1 3 2 4 4 
42 2 5 3 2 4 11 
46 2 12 3 3 4 3 
4 4
47 1 2 2 3 3 5 4 36 
45 1 2 2 1 3 1 4 1 
4 1 3 2 7 3 10 4 5 
10 1 4 2 17 3 14 4 13 
1 2
23 1 2 2 2 
3 1
50 1 4 
2 1 21 
48 1 4 

5 4
3 2
24 2 4 3 1 
1 2 3 3 3 
31 2 5 3 13 
2 3
50 2 5 3 2 4 1 
35 2 18 3 4 4 4 
9 4
16 1 7 2 4 3 7 4 23 
46 1 2 2 1 3 1 4 1 
7 1 2 2 1 3 2 4 3 
11 1 13 2 3 3 9 4 12 
21 1 3 2 11 3 5 4 1 
14 1 2 2 12 3 19 4 3 
6 1 7 2 4 3 2 4 5 
18 1 2 2 4 3 3 4 2 
17 1 2 2 3 3 12 4 5 
2 2
19 2 9 3 4 
39 2 4 3 2 
7 2
36 2 2 3 3 
40 2 1 3 6 
4 2 7 3 32 
32 2 1 3 5 
42 2 11 3 9 
12 2 13 3 14 
23 2 26 3 6 

2 2
7 2
48 1 27 2 1 
11 1 12 2 2 
44 1 7 2 31 
9 1 19 2 28 
21 1 3 2 2 
33 1 8 2 1 
16 1 6 2 6 
6 1
1 2 7 
34 2 21 
46 2 1 
20 2 17 
27 2 15 
38 2 8 

3 1
10 1
42 1 23 
4 1 5 
2 1 15 
17 1 14 
37 1 29 
48 1 28 
27 1 28 
20 1 20 
19 1 17 
25 1 48 
1 1
21 1 14 
10 1
46 1 17 
9 1 49 
15 1 19 
36 1 24 
45 1 44 
3 1 8 
47 1 25 
32 1 18 
41 1 6 
23 1 16 

4 2
7 1
15 2 18 
30 2 2 
23 2 17 
13 2 14 
22 2 24 
21 2 16 
28 2 4 
5 1
49 1 3 
6 1 7 
2 1 7 
12 1 4 
3 1 8 
8 2
36 1 36 2 8 
31 1 2 2 34 
10 1 18 2 26 
38 1 11 2 8 
26 1 3 2 33 
27 1 26 2 5 
44 1 5 2 1 
20 1 13 2 28 
6 2
9 1 12 2 8 
5 1 9 2 21 
46 1 5 2 9 
40 1 6 2 26 
25 1 14 2 5 
41 1 8 2 15 

3 2
1 2
22 1 3 2 5 
3 1
2 2 32 
28 2 8 
9 2 14 
4 2
19 1 2 2 18 
38 1 13 2 22 
37 1 4 2 1 
3 1 16 2 12 

2 1
7 1
14 1 46 
39 1 42 
47 1 37 
17 1 14 
23 1 33 
42 1 42 
7 1 14 
8 1
1 1 36 
29 1 26 
26 1 34 
18 1 43 
37 1 9 
40 1 29 
9 1 8 
33 1 7 

5 4
7 3
48 1 4 2 2 3 3 
3 1 4 2 3 3 2 
5 1 14 2 13 3 4 
19 1 8 2 2 3 10 
10 1 4 2 6 3 2 
38 1 3 2 2 3 8 
8 1 9 2 12 3 8 
5 2
35 2 5 3 3 
29 2 8 3 4 
37 2 2 3 2 
33 2 6 3 14 
16 2 8 3 2 
8 2
24 1 18 2 21 
15 1 19 2 3 
9 1 3 2 15 
39 1 8 2 3 
11 1 2 2 3 
21 1 9 2 3 
25 1 4 2 1 
46 1 3 2 25 
3 4
44 1 2 2 2 3 1 4 2 
18 1 8 2 5 3 4 4 1 
14 1 2 2 3 3 1 4 1 
6 2
23 1 2 2 3 
50 1 5 2 1 
36 1 2 2 1 
43 1 7 2 2 
17 1 3 2 11 
4 1 11 2 28 

1 1
2 1
19 1 10 
29 1 35 

2 2
6 1
31 1 6 
15 1 19 
5 1 24 
17 1 16 
37 1 3 
28 1 6 
3 2
39 1 2 2 3 
23 1 11 2 23 
4 1 9 2 31 


10
3 2
10 2
13 1 26 2 2 
32 1 19 2 19 
5 1 18 2 1 
36 1 2 2 3 
50 1 2 2 31 
14 1 24 2 7 
2 1 19 2 12 
6 1 5 2 2 
7 1 14 2 31 
35 1 8 2 2 
6 2
45 1 8 2 6 
11 1 12 2 2 
34 1 20 2 26 
43 1 12 2 25 
16 1 3 2 2 
26 1 19 2 23 
6 1
15 2 2 
1 2 4 
27 2 47 
21 2 9 
3 2 2 
19 2 6 

3 1
7 1
1 1 31 
48 1 11 
49 1 27 
33 1 41 
3 1 47 
45 1 20 
11 1 24 
1 1
46 1 39 
4 1
15 1 10 
42 1 17 
2 1 6 
20 1 45 

2 1
5 1
49 1 26 
26 1 19 
22 1 26 
4 1 22 
46 1 31 
6 1
36 1 37 
43 1 8 
18 1 5 
23 1 20 
27 1 39 
8 1 12 

5 1
9 1
3 1 17 
1 1 11 
50 1 10 
23 1 43 
13 1 25 
46 1 12 
20 1 37 
47 1 30 
15 1 13 
8 1
2 1 25 
41 1 34 
28 1 45 
30 1 8 
10 1 41 
32 1 33 
44 1 42 
34 1 24 
6 1
18 1 36 
19 1 40 
7 1 9 
37 1 40 
24 1 49 
43 1 8 
8 1
36 1 6 
35 1 46 
4 1 46 
11 1 9 
21 1 9 
12 1 32 
29 1 14 
5 1 27 
9 1
22 1 42 
40 1 23 
39 1 31 
42 1 44 
27 1 45 
25 1 19 
16 1 14 
8 1 9 
14 1 13 

2 1
6 1
2 1 33 
32 1 32 
41 1 18 
7 1 13 
49 1 33 
11 1 25 
6 1
25 1 20 
6 1 19 
3 1 27 
44 1 22 
31 1 41 
22 1 28 

4 1
6 1
12 1 13 
30 1 20 
36 1 16 
19 1 17 
8 1 30 
11 1 12 
8 1
1 1 7 
4 1 15 
37 1 35 
13 1 17 
10 1 47 
32 1 29 
39 1 36 
49 1 14 
6 1
27 1 39 
45 1 49 
14 1 28 
21 1 39 
5 1 42 
22 1 36 
9 1
7 1 6 
9 1 22 
46 1 34 
3 1 28 
43 1 43 
29 1 33 
44 1 42 
2 1 31 
20 1 32 

5 4
3 4
50 1 3 2 10 3 10 4 3 
31 1 9 2 8 3 6 4 1 
27 1 20 2 2 3 2 4 4 
9 1
14 1 3 
4 1 4 
18 1 3 
28 1 14 
6 1 2 
21 1 23 
42 1 2 
16 1 3 
20 1 5 
6 2
46 2 1 3 7 
29 2 20 3 15 
39 2 4 3 1 
35 2 1 3 1 
26 2 20 3 2 
37 2 18 3 3 
10 3
40 2 4 3 1 4 35 
25 2 1 3 1 4 4 
43 2 2 3 8 4 10 
24 2 6 3 13 4 3 
8 2 6 3 2 4 1 
38 2 14 3 15 4 4 
17 2 9 3 5 4 5 
13 2 6 3 4 4 2 
3 2 5 3 3 4 4 
5 2 3 3 2 4 1 
10 1
11 4 4 
30 4 10 
32 4 3 
2 4 12 
7 4 13 
48 4 18 
41 4 1 
33 4 7 
36 4 1 
15 4 10 

3 2
7 1
24 2 42 
7 2 14 
19 2 9 
20 2 8 
30 2 3 
13 2 2 
2 2 20 
2 1
10 2 7 
5 2 14 
9 2
3 1 11 2 13 
14 1 2 2 37 
48 1 32 2 6 
6 1 31 2 9 
47 1 6 2 29 
21 1 9 2 4 
28 1 15 2 15 
33 1 7 2 5 
15 1 15 2 1 

5 2
4 1
36 2 14 
13 2 17 
30 2 3 
9 2 30 
5 2
14 1 4 2 14 
6 1 8 2 5 
25 1 12 2 10 
42 1 2 2 3 
2 1 8 2 2 
8 2
47 1 2 2 35 
37 1 22 2 26 
49 1 13 2 34 
34 1 22 2 19 
10 1 3 2 10 
12 1 26 2 10 
48 1 6 2 1 
28 1 7 2 3 
6 2
45 1 6 2 3 
26 1 11 2 9 
31 1 6 2 12 
46 1 5 2 32 
27 1 2 2 5 
1 1 24 2 8 
3 2
15 1 31 2 10 
44 1 7 2 26 
38 1 2 2 31 

1 1
9 1
35 1 20 
22 1 30 
30 1 35 
21 1 40 
47 1 32 
39 1 19 
36 1 37 
32 1 49 
49 1 35 


10
4 3
9 2
8 1 11 2 2 
24 1 4 2 4 
15 1 7 2 19 
41 1 15 2 6 
22 1 3 2 2 
13 1 3 2 31 
30 1 18 2 11 
32 1 5 2 20 
31 1 5 2 9 
1 3
6 1 9 2 12 3 11 
6 2
11 1 6 2 20 
9 1 14 2 16 
1 1 8 2 2 
46 1 2 2 20 
50 1 17 2 10 
7 1 15 2 1 
5 1
26 3 1 
29 3 5 
34 3 2 
47 3 17 
17 3 2 

5 3
7 1
6 3 10 
13 3 3 
49 3 14 
12 3 1 
3 3 13 
4 3 16 
9 3 5 
7 2
1 2 4 3 2 
33 2 4 3 12 
47 2 5 3 4 
34 2 1 3 4 
39 2 5 3 6 
45 2 15 3 4 
24 2 17 3 14 
10 3
43 1 11 2 10 3 3 
2 1 3 2 19 3 10 
28 1 10 2 18 3 13 
42 1 3 2 27 3 13 
32 1 22 2 15 3 4 
20 1 9 2 4 3 17 
46 1 2 2 3 3 1 
5 1 3 2 14 3 11 
41 1 20 2 17 3 6 
30 1 3 2 43 3 3 
4 3
35 1 2 2 1 3 6 
16 1 20 2 8 3 4 
27 1 4 2 4 3 5 
21 1 3 2 9 3 11 
5 1
19 2 4 
50 2 13 
10 2 10 
17 2 5 
29 2 8 

2 2
7 2
39 1 7 2 8 
41 1 25 2 7 
21 1 2 2 3 
37 1 45 2 4 
24 1 19 2 8 
4 1 25 2 1 
18 1 25 2 3 
4 1
48 1 20 
32 1 29 
25 1 3 
22 1 2 

5 4
4 1
32 2 3 
31 2 3 
25 2 1 
9 2 11 
7 4
50 1 16 2 9 3 18 4 4 
39 1 6 2 4 3 30 4 2 
2 1 29 2 2 3 12 4 5 
34 1 4 2 6 3 12 4 15 
28 1 3 2 6 3 5 4 3 
10 1 2 2 1 3 1 4 1 
19 1 11 2 10 3 5 4 4 
7 2
36 3 11 4 9 
42 3 4 4 2 
5 3 3 4 2 
22 3 5 4 5 
16 3 1 4 4 
8 3 15 4 9 
24 3 1 4 1 
6 1
20 1 17 
1 1 2 
46 1 4 
38 1 10 
12 1 19 
40 1 3 
7 3
35 1 8 2 7 3 4 
45 1 3 2 2 3 2 
29 1 10 2 2 3 19 
4 1 2 2 8 3 1 
48 1 6 2 2 3 10 
14 1 2 2 14 3 7 
49 1 14 2 5 3 9 

1 1
3 1
3 1 37 
10 1 11 
4 1 8 

2 2
8 2
46 1 9 2 12 
33 1 4 2 19 
28 1 8 2 20 
11 1 3 2 38 
15 1 4 2 4 
38 1 28 2 8 
6 1 7 2 5 
43 1 41 2 5 
7 1
39 1 4 
8 1 4 
12 1 4 
34 1 17 
7 1 14 
2 1 29 
24 1 14 

5 3
5 3
25 1 4 2 6 3 4 
8 1 8 2 22 3 14 
29 1 4 2 20 3 2 
26 1 13 2 10 3 2 
31 1 5 2 5 3 2 
10 3
20 1 7 2 4 3 2 
7 1 2 2 2 3 2 
30 1 10 2 15 3 6 
47 1 14 2 4 3 25 
11 1 8 2 4 3 2 
10 1 15 2 4 3 1 
35 1 5 2 25 3 5 
36 1 26 2 1 3 5 
12 1 33 2 1 3 15 
13 1 11 2 4 3 12 
7 2
15 2 2 3 10 
5 2 5 3 29 
4 2 20 3 5 
18 2 10 3 2 
2 2 1 3 6 
23 2 2 3 2 
49 2 19 3 13 
1 1
1 3 15 
6 3
22 1 3 2 22 3 11 
37 1 3 2 21 3 1 
40 1 10 2 17 3 3 
39 1 4 2 6 3 3 
50 1 4 2 3 3 6 
27 1 2 2 26 3 2 

2 2
10 1
26 1 3 
16 1 2 
34 1 3 
24 1 14 
44 1 25 
5 1 4 
48 1 6 
18 1 14 
10 1 19 
38 1 15 
9 2
22 1 18 2 4 
23 1 12 2 22 
28 1 33 2 13 
40 1 10 2 1 
21 1 11 2 35 
42 1 3 2 3 
50 1 4 2 1 
19 1 37 2 6 
15 1 6 2 6 

2 2
7 2
43 1 7 2 1 
6 1 4 2 7 
4 1 21 2 27 
35 1 3 2 43 
15 1 5 2 1 
5 1 18 2 4 
45 1 13 2 27 
7 1
49 2 6 
41 2 8 
33 2 1 
42 2 6 
34 2 4 
27 2 40 
44 2 7 

1 1
2 1
8 1 12 
35 1 34 


10
1 1
2 1
19 1 23 
11 1 29 

1 1
7 1
2 1 16 
8 1 47 
46 1 12 
11 1 21 
36 1 44 
15 1 44 
44 1 6 

3 3
10 1
47 3 7 
7 3 25 
15 3 1 
2 3 1 
26 3 5 
42 3 19 
8 3 32 
18 3 6 
34 3 2 
5 3 3 
9 3
4 1 6 2 3 3 5 
20 1 8 2 2 3 1 
44 1 14 2 5 3 9 
37 1 3 2 4 3 3 
23 1 14 2 18 3 5 
11 1 6 2 5 3 19 
24 1 2 2 14 3 12 
29 1 3 2 14 3 14 
49 1 2 2 32 3 3 
5 1
1 3 25 
14 3 7 
9 3 3 
10 3 6 
45 3 4 

4 3
3 2
8 2 1 3 11 
15 2 7 3 7 
9 2 7 3 1 
1 2
42 2 7 3 13 
8 3
16 1 17 2 26 3 5 
49 1 17 2 5 3 4 
6 1 2 2 15 3 32 
40 1 6 2 8 3 14 
46 1 4 2 6 3 19 
50 1 2 2 2 3 20 
31 1 8 2 16 3 1 
35 1 7 2 2 3 37 
4 1
7 1 11 
25 1 3 
47 1 4 
1 1 14 

4 1
7 1
40 1 16 
31 1 36 
13 1 13 
41 1 24 
28 1 25 
26 1 8 
4 1 39 
3 1
50 1 32 
12 1 22 
24 1 11 
4 1
15 1 15 
7 1 35 
44 1 15 
27 1 24 
4 1
45 1 30 
8 1 43 
33 1 26 
46 1 31 

5 3
3 1
22 3 18 
20 3 2 
30 3 1 
6 2
50 2 3 3 2 
42 2 4 3 1 
16 2 8 3 2 
47 2 5 3 8 
12 2 35 3 6 
29 2 8 3 1 
9 2
3 1 2 2 11 
24 1 2 2 13 
6 1 2 2 2 
44 1 6 2 14 
40 1 25 2 5 
34 1 27 2 2 
5 1 2 2 6 
21 1 5 2 6 
28 1 2 2 13 
9 3
10 1 2 2 8 3 10 
23 1 11 2 5 3 30 
41 1 3 2 2 3 2 
43 1 17 2 19 3 13 
25 1 6 2 2 3 4 
4 1 2 2 3 3 1 
26 1 6 2 23 3 6 
14 1 2 2 6 3 26 
48 1 17 2 2 3 18 
9 3
8 1 3 2 6 3 1 
32 1 4 2 12 3 9 
11 1 13 2 1 3 22 
1 1 8 2 8 3 8 
27 1 2 2 20 3 4 
39 1 12 2 2 3 5 
15 1 3 2 1 3 1 
45 1 17 2 1 3 12 
19 1 6 2 7 3 31 

2 2
1 1
11 1 5 
4 2
3 1 22 2 20 
43 1 4 2 23 
36 1 17 2 26 
42 1 17 2 16 

3 1
2 1
10 1 7 
41 1 27 
3 1
36 1 29 
30 1 25 
24 1 5 
8 1
15 1 31 
1 1 14 
19 1 46 
11 1 49 
29 1 15 
32 1 13 
33 1 18 
23 1 46 

1 1
4 1
4 1 12 
26 1 21 
29 1 33 
16 1 11 

1 1
7 1
24 1 42 
1 1 49 
46 1 48 
36 1 22 
50 1 48 
27 1 17 
35 1 43 


10
5 4
1 2
35 1 8 2 6 
3 3
23 1 4 2 7 3 1 
29 1 4 2 4 3 1 
6 1 6 2 5 3 3 
4 1
33 3 4 
42 3 13 
32 3 2 
48 3 4 
8 2
18 3 6 4 2 
49 3 5 4 3 
5 3 1 4 1 
45 3 7 4 19 
20 3 16 4 7 
38 3 10 4 11 
24 3 3 4 1 
10 3 2 4 3 
7 4
46 1 13 2 5 3 8 4 12 
36 1 2 2 18 3 3 4 3 
9 1 13 2 4 3 4 4 17 
4 1 4 2 5 3 3 4 19 
41 1 2 2 1 3 1 4 1 
28 1 3 2 2 3 1 4 1 
43 1 8 2 6 3 5 4 6 

4 1
3 1
22 1 33 
32 1 13 
29 1 12 
4 1
27 1 7 
21 1 20 
18 1 11 
25 1 38 
5 1
9 1 33 
8 1 45 
47 1 17 
41 1 18 
5 1 13 
9 1
31 1 6 
19 1 26 
48 1 29 
6 1 25 
39 1 10 
45 1 20 
23 1 15 
40 1 43 
35 1 17 

1 1
5 1
14 1 49 
3 1 40 
47 1 6 
41 1 40 
39 1 34 

5 1
5 1
39 1 13 
40 1 6 
22 1 13 
15 1 37 
45 1 21 
8 1
21 1 28 
29 1 7 
6 1 7 
3 1 40 
32 1 37 
4 1 7 
33 1 5 
36 1 23 
7 1
9 1 41 
11 1 15 
2 1 46 
14 1 33 
50 1 32 
16 1 44 
10 1 6 
10 1
24 1 36 
46 1 15 
41 1 15 
27 1 6 
1 1 14 
30 1 22 
8 1 20 
49 1 15 
31 1 34 
28 1 31 
5 1
17 1 34 
5 1 21 
35 1 13 
34 1 40 
12 1 10 

4 2
8 1
17 2 6 
15 2 7 
26 2 10 
27 2 21 
40 2 2 
32 2 13 
7 2 11 
1 2 20 
8 2
46 1 18 2 29 
18 1 8 2 21 
21 1 17 2 1 
23 1 3 2 11 
5 1 14 2 24 
6 1 9 2 33 
11 1 3 2 3 
31 1 7 2 2 
10 2
3 1 35 2 7 
22 1 10 2 1 
13 1 7 2 2 
49 1 9 2 1 
36 1 17 2 10 
44 1 22 2 8 
38 1 16 2 6 
19 1 27 2 1 
45 1 5 2 17 
48 1 15 2 21 
4 2
43 1 18 2 5 
29 1 21 2 9 
47 1 3 2 28 
10 1 31 2 5 

5 2
6 2
22 1 10 2 20 
33 1 3 2 2 
20 1 4 2 1 
47 1 30 2 3 
49 1 13 2 15 
3 1 7 2 6 
4 2
46 1 5 2 34 
35 1 12 2 12 
1 1 3 2 4 
24 1 7 2 28 
4 2
37 1 5 2 4 
14 1 6 2 2 
43 1 7 2 8 
6 1 4 2 4 
8 1
30 1 15 
27 1 18 
23 1 14 
13 1 5 
38 1 14 
32 1 8 
2 1 23 
25 1 33 
2 1
9 2 7 
50 2 9 

1 1
7 1
21 1 26 
15 1 10 
40 1 46 
6 1 44 
11 1 49 
49 1 35 
47 1 21 

3 3
10 1
16 2 9 
1 2 14 
37 2 15 
12 2 10 
10 2 10 
14 2 1 
9 2 23 
3 2 9 
30 2 1 
41 2 8 
3 3
48 1 3 2 9 3 2 
42 1 4 2 12 3 24 
36 1 7 2 10 3 4 
10 1
43 1 2 
47 1 15 
28 1 2 
6 1 15 
15 1 2 
20 1 2 
32 1 10 
8 1 11 
46 1 6 
50 1 5 

5 5
8 4
40 2 3 3 1 4 2 5 4 
9 2 2 3 3 4 4 5 11 
47 2 3 3 12 4 9 5 2 
18 2 7 3 4 4 8 5 2 
24 2 9 3 4 4 3 5 1 
5 2 2 3 1 4 1 5 2 
30 2 6 3 4 4 10 5 8 
29 2 1 3 2 4 5 5 2 
5 1
1 2 7 
15 2 2 
42 2 7 
19 2 4 
33 2 3 
10 2
36 4 15 5 3 
11 4 1 5 1 
12 4 7 5 3 
22 4 1 5 1 
23 4 5 5 4 
17 4 2 5 8 
31 4 5 5 1 
20 4 1 5 3 
7 4 25 5 3 
8 4 9 5 3 
7 5
49 1 2 2 1 3 2 4 2 5 1 
25 1 8 2 6 3 12 4 2 5 1 
34 1 17 2 2 3 1 4 3 5 15 
21 1 28 2 5 3 5 4 4 5 7 
43 1 2 2 1 3 3 4 1 5 3 
35 1 3 2 5 3 9 4 2 5 9 
46 1 14 2 5 3 3 4 4 5 2 
7 2
28 2 1 3 8 
38 2 3 3 19 
32 2 3 3 4 
44 2 3 3 4 
27 2 3 3 6 
4 2 12 3 3 
3 2 3 3 16 

1 1
2 1
11 1 6 
35 1 42 


