10 20 100 2 2

10
1 1
1 1
16 1 23 

2 1
1 1
13 1 9 
2 1
20 1 43 
8 1 29 

1 1
2 1
10 1 37 
9 1 35 

2 2
2 2
20 1 25 2 15 
2 1 6 2 38 
2 1
14 2 3 
19 2 5 

2 2
2 2
6 1 3 2 4 
4 1 8 2 4 
2 2
19 1 17 2 3 
9 1 10 2 1 

1 1
1 1
18 1 20 

2 1
1 1
12 1 43 
2 1
16 1 36 
14 1 25 

2 2
1 2
14 1 11 2 6 
2 1
17 1 6 
5 1 19 

1 1
2 1
13 1 31 
7 1 12 

1 1
1 1
20 1 47 


10
2 1
2 1
6 1 8 
8 1 38 
1 1
19 1 15 

1 1
2 1
20 1 9 
7 1 37 

1 1
2 1
8 1 7 
6 1 24 

2 2
2 1
19 2 15 
8 2 15 
1 2
16 1 2 2 37 

2 2
2 2
4 1 38 2 10 
5 1 21 2 21 
1 2
18 1 7 2 23 

2 1
1 1
11 1 18 
1 1
7 1 30 

1 1
2 1
15 1 41 
20 1 7 

1 1
2 1
11 1 7 
4 1 26 

1 1
1 1
11 1 36 

2 2
1 1
12 1 30 
2 2
1 1 6 2 4 
17 1 11 2 23 


10
2 1
2 1
12 1 5 
17 1 15 
2 1
8 1 24 
4 1 25 

1 1
2 1
10 1 20 
17 1 16 

1 1
1 1
7 1 29 

2 2
1 1
15 2 21 
1 2
1 1 22 2 12 

1 1
2 1
11 1 48 
14 1 15 

2 2
2 1
19 1 16 
5 1 24 
2 2
1 1 2 2 3 
6 1 5 2 18 

2 1
1 1
18 1 33 
1 1
10 1 35 

1 1
1 1
6 1 38 

2 1
2 1
18 1 10 
17 1 30 
1 1
13 1 5 

1 1
2 1
12 1 36 
5 1 5 


10
1 1
1 1
17 1 38 

2 1
2 1
17 1 16 
4 1 20 
2 1
13 1 9 
15 1 19 

1 1
2 1
2 1 16 
8 1 19 

1 1
2 1
15 1 46 
20 1 8 

2 2
2 1
10 2 24 
7 2 13 
2 2
2 1 2 2 9 
15 1 4 2 3 

2 1
1 1
6 1 27 
2 1
12 1 38 
10 1 23 

1 1
2 1
5 1 48 
14 1 27 

2 2
2 2
20 1 5 2 39 
11 1 2 2 8 
2 2
5 1 33 2 7 
4 1 12 2 1 

1 1
2 1
14 1 46 
3 1 39 

1 1
2 1
16 1 12 
10 1 31 


10
2 1
2 1
4 1 6 
1 1 10 
2 1
12 1 22 
2 1 33 

1 1
2 1
10 1 22 
15 1 10 

2 1
1 1
4 1 31 
2 1
12 1 19 
6 1 35 

2 1
2 1
8 1 48 
18 1 36 
1 1
2 1 46 

2 2
2 1
5 1 18 
16 1 33 
2 2
7 1 3 2 6 
4 1 4 2 44 

1 1
1 1
12 1 10 

2 2
2 1
15 2 7 
7 2 12 
2 2
18 1 10 2 17 
14 1 6 2 2 

1 1
2 1
8 1 20 
4 1 27 

2 2
2 2
11 1 18 2 11 
19 1 5 2 1 
2 2
17 1 3 2 9 
3 1 30 2 10 

2 2
1 2
15 1 2 2 10 
1 2
10 1 17 2 29 


10
2 1
1 1
17 1 16 
1 1
3 1 36 

1 1
1 1
4 1 28 

2 1
1 1
9 1 19 
2 1
6 1 7 
11 1 29 

1 1
2 1
3 1 19 
19 1 33 

1 1
2 1
2 1 44 
9 1 18 

1 1
1 1
17 1 33 

2 1
2 1
3 1 27 
15 1 15 
2 1
16 1 9 
6 1 18 

1 1
1 1
11 1 29 

1 1
1 1
9 1 31 

2 1
2 1
7 1 6 
1 1 21 
2 1
5 1 42 
3 1 35 


10
2 2
1 2
9 1 2 2 3 
1 2
19 1 19 2 10 

2 1
2 1
15 1 40 
4 1 40 
2 1
18 1 20 
9 1 6 

1 1
2 1
8 1 41 
16 1 6 

1 1
1 1
12 1 35 

2 2
1 2
6 1 3 2 5 
1 2
18 1 12 2 13 

2 1
2 1
17 1 24 
3 1 37 
1 1
2 1 48 

1 1
1 1
9 1 36 

2 2
2 1
14 1 9 
4 1 8 
2 2
5 1 3 2 37 
13 1 33 2 10 

1 1
1 1
14 1 27 

2 2
1 2
9 1 8 2 35 
1 1
10 2 18 


10
1 1
2 1
5 1 12 
18 1 38 

1 1
2 1
1 1 28 
2 1 24 

2 1
2 1
19 1 5 
4 1 34 
1 1
12 1 32 

2 1
1 1
10 1 27 
2 1
18 1 15 
8 1 35 

2 2
2 2
13 1 10 2 4 
9 1 3 2 31 
2 2
1 1 3 2 2 
12 1 4 2 1 

2 2
2 1
20 2 22 
2 2 29 
2 2
1 1 10 2 3 
18 1 46 2 1 

2 2
1 1
12 2 6 
1 2
1 1 3 2 16 

2 2
2 2
13 1 9 2 1 
18 1 2 2 9 
1 1
10 2 15 

1 1
1 1
20 1 42 

1 1
1 1
2 1 14 


10
1 1
1 1
13 1 34 

1 1
2 1
18 1 16 
15 1 20 

2 1
1 1
17 1 41 
2 1
3 1 19 
7 1 28 

2 2
1 2
3 1 13 2 4 
1 2
6 1 14 2 11 

1 1
2 1
9 1 46 
11 1 23 

2 2
2 1
4 1 15 
16 1 23 
1 2
18 1 28 2 12 

1 1
2 1
20 1 8 
13 1 29 

1 1
1 1
7 1 49 

1 1
2 1
1 1 27 
11 1 48 

2 1
2 1
3 1 33 
6 1 33 
1 1
8 1 16 


10
1 1
1 1
7 1 21 

1 1
1 1
18 1 49 

1 1
2 1
12 1 21 
9 1 40 

1 1
2 1
13 1 39 
10 1 12 

2 1
2 1
18 1 7 
20 1 8 
2 1
16 1 28 
4 1 33 

2 1
2 1
13 1 7 
4 1 10 
2 1
11 1 5 
9 1 29 

1 1
1 1
13 1 38 

1 1
1 1
15 1 36 

1 1
1 1
17 1 25 

2 2
2 2
6 1 11 2 9 
8 1 13 2 5 
1 2
9 1 4 2 12 


