10 20 150 5 5

15
3 1
2 1
5 1 49 
1 1 17 
2 1
7 1 10 
20 1 11 
2 1
1 1 33 
7 1 29 

1 1
1 1
14 1 22 

3 2
1 2
18 1 6 2 37 
2 1
14 2 18 
1 2 18 
2 1
4 2 2 
19 2 11 

3 1
1 1
10 1 17 
2 1
6 1 38 
14 1 25 
1 1
20 1 11 

3 3
2 3
11 1 2 2 11 3 8 
3 1 7 2 14 3 1 
1 1
9 2 1 
2 3
7 1 14 2 5 3 4 
15 1 22 2 2 3 14 

2 1
1 1
10 1 28 
2 1
17 1 24 
20 1 27 

4 1
2 1
16 1 36 
17 1 36 
2 1
16 1 21 
2 1 36 
1 1
11 1 39 
2 1
3 1 35 
6 1 10 

3 1
2 1
1 1 32 
8 1 11 
2 1
15 1 32 
7 1 32 
2 1
1 1 15 
7 1 46 

2 2
1 1
14 2 13 
1 2
17 1 3 2 2 

1 1
2 1
8 1 22 
9 1 10 

1 1
1 1
6 1 27 

1 1
1 1
2 1 10 

4 4
1 4
10 1 6 2 8 3 21 4 9 
1 1
8 1 2 
1 1
9 3 3 
2 3
2 1 2 2 2 3 1 
3 1 3 2 2 3 4 

1 1
2 1
11 1 41 
16 1 23 

4 3
2 3
14 1 4 2 7 3 1 
4 1 6 2 8 3 28 
2 3
14 1 11 2 20 3 16 
1 1 7 2 19 3 12 
2 2
19 1 20 2 10 
9 1 2 2 7 
2 2
15 2 4 3 2 
2 2 10 3 5 


15
5 5
2 2
9 3 16 4 10 
14 3 8 4 5 
2 1
10 5 2 
8 5 4 
1 1
2 2 2 
1 5
16 1 5 2 1 3 1 4 2 5 1 
2 3
10 3 10 4 4 5 3 
1 3 7 4 17 5 4 

4 4
1 3
7 1 3 2 10 3 1 
2 3
4 1 3 2 6 3 2 
1 1 3 2 15 3 9 
1 3
17 1 3 2 2 3 12 
1 4
9 1 4 2 27 3 6 4 2 

1 1
2 1
8 1 33 
12 1 20 

2 2
1 2
3 1 33 2 5 
1 1
19 2 39 

3 2
1 2
8 1 4 2 40 
1 1
13 2 1 
2 1
14 1 4 
4 1 10 

4 3
1 3
10 1 9 2 1 3 18 
2 2
19 1 4 2 3 
13 1 17 2 4 
2 3
4 1 14 2 17 3 8 
11 1 23 2 17 3 2 
1 1
15 1 2 

2 2
1 2
18 1 4 2 33 
1 1
4 2 25 

4 1
2 1
4 1 25 
3 1 48 
2 1
11 1 33 
4 1 39 
1 1
6 1 29 
2 1
8 1 6 
16 1 35 

1 1
1 1
4 1 17 

5 2
2 1
15 1 4 
16 1 37 
2 2
18 1 2 2 15 
6 1 20 2 3 
1 2
20 1 6 2 33 
2 1
7 1 30 
19 1 12 
2 2
19 1 10 2 15 
9 1 7 2 26 

5 1
2 1
15 1 20 
9 1 35 
2 1
12 1 33 
17 1 31 
1 1
4 1 47 
2 1
16 1 48 
8 1 12 
1 1
14 1 46 

3 3
1 2
13 1 3 2 22 
1 3
9 1 3 2 5 3 4 
1 3
18 1 3 2 2 3 2 

1 1
2 1
14 1 48 
10 1 19 

5 1
2 1
4 1 44 
18 1 27 
2 1
6 1 35 
12 1 19 
2 1
20 1 34 
13 1 42 
1 1
17 1 41 
2 1
3 1 6 
19 1 8 

1 1
1 1
13 1 48 


15
5 3
2 3
20 1 10 2 24 3 7 
17 1 7 2 5 3 23 
2 1
14 3 2 
18 3 16 
1 1
5 2 2 
1 3
15 1 2 2 2 3 16 
1 1
4 3 15 

5 2
2 2
13 1 19 2 2 
7 1 20 2 1 
1 2
15 1 11 2 17 
2 2
17 1 38 2 9 
4 1 5 2 5 
2 1
4 2 11 
20 2 30 
1 2
2 1 10 2 34 

2 1
2 1
9 1 36 
5 1 32 
1 1
7 1 38 

4 2
2 2
6 1 31 2 6 
16 1 9 2 1 
2 1
1 2 1 
14 2 12 
2 2
15 1 8 2 31 
6 1 4 2 14 
1 2
8 1 13 2 27 

3 2
1 1
16 1 3 
1 1
15 2 1 
1 2
8 1 26 2 16 

4 4
1 4
8 1 4 2 6 3 5 4 12 
1 2
18 3 1 4 1 
2 3
16 2 4 3 4 4 10 
20 2 1 3 4 4 2 
2 4
11 1 7 2 1 3 5 4 2 
7 1 7 2 3 3 5 4 12 

4 1
2 1
12 1 27 
3 1 47 
1 1
7 1 20 
2 1
10 1 30 
20 1 6 
1 1
11 1 10 

4 1
2 1
3 1 32 
4 1 25 
1 1
8 1 5 
1 1
10 1 35 
2 1
9 1 31 
11 1 6 

5 4
1 1
10 3 1 
1 4
11 1 8 2 10 3 19 4 1 
2 4
15 1 2 2 14 3 18 4 11 
8 1 10 2 5 3 6 4 1 
2 3
20 1 17 2 6 3 4 
14 1 4 2 2 3 17 
2 3
4 2 4 3 15 4 10 
12 2 8 3 3 4 2 

5 1
2 1
14 1 11 
9 1 7 
2 1
20 1 32 
5 1 19 
1 1
11 1 42 
1 1
1 1 14 
2 1
12 1 35 
18 1 28 

5 2
2 2
20 1 6 2 13 
19 1 13 2 5 
2 1
18 2 3 
2 2 21 
2 2
18 1 2 2 39 
13 1 38 2 2 
2 2
11 1 12 2 28 
19 1 8 2 1 
1 1
14 2 1 

1 1
1 1
19 1 8 

4 4
1 2
19 1 5 2 6 
1 4
12 1 6 2 16 3 3 4 22 
2 2
4 3 2 4 3 
15 3 3 4 2 
1 1
17 3 1 

3 1
2 1
5 1 37 
19 1 6 
2 1
4 1 33 
5 1 13 
2 1
1 1 25 
18 1 38 

3 2
2 2
4 1 19 2 6 
17 1 16 2 2 
2 1
9 2 3 
6 2 17 
2 1
10 1 20 
4 1 16 


15
4 4
1 1
20 2 3 
2 1
6 1 3 
12 1 2 
2 4
5 1 3 2 22 3 8 4 11 
3 1 6 2 2 3 4 4 8 
1 2
2 1 4 2 1 

3 2
1 1
9 2 3 
2 1
6 2 10 
10 2 16 
1 2
13 1 44 2 1 

4 2
1 1
1 1 5 
2 2
20 1 18 2 20 
3 1 22 2 18 
2 1
9 2 8 
17 2 7 
1 1
10 2 10 

1 1
2 1
15 1 10 
9 1 27 

2 2
1 2
11 1 8 2 5 
1 1
9 2 4 

5 2
1 1
14 1 4 
1 2
11 1 7 2 41 
1 2
4 1 12 2 35 
1 1
9 2 11 
1 1
12 1 6 

3 2
1 1
3 1 2 
1 2
17 1 12 2 6 
1 1
12 1 13 

3 2
1 1
11 1 19 
2 2
13 1 16 2 10 
3 1 9 2 8 
2 2
20 1 16 2 20 
3 1 30 2 14 

3 1
2 1
9 1 8 
7 1 32 
2 1
9 1 11 
10 1 23 
2 1
6 1 30 
10 1 31 

1 1
2 1
20 1 26 
10 1 29 

5 4
2 4
9 1 3 2 1 3 4 4 2 
8 1 2 2 11 3 5 4 10 
1 2
6 3 2 4 1 
2 1
5 1 2 
13 1 4 
1 1
2 2 3 
2 4
20 1 2 2 13 3 8 4 1 
19 1 5 2 20 3 7 4 6 

5 3
2 2
8 2 1 3 4 
19 2 9 3 26 
1 2
9 2 12 3 22 
1 2
7 1 2 2 38 
1 3
10 1 3 2 4 3 5 
1 3
20 1 24 2 2 3 6 

1 1
2 1
11 1 38 
16 1 40 

1 1
1 1
17 1 6 

2 1
1 1
7 1 41 
2 1
19 1 32 
4 1 14 


15
5 4
2 4
7 1 3 2 6 3 11 4 13 
17 1 10 2 5 3 7 4 6 
1 3
20 2 12 3 4 4 28 
2 1
13 1 2 
2 1 9 
2 1
2 2 3 
13 2 11 
1 1
11 2 1 

5 5
1 5
13 1 3 2 2 3 7 4 3 5 2 
2 2
10 4 5 5 3 
9 4 5 5 2 
1 5
1 1 14 2 6 3 14 4 4 5 5 
1 1
17 2 7 
2 2
14 4 19 5 1 
15 4 4 5 2 

3 2
1 1
12 1 4 
2 2
19 1 4 2 6 
14 1 40 2 6 
1 2
20 1 16 2 24 

4 1
1 1
1 1 18 
2 1
16 1 37 
14 1 6 
1 1
13 1 40 
2 1
5 1 22 
9 1 23 

5 2
2 1
11 1 11 
14 1 5 
2 1
5 1 3 
8 1 7 
2 2
18 1 33 2 9 
7 1 6 2 17 
2 2
3 1 2 2 5 
18 1 14 2 22 
2 1
20 2 7 
9 2 13 

1 1
1 1
13 1 36 

5 5
2 5
3 1 13 2 2 3 5 4 20 5 9 
18 1 2 2 5 3 6 4 7 5 29 
2 1
5 4 2 
14 4 6 
1 3
19 3 22 4 12 5 3 
1 3
15 2 1 3 1 4 1 
2 2
9 1 12 2 2 
2 1 2 2 1 

1 1
1 1
4 1 12 

4 4
1 1
2 4 2 
1 1
15 3 3 
2 4
14 1 16 2 8 3 12 4 5 
19 1 2 2 3 3 1 4 3 
2 1
8 4 2 
19 4 4 

2 2
1 2
3 1 38 2 6 
2 2
13 1 9 2 25 
5 1 14 2 2 

5 2
1 1
4 2 3 
1 2
9 1 4 2 31 
1 1
20 2 7 
1 1
5 2 36 
1 2
15 1 9 2 1 

4 2
2 2
20 1 5 2 14 
15 1 24 2 2 
2 1
19 1 21 
5 1 2 
1 2
12 1 2 2 10 
2 2
16 1 3 2 4 
7 1 2 2 18 

1 1
2 1
6 1 47 
4 1 40 

1 1
1 1
16 1 22 

5 3
2 2
12 1 8 2 3 
16 1 10 2 20 
1 2
18 2 3 3 5 
1 1
2 3 2 
2 3
1 1 4 2 1 3 9 
20 1 20 2 3 3 1 
1 3
6 1 36 2 11 3 1 


15
3 1
2 1
11 1 9 
19 1 34 
2 1
10 1 38 
17 1 7 
1 1
8 1 46 

3 1
1 1
19 1 44 
2 1
2 1 14 
10 1 36 
2 1
17 1 39 
5 1 35 

4 4
2 4
13 1 4 2 3 3 1 4 2 
11 1 9 2 13 3 5 4 12 
2 1
12 1 13 
15 1 4 
1 1
8 3 2 
1 3
6 1 3 2 14 3 7 

5 3
2 2
11 1 7 2 14 
19 1 8 2 1 
2 3
7 1 4 2 1 3 1 
2 1 7 2 2 3 1 
2 3
10 1 2 2 41 3 6 
13 1 2 2 15 3 2 
1 2
4 1 3 2 10 
2 1
16 1 12 
14 1 10 

2 2
2 2
5 1 2 2 3 
12 1 3 2 8 
2 1
15 2 21 
12 2 3 

5 1
1 1
1 1 7 
2 1
20 1 26 
12 1 34 
1 1
13 1 45 
2 1
2 1 36 
6 1 25 
2 1
2 1 16 
17 1 19 

3 3
2 3
5 1 4 2 2 3 6 
11 1 4 2 1 3 2 
2 2
9 2 18 3 11 
14 2 6 3 6 
1 1
6 1 3 

5 3
2 1
20 3 18 
9 3 3 
2 3
10 1 5 2 2 3 1 
19 1 27 2 6 3 5 
2 3
19 1 3 2 4 3 7 
7 1 6 2 9 3 9 
2 3
14 1 11 2 3 3 6 
6 1 15 2 11 3 14 
2 1
17 3 1 
6 3 15 

5 2
1 1
3 2 13 
1 1
11 2 3 
1 2
10 1 45 2 4 
1 1
16 1 14 
1 1
6 1 43 

3 3
1 1
17 3 4 
1 3
2 1 9 2 4 3 20 
2 2
6 2 11 3 17 
11 2 5 3 26 

3 3
2 2
9 2 3 3 21 
14 2 32 3 9 
1 2
7 2 12 3 16 
1 3
17 1 5 2 2 3 3 

3 1
1 1
1 1 10 
1 1
10 1 40 
1 1
18 1 47 

1 1
1 1
6 1 47 

3 1
2 1
11 1 17 
12 1 34 
2 1
4 1 48 
9 1 18 
1 1
17 1 33 

2 2
1 1
18 1 32 
1 2
20 1 32 2 2 


15
1 1
2 1
1 1 5 
17 1 11 

2 2
2 2
6 1 4 2 26 
8 1 14 2 29 
2 1
8 2 32 
5 2 18 

4 2
2 2
4 1 12 2 27 
7 1 2 2 14 
2 1
16 1 20 
5 1 32 
1 1
18 2 18 
1 2
15 1 10 2 14 

4 4
2 1
19 2 11 
9 2 2 
2 4
13 1 5 2 1 3 5 4 1 
7 1 7 2 2 3 19 4 3 
1 2
8 3 2 4 1 
1 2
16 1 6 2 4 

3 3
1 3
11 1 2 2 19 3 11 
2 1
1 3 12 
5 3 7 
1 2
14 1 6 2 1 

4 1
1 1
20 1 32 
2 1
4 1 39 
3 1 24 
2 1
4 1 19 
5 1 43 
2 1
1 1 11 
19 1 12 

5 1
1 1
12 1 7 
1 1
2 1 35 
1 1
1 1 43 
2 1
14 1 34 
16 1 43 
2 1
7 1 39 
13 1 26 

5 1
1 1
10 1 7 
2 1
8 1 47 
13 1 19 
2 1
19 1 36 
12 1 33 
2 1
12 1 7 
8 1 10 
1 1
9 1 37 

2 2
1 1
19 1 7 
1 2
1 1 4 2 10 

5 1
1 1
3 1 23 
1 1
2 1 8 
1 1
7 1 8 
1 1
20 1 46 
1 1
18 1 21 

3 3
1 2
1 2 4 3 2 
1 3
9 1 6 2 2 3 2 
2 3
16 1 18 2 19 3 4 
15 1 13 2 13 3 19 

1 1
1 1
19 1 49 

2 1
1 1
20 1 5 
2 1
18 1 22 
17 1 30 

4 3
2 1
12 2 4 
4 2 13 
1 2
19 1 3 2 1 
1 1
11 2 1 
1 3
7 1 6 2 2 3 4 

3 2
2 1
4 2 9 
5 2 17 
1 2
17 1 5 2 3 
1 1
14 2 21 


15
2 1
1 1
1 1 35 
1 1
14 1 19 

4 2
1 1
3 2 11 
2 1
9 1 31 
16 1 35 
2 1
6 2 1 
1 2 7 
1 2
20 1 7 2 29 

1 1
1 1
12 1 41 

5 1
2 1
4 1 35 
3 1 7 
2 1
7 1 33 
20 1 11 
1 1
19 1 23 
2 1
13 1 11 
10 1 8 
1 1
2 1 29 

4 4
1 4
7 1 9 2 5 3 11 4 12 
2 3
13 1 20 2 5 3 2 
4 1 2 2 2 3 1 
1 4
3 1 10 2 4 3 27 4 3 
2 1
16 4 6 
12 4 3 

5 4
1 2
16 1 5 2 7 
2 1
6 3 2 
10 3 13 
1 3
15 2 2 3 18 4 25 
1 4
12 1 10 2 5 3 19 4 1 
2 1
18 4 2 
2 4 12 

1 1
1 1
19 1 19 

5 5
2 5
10 1 6 2 3 3 30 4 4 5 5 
12 1 5 2 12 3 4 4 8 5 2 
2 1
20 5 1 
13 5 3 
1 3
18 1 18 2 3 3 5 
1 3
8 3 3 4 3 5 4 
1 3
16 1 6 2 3 3 13 

5 5
1 1
11 1 3 
2 5
16 1 3 2 1 3 3 4 5 5 13 
12 1 2 2 2 3 1 4 1 5 1 
1 5
3 1 6 2 9 3 15 4 1 5 10 
1 1
19 3 9 
1 3
14 1 14 2 5 3 6 

5 1
1 1
9 1 46 
1 1
12 1 7 
1 1
13 1 10 
2 1
8 1 48 
20 1 29 
2 1
4 1 49 
11 1 28 

1 1
1 1
20 1 44 

1 1
2 1
14 1 19 
9 1 12 

1 1
2 1
10 1 20 
15 1 24 

5 2
2 2
15 1 21 2 8 
16 1 10 2 37 
1 1
10 1 29 
2 1
17 1 10 
8 1 38 
1 2
2 1 7 2 5 
1 1
14 2 20 

2 2
2 1
9 1 27 
13 1 10 
2 2
6 1 27 2 4 
5 1 14 2 35 


15
2 1
2 1
19 1 18 
11 1 48 
1 1
20 1 31 

5 1
2 1
2 1 43 
18 1 34 
1 1
17 1 43 
1 1
6 1 42 
2 1
4 1 5 
5 1 26 
1 1
19 1 37 

5 3
2 1
4 1 5 
5 1 6 
2 3
18 1 16 2 7 3 12 
7 1 2 2 40 3 2 
2 2
6 1 15 2 22 
18 1 14 2 6 
2 1
13 2 7 
14 2 3 
1 2
9 2 4 3 1 

1 1
2 1
5 1 36 
20 1 38 

4 4
1 2
2 3 6 4 27 
1 4
20 1 4 2 3 3 1 4 1 
1 2
15 2 2 3 5 
2 1
11 2 1 
19 2 4 

4 1
1 1
1 1 30 
2 1
19 1 28 
13 1 11 
2 1
13 1 14 
16 1 47 
2 1
3 1 31 
15 1 18 

4 3
1 3
5 1 6 2 2 3 5 
1 1
10 3 6 
1 3
11 1 11 2 5 3 3 
2 1
4 1 21 
20 1 10 

1 1
2 1
20 1 24 
6 1 20 

4 1
2 1
10 1 12 
4 1 19 
1 1
6 1 17 
2 1
1 1 25 
5 1 43 
2 1
7 1 41 
13 1 46 

1 1
2 1
14 1 49 
9 1 24 

5 5
2 1
15 1 2 
2 1 4 
1 1
5 4 15 
2 2
3 4 2 5 4 
19 4 3 5 4 
2 3
15 2 4 3 4 4 10 
8 2 7 3 23 4 2 
1 5
4 1 3 2 2 3 2 4 7 5 12 

1 1
2 1
4 1 6 
6 1 46 

1 1
1 1
9 1 35 

4 4
1 1
2 2 11 
1 4
18 1 3 2 5 3 1 4 2 
2 4
19 1 8 2 3 3 2 4 10 
10 1 2 2 2 3 1 4 3 
2 1
4 2 7 
6 2 2 

4 1
1 1
17 1 24 
2 1
10 1 47 
18 1 39 
2 1
4 1 25 
13 1 29 
2 1
16 1 49 
18 1 44 


15
2 1
2 1
7 1 44 
15 1 42 
2 1
9 1 11 
11 1 27 

5 4
2 2
1 3 4 4 10 
4 3 3 4 19 
2 1
6 3 2 
3 3 17 
1 1
15 3 22 
1 4
19 1 12 2 2 3 3 4 10 
1 1
10 2 4 

1 1
1 1
12 1 19 

5 1
2 1
3 1 43 
2 1 16 
1 1
7 1 18 
2 1
9 1 27 
6 1 8 
2 1
4 1 30 
2 1 19 
2 1
4 1 24 
6 1 37 

1 1
2 1
6 1 25 
20 1 33 

1 1
2 1
9 1 26 
11 1 47 

1 1
1 1
14 1 18 

2 2
1 2
10 1 26 2 3 
1 2
4 1 29 2 17 

2 1
1 1
16 1 8 
2 1
10 1 17 
3 1 9 

3 2
2 2
3 1 20 2 20 
10 1 4 2 1 
2 2
10 1 13 2 4 
16 1 15 2 21 
2 1
3 1 5 
11 1 12 

2 2
1 1
6 1 6 
2 2
10 1 2 2 6 
19 1 10 2 23 

1 1
1 1
16 1 24 

5 4
1 4
9 1 2 2 3 3 4 4 11 
2 4
18 1 6 2 14 3 2 4 26 
4 1 22 2 2 3 12 4 1 
2 4
18 1 2 2 5 3 1 4 3 
20 1 3 2 5 3 3 4 2 
1 1
16 1 2 
1 1
15 2 1 

2 2
2 2
3 1 22 2 17 
1 1 19 2 22 
2 2
11 1 27 2 19 
14 1 3 2 14 

1 1
1 1
6 1 34 


