10 20 150 5 5

15
5 1
2 1
11 1 33 
8 1 39 
2 1
19 1 18 
9 1 43 
2 1
3 1 9 
17 1 39 
1 1
20 1 18 
2 1
1 1 37 
16 1 11 

5 4
1 1
7 2 3 
1 1
17 2 1 
2 4
16 1 2 2 1 3 3 4 8 
18 1 4 2 4 3 6 4 31 
1 1
20 1 2 
2 3
8 2 10 3 3 4 3 
15 2 1 3 1 4 1 

2 2
1 2
14 1 14 2 11 
2 1
7 1 15 
11 1 14 

2 2
2 1
16 2 6 
13 2 29 
1 2
17 1 13 2 15 

3 3
1 1
17 3 3 
1 2
12 1 33 2 7 
1 3
7 1 2 2 3 3 1 

5 3
1 3
11 1 8 2 14 3 8 
2 1
13 3 3 
16 3 3 
2 1
1 1 2 
18 1 20 
1 3
7 1 2 2 3 3 5 
1 1
2 3 18 

2 1
2 1
20 1 39 
18 1 16 
1 1
10 1 11 

3 3
1 1
9 1 17 
1 1
11 2 4 
2 3
20 1 7 2 21 3 4 
4 1 30 2 11 3 6 

4 2
2 1
1 2 8 
13 2 28 
2 2
19 1 13 2 3 
14 1 3 2 8 
1 1
7 2 20 
1 2
12 1 5 2 18 

2 2
2 1
4 1 10 
15 1 43 
1 2
2 1 2 2 3 

4 4
2 1
1 4 9 
12 4 8 
2 2
15 2 2 3 1 
13 2 8 3 8 
1 3
11 1 5 2 3 3 7 
1 4
6 1 9 2 3 3 4 4 2 

2 1
2 1
19 1 49 
11 1 48 
1 1
14 1 49 

2 1
1 1
19 1 48 
2 1
8 1 49 
12 1 12 

2 2
2 2
14 1 4 2 9 
4 1 34 2 2 
1 1
19 1 25 

3 1
1 1
4 1 36 
2 1
6 1 36 
12 1 35 
2 1
7 1 36 
19 1 9 


15
3 2
1 2
14 1 33 2 6 
1 2
20 1 32 2 13 
1 2
16 1 2 2 29 

3 2
2 2
15 1 10 2 2 
9 1 2 2 8 
1 2
14 1 4 2 22 
1 1
4 1 9 

5 3
2 3
8 1 21 2 19 3 2 
5 1 28 2 10 3 2 
1 1
15 1 28 
2 2
3 1 2 2 1 
14 1 6 2 18 
2 3
4 1 3 2 1 3 3 
3 1 3 2 1 3 1 
1 1
12 3 4 

3 1
1 1
6 1 49 
2 1
13 1 32 
1 1 39 
2 1
1 1 45 
9 1 42 

1 1
2 1
2 1 27 
15 1 34 

4 2
2 1
10 1 22 
14 1 9 
2 2
19 1 12 2 29 
3 1 6 2 6 
2 1
3 1 26 
13 1 7 
2 1
6 2 10 
4 2 15 

1 1
1 1
7 1 27 

1 1
1 1
10 1 13 

5 3
2 1
7 2 1 
11 2 1 
1 1
18 1 7 
1 2
9 2 4 3 4 
1 1
3 2 6 
1 3
5 1 16 2 18 3 1 

4 4
1 2
3 1 2 2 1 
1 2
9 2 10 3 4 
2 4
8 1 15 2 1 3 1 4 26 
20 1 3 2 6 3 2 4 1 
1 1
10 1 5 

3 2
2 2
1 1 29 2 10 
7 1 5 2 16 
2 1
5 2 8 
8 2 14 
1 1
19 1 2 

2 2
2 1
20 2 7 
8 2 25 
1 2
18 1 13 2 4 

1 1
1 1
12 1 12 

1 1
1 1
1 1 32 

2 2
2 2
1 1 8 2 4 
8 1 6 2 5 
2 1
6 1 3 
16 1 26 


15
2 2
1 1
12 2 14 
2 2
4 1 2 2 40 
19 1 14 2 9 

5 3
2 3
10 1 2 2 31 3 12 
20 1 22 2 12 3 2 
1 2
3 1 8 2 11 
1 2
6 1 2 2 2 
1 2
2 1 4 2 5 
1 3
17 1 10 2 8 3 11 

5 5
1 2
9 1 14 2 5 
1 2
11 4 25 5 3 
2 1
14 4 1 
19 4 10 
2 2
18 1 2 2 6 
16 1 5 2 2 
1 5
5 1 2 2 2 3 2 4 1 5 2 

2 1
1 1
20 1 10 
1 1
10 1 45 

4 1
2 1
4 1 14 
14 1 10 
2 1
2 1 6 
17 1 12 
1 1
18 1 28 
1 1
6 1 48 

2 1
2 1
10 1 16 
17 1 45 
2 1
7 1 16 
8 1 43 

2 2
2 2
3 1 16 2 18 
8 1 24 2 16 
2 1
1 2 28 
9 2 22 

1 1
2 1
8 1 34 
4 1 41 

5 2
1 2
12 1 25 2 21 
2 1
8 2 5 
11 2 14 
1 2
3 1 17 2 18 
1 2
6 1 17 2 12 
2 2
10 1 2 2 5 
14 1 3 2 30 

2 2
2 2
16 1 9 2 13 
6 1 18 2 9 
2 2
9 1 2 2 40 
17 1 17 2 24 

5 1
1 1
10 1 34 
2 1
16 1 13 
1 1 9 
1 1
6 1 8 
2 1
8 1 22 
5 1 17 
2 1
5 1 33 
12 1 46 

2 1
2 1
6 1 8 
13 1 35 
1 1
9 1 14 

2 1
2 1
18 1 22 
2 1 10 
2 1
4 1 30 
9 1 25 

5 5
2 5
8 1 8 2 11 3 3 4 19 5 2 
19 1 11 2 9 3 7 4 6 5 2 
2 1
19 2 1 
1 2 3 
1 5
12 1 2 2 1 3 2 4 1 5 2 
1 1
2 3 1 
1 2
10 3 6 4 19 

4 1
2 1
17 1 14 
14 1 28 
2 1
6 1 48 
9 1 46 
1 1
16 1 31 
2 1
14 1 49 
9 1 42 


15
2 1
1 1
1 1 5 
2 1
19 1 41 
11 1 40 

3 1
1 1
12 1 14 
1 1
5 1 28 
2 1
16 1 16 
18 1 36 

5 2
2 1
16 2 29 
1 2 31 
2 1
2 2 3 
16 2 23 
1 2
9 1 29 2 9 
2 1
17 2 25 
11 2 4 
1 1
13 1 4 

4 3
1 3
12 1 26 2 19 3 2 
2 1
9 3 18 
5 3 16 
1 1
6 1 29 
2 2
10 2 2 3 19 
16 2 1 3 17 

2 1
1 1
18 1 20 
2 1
3 1 10 
2 1 18 

4 1
1 1
2 1 43 
2 1
4 1 8 
9 1 31 
2 1
15 1 16 
17 1 35 
2 1
14 1 34 
6 1 27 

5 3
2 2
11 2 6 3 17 
12 2 3 3 3 
1 1
9 2 7 
1 3
2 1 13 2 1 3 5 
2 1
12 2 11 
14 2 19 
1 1
20 3 1 

3 3
2 3
1 1 4 2 1 3 5 
20 1 5 2 4 3 13 
1 3
7 1 13 2 5 3 12 
2 3
3 1 4 2 6 3 3 
8 1 10 2 7 3 16 

4 3
2 3
5 1 5 2 9 3 11 
11 1 10 2 9 3 20 
1 1
10 2 9 
1 1
1 2 4 
1 2
7 2 2 3 6 

3 3
1 2
14 2 7 3 6 
2 3
17 1 4 2 2 3 2 
13 1 3 2 1 3 6 
2 2
5 1 26 2 4 
15 1 10 2 8 

5 2
2 2
15 1 3 2 42 
20 1 7 2 2 
1 2
17 1 24 2 9 
2 2
12 1 20 2 2 
11 1 5 2 8 
2 1
3 2 16 
2 2 1 
1 2
6 1 8 2 31 

2 1
1 1
15 1 10 
1 1
19 1 35 

4 4
2 4
8 1 3 2 4 3 4 4 4 
19 1 5 2 2 3 1 4 7 
1 3
5 1 2 2 2 3 2 
2 4
18 1 2 2 3 3 7 4 7 
9 1 7 2 24 3 5 4 11 
2 1
18 1 6 
14 1 2 

5 1
2 1
4 1 6 
6 1 49 
1 1
15 1 34 
1 1
19 1 20 
2 1
13 1 14 
20 1 10 
2 1
8 1 30 
17 1 5 

4 4
1 4
11 1 11 2 8 3 2 4 2 
1 2
2 1 8 2 16 
1 4
10 1 7 2 4 3 22 4 14 
2 1
12 1 19 
1 1 15 


15
5 3
1 3
11 1 9 2 12 3 13 
1 1
9 2 24 
1 2
4 1 4 2 2 
1 1
6 2 20 
2 3
12 1 24 2 6 3 3 
7 1 27 2 6 3 1 

2 1
1 1
6 1 42 
2 1
17 1 47 
18 1 45 

2 1
2 1
11 1 14 
15 1 6 
1 1
13 1 22 

1 1
1 1
7 1 30 

2 2
1 2
4 1 16 2 2 
2 1
19 2 10 
11 2 5 

3 1
2 1
3 1 23 
1 1 27 
2 1
10 1 6 
2 1 47 
2 1
8 1 32 
7 1 15 

2 1
2 1
9 1 23 
19 1 40 
1 1
2 1 11 

1 1
1 1
3 1 27 

3 3
2 1
8 2 1 
12 2 4 
2 3
2 1 9 2 2 3 1 
4 1 19 2 11 3 8 
1 1
10 2 5 

3 1
1 1
2 1 19 
2 1
6 1 25 
4 1 9 
2 1
12 1 33 
7 1 22 

3 2
2 1
12 2 7 
15 2 3 
1 2
14 1 36 2 3 
1 2
7 1 32 2 5 

3 3
1 1
6 1 5 
1 3
12 1 3 2 3 3 2 
1 2
5 1 3 2 5 

3 1
1 1
1 1 16 
2 1
6 1 5 
15 1 7 
2 1
19 1 16 
2 1 17 

3 1
1 1
4 1 22 
2 1
18 1 13 
17 1 25 
2 1
19 1 49 
17 1 33 

4 2
2 2
2 1 15 2 1 
16 1 5 2 3 
1 2
19 1 13 2 5 
2 1
1 1 12 
12 1 14 
2 1
1 2 19 
14 2 7 


15
2 1
1 1
11 1 25 
1 1
4 1 16 

2 2
2 2
4 1 9 2 1 
8 1 5 2 3 
1 1
2 2 7 

4 4
2 4
13 1 6 2 26 3 1 4 10 
6 1 26 2 3 3 6 4 7 
1 2
7 1 4 2 9 
1 1
11 1 12 
1 4
2 1 8 2 7 3 2 4 18 

2 1
2 1
4 1 43 
17 1 24 
2 1
17 1 9 
2 1 24 

4 2
1 1
9 2 22 
1 1
16 1 42 
1 2
17 1 8 2 21 
2 2
20 1 21 2 14 
12 1 37 2 1 

4 1
1 1
5 1 14 
2 1
1 1 18 
10 1 39 
1 1
19 1 33 
2 1
10 1 32 
14 1 11 

4 2
2 2
9 1 6 2 12 
1 1 2 2 34 
2 2
4 1 30 2 2 
11 1 7 2 16 
2 1
7 2 1 
12 2 17 
1 1
14 1 38 

2 1
2 1
1 1 30 
19 1 39 
2 1
1 1 10 
20 1 26 

2 2
2 2
5 1 2 2 41 
12 1 15 2 23 
1 1
1 2 2 

5 1
2 1
9 1 31 
3 1 26 
1 1
1 1 37 
2 1
5 1 47 
14 1 23 
1 1
8 1 30 
1 1
11 1 13 

1 1
2 1
10 1 25 
8 1 18 

4 4
1 1
4 1 6 
1 4
18 1 6 2 22 3 16 4 2 
1 3
17 1 13 2 3 3 10 
2 1
16 1 6 
12 1 7 

2 2
1 2
9 1 5 2 36 
2 2
7 1 19 2 11 
10 1 5 2 12 

4 2
2 2
19 1 2 2 36 
13 1 7 2 10 
1 1
4 2 26 
1 2
11 1 15 2 30 
2 2
15 1 20 2 5 
6 1 11 2 5 

3 1
2 1
20 1 28 
4 1 10 
1 1
19 1 48 
2 1
20 1 49 
8 1 40 


15
2 2
2 2
6 1 7 2 4 
12 1 12 2 19 
2 2
13 1 24 2 18 
4 1 29 2 6 

4 4
1 4
7 1 4 2 6 3 8 4 11 
2 2
19 3 1 4 2 
3 3 10 4 14 
2 4
18 1 3 2 2 3 3 4 2 
20 1 25 2 4 3 7 4 7 
1 2
17 2 18 3 13 

5 3
1 3
20 1 12 2 12 3 4 
1 2
6 1 4 2 10 
2 3
14 1 7 2 6 3 8 
3 1 7 2 3 3 15 
2 2
18 2 18 3 7 
19 2 6 3 15 
1 1
9 3 4 

4 2
2 2
10 1 31 2 1 
12 1 31 2 8 
1 2
15 1 7 2 30 
2 1
6 2 3 
4 2 9 
2 1
19 1 8 
7 1 26 

1 1
1 1
13 1 17 

4 2
1 1
2 2 13 
1 1
9 2 9 
2 1
6 1 15 
11 1 3 
1 2
20 1 13 2 16 

2 2
1 1
7 2 1 
1 2
20 1 31 2 17 

4 1
1 1
11 1 44 
2 1
2 1 29 
12 1 30 
1 1
16 1 47 
1 1
5 1 5 

3 1
1 1
14 1 34 
1 1
8 1 31 
2 1
12 1 43 
11 1 19 

5 3
1 1
1 3 1 
1 2
6 1 10 2 3 
1 2
5 1 15 2 5 
2 3
7 1 7 2 18 3 21 
20 1 19 2 17 3 8 
2 1
15 3 7 
8 3 3 

5 1
1 1
4 1 26 
1 1
12 1 10 
1 1
7 1 10 
1 1
9 1 31 
2 1
8 1 10 
3 1 31 

2 1
2 1
6 1 15 
7 1 29 
2 1
14 1 12 
8 1 19 

2 2
2 1
4 1 2 
6 1 3 
1 2
13 1 4 2 7 

3 1
1 1
13 1 23 
2 1
11 1 46 
7 1 28 
1 1
12 1 21 

3 2
2 2
5 1 4 2 16 
12 1 38 2 10 
1 1
6 2 2 
2 1
1 2 8 
11 2 22 


15
4 4
1 3
16 2 4 3 3 4 1 
1 1
11 2 4 
2 4
14 1 3 2 32 3 1 4 5 
7 1 9 2 2 3 5 4 31 
1 2
19 1 8 2 10 

1 1
2 1
16 1 34 
7 1 13 

2 2
1 1
15 1 17 
2 2
18 1 8 2 33 
1 1 40 2 9 

2 2
1 2
12 1 3 2 17 
1 1
2 1 14 

1 1
2 1
18 1 36 
9 1 34 

3 2
2 1
4 1 31 
17 1 8 
2 1
9 1 18 
5 1 2 
2 2
20 1 9 2 12 
5 1 5 2 1 

3 2
2 1
1 2 14 
14 2 12 
1 1
18 2 8 
1 2
9 1 31 2 1 

4 3
2 1
4 1 14 
7 1 2 
1 3
3 1 4 2 1 3 2 
1 2
8 1 2 2 6 
1 2
13 2 11 3 6 

2 2
1 1
15 2 3 
1 2
8 1 10 2 4 

2 1
2 1
1 1 26 
10 1 44 
2 1
1 1 44 
17 1 43 

3 1
2 1
1 1 15 
4 1 47 
1 1
13 1 10 
2 1
7 1 7 
8 1 39 

3 1
2 1
14 1 36 
2 1 34 
2 1
8 1 14 
20 1 20 
2 1
9 1 29 
7 1 41 

5 3
1 2
19 1 9 2 10 
2 1
8 3 15 
14 3 3 
1 1
12 3 34 
2 2
1 1 12 2 18 
17 1 4 2 21 
1 3
9 1 34 2 3 3 2 

1 1
1 1
10 1 23 

4 1
1 1
9 1 8 
1 1
18 1 19 
2 1
14 1 26 
6 1 39 
2 1
12 1 31 
2 1 47 


15
2 1
2 1
16 1 22 
1 1 42 
2 1
3 1 44 
16 1 18 

4 3
1 1
20 2 5 
2 3
19 1 3 2 5 3 30 
11 1 3 2 12 3 8 
2 2
18 2 10 3 4 
16 2 2 3 16 
2 3
17 1 20 2 22 3 4 
7 1 3 2 22 3 10 

5 5
2 1
18 3 5 
13 3 2 
2 2
5 1 2 2 4 
20 1 14 2 4 
1 5
12 1 2 2 19 3 8 4 1 5 1 
2 5
15 1 3 2 1 3 3 4 1 5 4 
19 1 15 2 4 3 7 4 8 5 1 
1 1
7 2 21 

4 2
1 2
3 1 8 2 38 
1 1
6 2 8 
2 2
7 1 11 2 29 
19 1 5 2 13 
1 1
13 2 9 

5 1
2 1
1 1 45 
11 1 42 
1 1
9 1 7 
2 1
5 1 27 
4 1 37 
2 1
4 1 43 
16 1 22 
2 1
6 1 40 
19 1 14 

3 2
2 1
2 1 7 
3 1 25 
2 1
11 1 19 
2 1 2 
1 2
17 1 3 2 3 

5 3
1 2
7 2 25 3 4 
2 3
6 1 10 2 5 3 19 
19 1 20 2 10 3 9 
1 3
15 1 7 2 4 3 2 
1 2
16 1 6 2 16 
2 2
8 2 19 3 17 
20 2 2 3 7 

3 2
2 2
3 1 6 2 34 
16 1 5 2 26 
2 1
7 2 2 
9 2 21 
2 2
11 1 3 2 30 
9 1 25 2 17 

5 4
2 1
8 1 4 
4 1 3 
2 4
15 1 4 2 6 3 4 4 10 
19 1 3 2 19 3 10 4 7 
2 1
7 4 7 
5 4 6 
2 3
9 1 4 2 4 3 6 
7 1 2 2 1 3 7 
1 3
10 2 14 3 7 4 1 

3 1
2 1
19 1 17 
12 1 37 
2 1
2 1 5 
17 1 35 
2 1
17 1 47 
2 1 25 

2 2
1 1
19 2 25 
1 2
15 1 3 2 11 

2 2
1 2
16 1 10 2 3 
2 2
13 1 24 2 1 
9 1 37 2 8 

5 1
2 1
18 1 6 
3 1 24 
2 1
10 1 15 
1 1 25 
1 1
5 1 44 
1 1
4 1 21 
1 1
11 1 39 

3 3
1 1
5 2 33 
1 1
8 3 11 
2 3
12 1 19 2 13 3 9 
2 1 21 2 6 3 3 

5 3
2 3
7 1 19 2 6 3 14 
3 1 8 2 2 3 10 
1 1
2 1 2 
2 2
17 2 11 3 2 
10 2 5 3 5 
2 2
9 2 5 3 10 
17 2 4 3 1 
2 1
10 3 15 
18 3 9 


15
4 3
2 2
8 1 11 2 8 
5 1 7 2 1 
2 3
3 1 11 2 2 3 7 
10 1 7 2 4 3 17 
2 2
11 2 6 3 9 
20 2 14 3 5 
2 1
16 2 11 
14 2 1 

1 1
1 1
6 1 38 

3 1
1 1
7 1 32 
1 1
4 1 44 
2 1
6 1 29 
14 1 42 

5 5
1 2
6 2 6 3 2 
1 2
9 2 13 3 12 
2 4
15 2 2 3 6 4 7 5 25 
13 2 4 3 1 4 6 5 4 
2 5
19 1 3 2 11 3 2 4 12 5 3 
7 1 2 2 7 3 6 4 3 5 10 
1 2
1 3 6 4 2 

3 2
1 2
14 1 24 2 7 
1 2
16 1 11 2 7 
2 1
18 2 4 
17 2 7 

2 2
1 2
14 1 37 2 6 
1 2
18 1 2 2 9 

4 3
2 1
2 1 10 
15 1 5 
1 2
7 1 4 2 3 
1 3
1 1 3 2 16 3 18 
2 1
6 1 32 
17 1 12 

3 3
2 1
16 1 25 
5 1 2 
1 1
18 1 17 
1 3
10 1 3 2 4 3 25 

1 1
1 1
8 1 25 

1 1
2 1
18 1 25 
19 1 22 

2 2
1 2
15 1 2 2 21 
2 2
14 1 12 2 10 
7 1 11 2 10 

1 1
1 1
6 1 37 

4 1
1 1
6 1 39 
1 1
10 1 20 
2 1
15 1 34 
8 1 49 
1 1
11 1 11 

3 2
2 1
20 2 1 
14 2 6 
1 2
2 1 33 2 15 
1 2
17 1 5 2 2 

1 1
1 1
12 1 5 


