10 20 150 2 2

15
2 2
5 2
6 1 9 2 15 
13 1 18 2 2 
12 1 4 2 2 
20 1 16 2 8 
11 1 2 2 8 
4 1
7 2 13 
2 2 4 
5 2 24 
14 2 17 

2 2
6 2
20 1 6 2 3 
3 1 10 2 19 
17 1 3 2 32 
4 1 2 2 6 
6 1 25 2 20 
2 1 5 2 30 
8 1
9 1 12 
13 1 10 
11 1 11 
16 1 24 
19 1 8 
18 1 13 
5 1 10 
15 1 9 

2 1
8 1
6 1 9 
15 1 32 
13 1 16 
14 1 43 
18 1 49 
17 1 20 
20 1 36 
5 1 46 
2 1
4 1 22 
12 1 48 

2 1
1 1
10 1 15 
4 1
16 1 33 
14 1 17 
13 1 9 
17 1 29 

1 1
8 1
6 1 14 
11 1 25 
3 1 38 
15 1 34 
1 1 16 
18 1 47 
7 1 47 
12 1 14 

1 1
8 1
1 1 44 
11 1 31 
4 1 27 
18 1 33 
9 1 38 
10 1 10 
14 1 38 
15 1 41 

2 1
1 1
15 1 30 
6 1
11 1 32 
4 1 38 
14 1 38 
3 1 28 
9 1 49 
16 1 19 

2 1
10 1
4 1 25 
11 1 31 
16 1 39 
13 1 22 
1 1 28 
20 1 17 
17 1 35 
10 1 9 
14 1 46 
6 1 15 
1 1
7 1 45 

2 2
1 2
9 1 3 2 2 
1 1
8 1 7 

1 1
4 1
15 1 32 
14 1 22 
18 1 6 
2 1 26 

1 1
1 1
17 1 12 

2 2
3 1
4 1 25 
19 1 20 
16 1 15 
6 2
18 1 13 2 7 
13 1 5 2 4 
17 1 27 2 15 
10 1 4 2 2 
7 1 2 2 3 
1 1 5 2 2 

2 2
2 1
16 1 45 
2 1 8 
3 2
10 1 16 2 11 
17 1 7 2 1 
1 1 5 2 16 

2 1
8 1
8 1 8 
15 1 32 
16 1 48 
17 1 15 
12 1 48 
5 1 18 
3 1 25 
18 1 14 
8 1
7 1 5 
2 1 17 
13 1 9 
11 1 46 
20 1 28 
9 1 6 
10 1 35 
19 1 39 

2 1
8 1
19 1 22 
7 1 16 
5 1 10 
8 1 36 
20 1 14 
12 1 18 
11 1 23 
13 1 5 
10 1
15 1 16 
1 1 13 
2 1 40 
16 1 45 
18 1 35 
14 1 22 
9 1 46 
17 1 13 
10 1 21 
6 1 8 


15
2 2
8 2
15 1 14 2 12 
14 1 13 2 7 
20 1 17 2 4 
5 1 34 2 13 
3 1 23 2 10 
16 1 29 2 1 
10 1 5 2 8 
8 1 21 2 11 
1 2
1 1 4 2 6 

1 1
8 1
12 1 30 
13 1 25 
5 1 11 
20 1 37 
2 1 38 
16 1 34 
3 1 8 
15 1 30 

1 1
10 1
3 1 48 
2 1 34 
20 1 36 
10 1 27 
11 1 49 
12 1 39 
1 1 12 
16 1 42 
19 1 16 
13 1 31 

2 2
2 2
18 1 9 2 18 
19 1 10 2 29 
6 2
2 1 13 2 16 
3 1 5 2 37 
17 1 10 2 8 
7 1 25 2 14 
6 1 5 2 1 
20 1 21 2 5 

1 1
10 1
18 1 32 
3 1 9 
20 1 48 
12 1 9 
14 1 9 
15 1 40 
5 1 33 
1 1 49 
4 1 33 
19 1 8 

1 1
10 1
9 1 5 
4 1 20 
17 1 43 
7 1 49 
12 1 40 
6 1 34 
8 1 35 
18 1 6 
1 1 7 
2 1 37 

1 1
6 1
17 1 7 
16 1 12 
11 1 17 
20 1 28 
3 1 12 
9 1 20 

1 1
2 1
10 1 37 
14 1 7 

1 1
3 1
17 1 44 
7 1 5 
10 1 30 

1 1
7 1
13 1 17 
20 1 35 
15 1 39 
14 1 22 
4 1 41 
7 1 17 
18 1 35 

1 1
5 1
6 1 12 
19 1 22 
1 1 23 
15 1 30 
10 1 20 

2 1
4 1
11 1 47 
13 1 49 
20 1 13 
12 1 13 
7 1
15 1 46 
6 1 19 
2 1 32 
7 1 43 
18 1 12 
4 1 40 
5 1 42 

1 1
2 1
19 1 20 
2 1 22 

1 1
6 1
5 1 29 
1 1 39 
16 1 11 
18 1 28 
9 1 20 
2 1 32 

1 1
4 1
2 1 10 
17 1 22 
9 1 6 
11 1 14 


15
1 1
6 1
4 1 37 
15 1 22 
17 1 31 
1 1 9 
9 1 6 
2 1 31 

1 1
9 1
7 1 44 
5 1 25 
6 1 33 
9 1 7 
16 1 22 
13 1 18 
14 1 6 
17 1 17 
19 1 36 

1 1
5 1
17 1 23 
14 1 28 
5 1 32 
12 1 33 
1 1 28 

2 2
7 1
20 1 5 
16 1 2 
7 1 10 
5 1 3 
17 1 21 
4 1 2 
2 1 32 
5 2
11 1 10 2 2 
9 1 8 2 1 
3 1 12 2 36 
15 1 34 2 3 
10 1 9 2 33 

2 1
4 1
19 1 20 
16 1 21 
13 1 27 
9 1 18 
8 1
1 1 48 
2 1 21 
3 1 5 
17 1 28 
7 1 7 
11 1 47 
4 1 48 
20 1 18 

1 1
6 1
3 1 16 
9 1 30 
12 1 28 
4 1 32 
6 1 19 
17 1 35 

1 1
5 1
2 1 27 
13 1 33 
8 1 42 
15 1 45 
12 1 12 

1 1
7 1
14 1 26 
2 1 6 
17 1 30 
16 1 45 
10 1 9 
13 1 28 
7 1 21 

1 1
3 1
13 1 6 
12 1 44 
11 1 16 

1 1
1 1
3 1 38 

1 1
8 1
19 1 37 
12 1 16 
1 1 26 
3 1 8 
7 1 17 
9 1 47 
14 1 16 
5 1 39 

2 2
7 2
8 1 17 2 4 
5 1 2 2 23 
12 1 21 2 1 
18 1 27 2 16 
17 1 5 2 2 
9 1 6 2 13 
1 1 3 2 7 
9 2
16 1 23 2 1 
19 1 35 2 5 
13 1 4 2 15 
3 1 2 2 11 
10 1 20 2 4 
7 1 3 2 19 
14 1 7 2 4 
20 1 4 2 25 
4 1 3 2 5 

2 2
5 1
17 2 9 
1 2 20 
15 2 11 
6 2 4 
7 2 2 
10 2
9 1 5 2 4 
20 1 7 2 5 
5 1 14 2 11 
8 1 10 2 15 
18 1 9 2 3 
3 1 4 2 10 
2 1 10 2 17 
12 1 8 2 10 
19 1 39 2 8 
13 1 30 2 16 

2 2
2 2
12 1 15 2 9 
11 1 13 2 24 
1 2
15 1 11 2 20 

2 1
1 1
12 1 39 
10 1
9 1 6 
1 1 26 
15 1 37 
14 1 8 
13 1 9 
18 1 26 
11 1 26 
5 1 14 
7 1 26 
16 1 15 


15
2 2
2 2
19 1 29 2 12 
7 1 2 2 3 
8 2
4 1 21 2 23 
17 1 10 2 16 
18 1 18 2 6 
3 1 43 2 3 
5 1 20 2 15 
14 1 5 2 2 
13 1 11 2 16 
8 1 24 2 8 

2 2
1 1
2 1 41 
4 2
18 1 4 2 3 
15 1 20 2 22 
12 1 25 2 17 
20 1 11 2 11 

1 1
3 1
16 1 23 
2 1 15 
11 1 12 

2 1
9 1
10 1 34 
4 1 30 
11 1 18 
8 1 35 
9 1 25 
14 1 5 
1 1 40 
16 1 17 
5 1 19 
7 1
20 1 21 
12 1 8 
3 1 11 
15 1 28 
17 1 8 
2 1 44 
7 1 23 

1 1
9 1
10 1 11 
16 1 48 
8 1 39 
1 1 14 
19 1 9 
11 1 35 
20 1 5 
5 1 25 
7 1 40 

1 1
2 1
10 1 33 
7 1 46 

2 1
5 1
14 1 23 
9 1 33 
2 1 46 
4 1 16 
17 1 23 
10 1
12 1 18 
15 1 36 
18 1 46 
7 1 40 
19 1 28 
11 1 45 
13 1 19 
20 1 40 
1 1 22 
10 1 33 

2 2
3 2
11 1 4 2 9 
13 1 14 2 1 
12 1 11 2 2 
6 1
2 1 5 
5 1 16 
14 1 12 
4 1 39 
1 1 13 
17 1 7 

2 1
6 1
16 1 28 
15 1 22 
12 1 13 
18 1 25 
3 1 25 
1 1 29 
3 1
13 1 8 
5 1 44 
20 1 13 

2 2
9 2
6 1 12 2 1 
9 1 7 2 36 
10 1 7 2 16 
13 1 12 2 19 
5 1 32 2 4 
17 1 6 2 18 
15 1 11 2 13 
2 1 22 2 20 
14 1 43 2 5 
7 1
11 1 4 
3 1 21 
16 1 19 
19 1 24 
1 1 8 
18 1 3 
4 1 15 

2 2
3 1
3 1 14 
9 1 11 
11 1 30 
6 2
13 1 24 2 8 
2 1 17 2 5 
10 1 9 2 19 
4 1 6 2 43 
19 1 18 2 8 
7 1 2 2 6 

2 2
1 2
18 1 11 2 9 
3 2
16 1 17 2 2 
4 1 4 2 1 
15 1 9 2 33 

2 1
10 1
12 1 32 
8 1 48 
14 1 33 
4 1 42 
7 1 27 
10 1 10 
9 1 14 
17 1 48 
6 1 39 
11 1 10 
4 1
15 1 37 
1 1 44 
19 1 46 
16 1 40 

2 2
1 2
20 1 4 2 5 
3 1
16 2 7 
8 2 28 
14 2 15 

2 1
3 1
2 1 34 
12 1 28 
8 1 5 
2 1
17 1 37 
11 1 28 


15
2 1
4 1
16 1 16 
4 1 29 
9 1 5 
13 1 15 
6 1
19 1 27 
5 1 49 
12 1 47 
11 1 5 
18 1 23 
3 1 33 

2 1
4 1
2 1 42 
13 1 45 
12 1 37 
18 1 25 
9 1
15 1 16 
6 1 31 
16 1 30 
4 1 24 
20 1 6 
3 1 37 
11 1 16 
5 1 48 
10 1 43 

1 1
9 1
17 1 22 
12 1 48 
4 1 31 
2 1 42 
14 1 26 
18 1 36 
1 1 42 
5 1 19 
16 1 37 

1 1
2 1
13 1 43 
19 1 13 

1 1
2 1
2 1 5 
16 1 16 

2 1
6 1
6 1 43 
16 1 27 
18 1 34 
8 1 31 
19 1 6 
14 1 41 
1 1
11 1 13 

2 2
7 1
13 2 24 
15 2 16 
18 2 5 
11 2 2 
3 2 7 
1 2 1 
14 2 2 
1 2
4 1 4 2 29 

1 1
8 1
12 1 31 
14 1 11 
17 1 25 
2 1 29 
3 1 21 
5 1 18 
7 1 25 
8 1 8 

2 1
2 1
17 1 36 
16 1 38 
9 1
10 1 41 
15 1 39 
2 1 49 
9 1 28 
13 1 14 
11 1 34 
20 1 39 
7 1 39 
12 1 8 

2 1
6 1
18 1 28 
17 1 8 
3 1 42 
20 1 43 
4 1 45 
7 1 17 
5 1
15 1 45 
10 1 29 
8 1 15 
14 1 37 
5 1 14 

2 1
3 1
10 1 14 
13 1 37 
5 1 34 
10 1
3 1 15 
1 1 22 
12 1 23 
11 1 22 
17 1 6 
16 1 28 
2 1 28 
20 1 49 
7 1 21 
14 1 20 

2 2
1 2
11 1 18 2 5 
5 1
16 1 3 
10 1 12 
5 1 30 
13 1 35 
15 1 23 

1 1
4 1
2 1 49 
4 1 30 
6 1 21 
1 1 18 

1 1
5 1
17 1 11 
12 1 35 
8 1 12 
3 1 9 
20 1 8 

1 1
5 1
11 1 24 
8 1 43 
6 1 39 
9 1 19 
1 1 29 


15
1 1
8 1
11 1 30 
9 1 44 
12 1 14 
15 1 24 
18 1 18 
19 1 31 
8 1 12 
6 1 36 

1 1
2 1
18 1 34 
13 1 37 

2 1
7 1
2 1 43 
1 1 41 
6 1 8 
11 1 6 
12 1 15 
15 1 38 
7 1 35 
8 1
17 1 37 
19 1 40 
20 1 23 
8 1 46 
16 1 23 
10 1 19 
9 1 43 
13 1 48 

2 2
8 2
7 1 14 2 1 
19 1 35 2 8 
4 1 25 2 4 
1 1 10 2 39 
13 1 7 2 32 
9 1 31 2 7 
10 1 4 2 23 
16 1 7 2 1 
2 2
6 1 3 2 21 
20 1 3 2 9 

2 1
2 1
15 1 39 
18 1 23 
8 1
19 1 33 
11 1 7 
16 1 11 
10 1 29 
5 1 49 
3 1 30 
13 1 49 
20 1 44 

2 2
1 2
6 1 23 2 20 
3 2
3 1 24 2 2 
10 1 15 2 15 
15 1 9 2 34 

1 1
2 1
16 1 22 
9 1 29 

2 1
3 1
19 1 17 
4 1 21 
6 1 36 
2 1
1 1 29 
2 1 15 

1 1
9 1
4 1 16 
19 1 5 
11 1 49 
18 1 17 
15 1 27 
14 1 43 
2 1 12 
16 1 49 
9 1 36 

1 1
8 1
13 1 37 
8 1 6 
5 1 35 
18 1 25 
16 1 18 
7 1 12 
3 1 23 
2 1 46 

1 1
5 1
20 1 21 
19 1 25 
16 1 49 
1 1 26 
14 1 48 

2 2
3 2
17 1 8 2 2 
3 1 3 2 38 
10 1 26 2 13 
8 1
12 2 36 
8 2 1 
11 2 8 
13 2 25 
15 2 14 
9 2 8 
6 2 7 
14 2 32 

1 1
1 1
12 1 41 

1 1
10 1
6 1 44 
4 1 21 
7 1 21 
12 1 49 
15 1 36 
11 1 24 
20 1 31 
14 1 32 
1 1 19 
2 1 44 

2 1
8 1
13 1 40 
14 1 15 
3 1 49 
6 1 5 
11 1 41 
1 1 45 
4 1 30 
12 1 19 
2 1
5 1 49 
19 1 46 


15
1 1
1 1
9 1 44 

2 2
7 2
4 1 3 2 36 
11 1 16 2 9 
14 1 3 2 45 
10 1 18 2 4 
17 1 7 2 14 
2 1 11 2 12 
16 1 28 2 16 
7 1
3 1 17 
6 1 13 
20 1 6 
7 1 9 
19 1 30 
1 1 27 
9 1 36 

1 1
2 1
7 1 18 
14 1 31 

1 1
10 1
9 1 24 
2 1 19 
8 1 38 
7 1 18 
3 1 11 
10 1 12 
13 1 9 
20 1 42 
14 1 16 
4 1 49 

1 1
1 1
14 1 22 

2 2
5 2
16 1 5 2 10 
15 1 8 2 10 
2 1 17 2 6 
7 1 11 2 31 
8 1 18 2 12 
5 1
10 1 5 
1 1 25 
3 1 11 
9 1 10 
11 1 22 

1 1
8 1
1 1 24 
5 1 47 
6 1 27 
15 1 8 
2 1 42 
14 1 34 
19 1 40 
3 1 21 

1 1
1 1
20 1 39 

2 2
4 1
11 2 1 
5 2 3 
17 2 9 
8 2 6 
2 2
19 1 10 2 5 
14 1 10 2 30 

1 1
4 1
7 1 21 
12 1 22 
16 1 43 
3 1 30 

1 1
2 1
13 1 19 
14 1 7 

2 1
6 1
4 1 38 
19 1 30 
14 1 23 
2 1 41 
1 1 19 
3 1 6 
5 1
6 1 11 
15 1 32 
10 1 11 
9 1 25 
11 1 5 

1 1
10 1
1 1 6 
17 1 17 
8 1 39 
13 1 32 
10 1 45 
12 1 35 
9 1 16 
7 1 32 
16 1 46 
14 1 17 

1 1
9 1
7 1 30 
19 1 24 
15 1 6 
13 1 47 
14 1 47 
10 1 5 
11 1 27 
16 1 39 
8 1 42 

1 1
9 1
4 1 9 
13 1 17 
16 1 20 
1 1 47 
6 1 38 
18 1 23 
11 1 6 
12 1 34 
20 1 14 


15
1 1
4 1
3 1 32 
19 1 7 
2 1 22 
18 1 7 

1 1
10 1
12 1 12 
13 1 30 
4 1 21 
5 1 7 
8 1 43 
1 1 35 
20 1 47 
10 1 42 
9 1 8 
15 1 15 

1 1
1 1
3 1 35 

2 2
6 2
20 1 5 2 19 
16 1 5 2 8 
18 1 6 2 10 
5 1 4 2 5 
11 1 17 2 4 
3 1 7 2 2 
3 2
8 1 6 2 11 
15 1 22 2 15 
9 1 3 2 36 

2 1
2 1
7 1 17 
5 1 35 
5 1
11 1 34 
17 1 19 
15 1 30 
18 1 39 
13 1 11 

1 1
1 1
17 1 8 

1 1
1 1
8 1 8 

2 1
1 1
20 1 7 
10 1
12 1 40 
1 1 21 
16 1 24 
17 1 11 
8 1 37 
11 1 46 
9 1 18 
6 1 14 
5 1 18 
3 1 8 

2 2
1 1
18 1 4 
3 2
3 1 7 2 17 
20 1 14 2 25 
8 1 18 2 11 

2 1
6 1
3 1 15 
11 1 47 
12 1 42 
9 1 5 
2 1 45 
4 1 39 
1 1
1 1 25 

1 1
10 1
13 1 44 
9 1 43 
11 1 10 
7 1 8 
19 1 7 
8 1 40 
16 1 36 
3 1 18 
10 1 36 
15 1 7 

2 2
5 2
12 1 7 2 29 
6 1 3 2 16 
18 1 3 2 5 
11 1 17 2 9 
2 1 22 2 17 
2 2
4 1 4 2 1 
5 1 8 2 1 

2 2
1 2
3 1 14 2 5 
3 2
19 1 16 2 9 
14 1 4 2 29 
9 1 3 2 3 

1 1
6 1
19 1 31 
9 1 33 
18 1 13 
14 1 37 
16 1 19 
5 1 39 

2 1
7 1
1 1 47 
3 1 42 
19 1 15 
10 1 26 
7 1 28 
13 1 6 
8 1 30 
6 1
17 1 26 
20 1 14 
14 1 42 
18 1 22 
4 1 6 
11 1 36 


15
1 1
8 1
8 1 40 
17 1 24 
3 1 44 
2 1 18 
4 1 19 
20 1 27 
9 1 11 
15 1 35 

1 1
7 1
15 1 46 
18 1 36 
5 1 18 
19 1 22 
8 1 34 
1 1 33 
12 1 41 

1 1
4 1
19 1 29 
11 1 8 
13 1 21 
3 1 32 

1 1
2 1
7 1 40 
17 1 31 

1 1
3 1
15 1 41 
9 1 25 
7 1 42 

2 1
5 1
16 1 10 
3 1 48 
9 1 11 
2 1 33 
18 1 24 
6 1
8 1 49 
6 1 27 
17 1 29 
1 1 23 
7 1 18 
10 1 13 

2 1
4 1
5 1 13 
3 1 13 
15 1 38 
10 1 21 
9 1
19 1 16 
20 1 23 
18 1 18 
6 1 35 
9 1 24 
7 1 38 
1 1 27 
2 1 11 
17 1 32 

1 1
9 1
15 1 35 
20 1 5 
10 1 32 
2 1 5 
5 1 48 
11 1 33 
19 1 19 
14 1 31 
18 1 9 

1 1
10 1
4 1 15 
18 1 33 
19 1 40 
12 1 35 
1 1 34 
6 1 41 
15 1 38 
3 1 28 
20 1 32 
16 1 43 

2 1
3 1
9 1 41 
16 1 31 
3 1 5 
1 1
4 1 26 

1 1
10 1
16 1 5 
3 1 30 
7 1 11 
8 1 28 
20 1 21 
5 1 11 
10 1 28 
12 1 31 
4 1 35 
14 1 44 

2 1
4 1
7 1 10 
15 1 23 
9 1 13 
1 1 8 
2 1
10 1 11 
18 1 42 

2 1
3 1
10 1 38 
8 1 18 
12 1 24 
1 1
4 1 12 

1 1
8 1
18 1 26 
14 1 12 
9 1 32 
7 1 21 
6 1 31 
12 1 13 
4 1 31 
15 1 18 

2 1
7 1
7 1 9 
8 1 30 
5 1 35 
4 1 37 
18 1 22 
6 1 15 
3 1 33 
8 1
16 1 18 
9 1 47 
12 1 16 
14 1 44 
1 1 46 
10 1 30 
15 1 47 
17 1 32 


15
2 2
4 2
6 1 8 2 6 
8 1 32 2 10 
4 1 30 2 12 
20 1 5 2 27 
7 2
11 1 7 2 1 
10 1 6 2 38 
12 1 38 2 11 
2 1 5 2 44 
9 1 4 2 4 
18 1 22 2 18 
5 1 16 2 1 

2 2
4 2
1 1 2 2 3 
17 1 29 2 2 
4 1 18 2 22 
15 1 2 2 24 
4 1
12 1 35 
14 1 3 
3 1 3 
16 1 16 

2 1
6 1
5 1 31 
10 1 6 
6 1 43 
14 1 19 
13 1 41 
1 1 15 
6 1
12 1 15 
18 1 17 
4 1 27 
8 1 12 
3 1 30 
11 1 28 

1 1
4 1
2 1 20 
15 1 32 
17 1 45 
20 1 28 

1 1
10 1
19 1 14 
4 1 28 
18 1 49 
20 1 40 
2 1 41 
6 1 16 
7 1 7 
1 1 25 
9 1 49 
3 1 36 

2 1
8 1
1 1 27 
9 1 36 
8 1 47 
5 1 42 
6 1 23 
15 1 12 
19 1 31 
12 1 17 
6 1
7 1 8 
16 1 11 
13 1 45 
4 1 33 
2 1 45 
20 1 20 

1 1
3 1
20 1 34 
4 1 18 
3 1 37 

2 2
9 1
19 1 25 
16 1 25 
2 1 3 
1 1 3 
14 1 2 
17 1 8 
9 1 21 
10 1 25 
20 1 7 
9 2
13 1 12 2 8 
3 1 6 2 17 
15 1 29 2 4 
6 1 28 2 5 
18 1 23 2 1 
5 1 2 2 6 
11 1 5 2 7 
8 1 7 2 8 
4 1 6 2 41 

2 2
2 1
7 1 4 
18 1 10 
8 2
8 1 19 2 1 
19 1 35 2 13 
12 1 16 2 17 
13 1 25 2 5 
3 1 11 2 3 
1 1 13 2 1 
11 1 11 2 18 
6 1 11 2 11 

1 1
1 1
5 1 7 

2 1
5 1
14 1 41 
19 1 38 
3 1 26 
15 1 33 
5 1 39 
1 1
16 1 47 

2 1
7 1
8 1 13 
14 1 28 
12 1 32 
20 1 48 
5 1 31 
13 1 21 
3 1 14 
1 1
15 1 11 

2 2
9 1
12 2 39 
17 2 4 
14 2 18 
2 2 6 
3 2 36 
6 2 4 
10 2 11 
15 2 6 
19 2 19 
6 2
20 1 3 2 10 
13 1 17 2 22 
8 1 7 2 39 
16 1 11 2 25 
5 1 35 2 12 
9 1 11 2 12 

1 1
7 1
7 1 40 
12 1 9 
6 1 9 
16 1 38 
15 1 25 
3 1 10 
8 1 18 

1 1
5 1
8 1 25 
19 1 9 
6 1 7 
18 1 8 
1 1 35 


