10 20 100 5 5

10
3 3
2 2
10 1 2 2 31 
20 1 2 2 3 
2 2
13 2 6 3 2 
14 2 10 3 1 
2 3
11 1 8 2 5 3 5 
2 1 8 2 21 3 4 

4 3
2 3
8 1 22 2 5 3 1 
16 1 12 2 16 3 18 
1 1
15 1 12 
1 1
20 2 6 
1 1
13 3 3 

4 4
1 4
3 1 2 2 2 3 2 4 1 
2 2
15 2 16 3 6 
19 2 3 3 9 
1 4
16 1 3 2 28 3 9 4 2 
1 1
20 4 3 

5 3
2 2
12 1 3 2 4 
18 1 6 2 5 
2 3
6 1 3 2 8 3 4 
13 1 5 2 8 3 1 
1 3
4 1 11 2 7 3 21 
2 3
7 1 13 2 7 3 3 
19 1 13 2 18 3 18 
2 1
1 2 3 
2 2 2 

3 2
1 1
1 1 3 
1 2
7 1 2 2 14 
1 2
19 1 10 2 9 

5 5
2 1
6 2 6 
4 2 1 
2 4
11 2 6 3 7 4 8 5 15 
18 2 1 3 1 4 2 5 1 
1 4
1 1 6 2 2 3 21 4 7 
1 5
13 1 2 2 10 3 14 4 2 5 2 
1 1
16 4 4 

3 1
2 1
14 1 19 
10 1 43 
2 1
3 1 13 
2 1 20 
1 1
5 1 29 

4 3
1 3
14 1 4 2 12 3 4 
2 1
10 1 18 
13 1 19 
2 3
10 1 17 2 20 3 3 
19 1 6 2 4 3 4 
1 2
11 1 16 2 10 

1 1
1 1
13 1 43 

3 3
1 3
1 1 15 2 2 3 16 
2 2
7 2 4 3 1 
19 2 2 3 3 
2 1
4 3 23 
13 3 8 


10
4 3
2 3
12 1 29 2 8 3 12 
9 1 6 2 3 3 8 
2 3
19 1 8 2 5 3 7 
12 1 17 2 11 3 7 
2 1
19 3 1 
16 3 19 
2 3
2 1 8 2 5 3 1 
1 1 2 2 10 3 2 

5 3
2 3
19 1 5 2 26 3 4 
15 1 2 2 1 3 2 
2 1
14 1 34 
4 1 9 
1 1
13 2 12 
1 1
18 3 7 
1 2
5 2 5 3 6 

3 2
2 1
8 2 3 
13 2 6 
2 2
7 1 6 2 18 
15 1 20 2 24 
1 2
19 1 30 2 16 

3 2
1 2
18 1 15 2 1 
2 1
14 1 36 
4 1 21 
1 2
6 1 5 2 2 

2 1
1 1
10 1 24 
2 1
12 1 31 
5 1 6 

2 1
1 1
15 1 41 
1 1
18 1 5 

4 2
1 2
8 1 20 2 24 
1 1
3 2 1 
2 1
7 1 3 
10 1 5 
1 1
13 1 16 

5 4
2 3
2 2 4 3 11 4 14 
15 2 14 3 3 4 11 
2 2
20 2 3 3 3 
7 2 11 3 7 
1 4
1 1 12 2 16 3 4 4 6 
2 2
17 2 6 3 3 
16 2 5 3 4 
1 2
4 2 23 3 3 

1 1
2 1
17 1 7 
2 1 9 

2 2
2 2
17 1 25 2 5 
6 1 41 2 6 
2 1
13 2 7 
20 2 18 


10
4 4
2 4
14 1 4 2 5 3 3 4 3 
10 1 13 2 15 3 4 4 7 
2 3
6 2 16 3 4 4 7 
10 2 1 3 2 4 1 
1 2
5 3 4 4 8 
2 2
18 1 5 2 5 
4 1 4 2 2 

2 1
1 1
15 1 40 
2 1
19 1 9 
6 1 17 

4 2
2 2
19 1 4 2 3 
18 1 27 2 5 
1 2
14 1 11 2 9 
2 1
16 1 18 
19 1 26 
2 2
8 1 22 2 12 
18 1 3 2 5 

1 1
1 1
12 1 42 

2 1
1 1
13 1 37 
2 1
2 1 41 
19 1 44 

1 1
2 1
19 1 21 
7 1 21 

2 1
1 1
2 1 13 
1 1
12 1 27 

2 1
1 1
2 1 21 
2 1
17 1 10 
13 1 43 

2 1
2 1
12 1 36 
19 1 43 
2 1
14 1 17 
7 1 40 

5 2
1 1
3 1 13 
1 1
6 2 7 
2 2
16 1 38 2 4 
10 1 25 2 22 
1 1
13 2 12 
1 2
7 1 3 2 3 


10
5 4
1 2
10 2 3 3 5 
2 2
20 2 19 3 2 
1 2 3 3 1 
1 4
2 1 5 2 2 3 8 4 9 
1 1
8 3 3 
2 1
6 4 4 
3 4 19 

5 3
1 1
5 1 4 
2 1
15 3 3 
16 3 2 
2 1
20 3 7 
7 3 12 
1 3
11 1 13 2 7 3 6 
1 3
4 1 5 2 5 3 5 

1 1
1 1
2 1 47 

2 1
1 1
6 1 47 
2 1
12 1 5 
7 1 36 

4 4
2 1
7 4 1 
18 4 4 
2 4
15 1 4 2 6 3 3 4 3 
19 1 12 2 7 3 21 4 1 
2 1
2 4 3 
5 4 26 
2 1
17 2 6 
11 2 8 

1 1
2 1
4 1 37 
11 1 21 

3 1
2 1
12 1 29 
7 1 17 
2 1
15 1 10 
13 1 28 
1 1
6 1 7 

4 4
1 2
13 2 5 3 12 
2 4
9 1 2 2 5 3 26 4 6 
12 1 3 2 5 3 8 4 2 
2 1
10 1 6 
4 1 2 
1 1
17 4 6 

1 1
2 1
19 1 22 
13 1 41 

4 3
1 2
15 2 2 3 5 
1 1
7 2 10 
2 1
5 2 1 
18 2 1 
2 3
20 1 3 2 21 3 16 
5 1 2 2 32 3 5 


10
1 1
1 1
9 1 39 

1 1
2 1
9 1 37 
5 1 33 

2 1
2 1
11 1 17 
17 1 32 
1 1
16 1 29 

3 3
2 3
20 1 39 2 3 3 2 
18 1 4 2 11 3 8 
2 2
4 2 2 3 1 
1 2 1 3 2 
1 1
11 2 8 

4 2
2 2
18 1 19 2 10 
19 1 11 2 10 
1 2
4 1 2 2 10 
2 1
11 1 18 
16 1 15 
2 1
7 1 11 
5 1 11 

1 1
1 1
8 1 13 

2 2
1 2
4 1 11 2 28 
2 1
6 2 4 
19 2 34 

2 2
1 1
11 2 6 
1 2
13 1 14 2 11 

4 3
1 1
2 1 12 
1 3
7 1 3 2 3 3 24 
2 2
19 1 12 2 25 
20 1 8 2 11 
2 1
14 2 2 
1 2 31 

2 2
2 2
10 1 37 2 12 
9 1 3 2 9 
1 2
1 1 18 2 17 


10
2 1
2 1
2 1 5 
6 1 24 
1 1
5 1 12 

1 1
2 1
14 1 49 
10 1 19 

5 3
1 3
10 1 2 2 7 3 4 
1 3
11 1 2 2 1 3 2 
1 1
14 1 3 
2 1
16 3 1 
5 3 2 
1 3
8 1 7 2 20 3 11 

4 3
1 2
5 1 25 2 8 
2 3
20 1 4 2 10 3 28 
2 1 8 2 26 3 2 
1 1
16 3 8 
1 1
4 3 25 

3 1
1 1
7 1 28 
2 1
16 1 37 
15 1 21 
2 1
9 1 44 
5 1 46 

1 1
1 1
9 1 20 

4 2
2 2
9 1 22 2 19 
10 1 17 2 23 
1 2
16 1 7 2 21 
2 2
18 1 10 2 21 
10 1 9 2 4 
2 1
15 2 12 
9 2 1 

3 3
1 3
12 1 9 2 7 3 13 
2 2
1 2 7 3 8 
5 2 9 3 28 
2 3
2 1 7 2 1 3 7 
5 1 13 2 15 3 1 

4 4
2 1
12 1 4 
1 1 8 
1 2
6 2 24 3 10 
1 4
18 1 37 2 4 3 2 4 5 
2 4
5 1 3 2 3 3 2 4 1 
2 1 16 2 2 3 8 4 2 

1 1
2 1
13 1 45 
15 1 7 


10
1 1
1 1
19 1 34 

1 1
1 1
7 1 15 

5 2
1 2
11 1 10 2 4 
2 1
2 2 7 
18 2 10 
2 2
16 1 19 2 6 
18 1 4 2 19 
1 1
1 1 11 
2 1
18 2 5 
8 2 3 

5 1
1 1
10 1 11 
1 1
2 1 34 
2 1
11 1 27 
15 1 45 
1 1
5 1 7 
1 1
20 1 43 

2 2
1 2
10 1 5 2 23 
1 1
4 1 7 

5 2
1 2
14 1 14 2 35 
2 2
9 1 25 2 14 
19 1 10 2 3 
2 1
15 1 19 
7 1 40 
1 1
5 2 16 
1 1
3 1 11 

4 3
2 1
1 2 22 
2 2 3 
2 1
19 3 5 
1 3 3 
2 3
12 1 6 2 3 3 7 
4 1 12 2 12 3 23 
2 1
18 2 4 
13 2 23 

1 1
2 1
7 1 36 
15 1 39 

5 5
1 3
5 3 10 4 5 5 3 
2 5
1 1 3 2 2 3 3 4 3 5 1 
14 1 6 2 2 3 3 4 2 5 10 
1 2
6 2 1 3 2 
1 2
18 1 3 2 5 
2 2
13 1 4 2 3 
12 1 8 2 4 

2 2
1 2
14 1 31 2 1 
2 1
10 2 6 
7 2 19 


10
1 1
2 1
7 1 46 
15 1 44 

1 1
2 1
11 1 29 
20 1 48 

1 1
1 1
10 1 25 

3 3
2 1
2 3 4 
17 3 9 
2 3
15 1 5 2 4 3 4 
16 1 9 2 7 3 7 
2 3
14 1 7 2 11 3 6 
19 1 3 2 2 3 18 

5 2
1 2
16 1 32 2 8 
2 2
19 1 16 2 1 
10 1 3 2 13 
2 2
3 1 17 2 1 
17 1 16 2 17 
1 1
13 2 9 
1 1
2 1 9 

1 1
2 1
10 1 47 
14 1 44 

2 2
2 2
15 1 8 2 6 
4 1 4 2 8 
1 2
18 1 9 2 25 

1 1
1 1
3 1 36 

1 1
1 1
14 1 32 

1 1
1 1
11 1 16 


10
4 2
1 1
11 1 7 
1 2
12 1 3 2 38 
1 2
15 1 8 2 1 
1 2
2 1 15 2 22 

4 4
2 4
14 1 3 2 2 3 1 4 1 
15 1 10 2 7 3 21 4 7 
2 1
15 4 1 
8 4 1 
1 4
7 1 20 2 12 3 8 4 3 
1 1
1 1 2 

1 1
2 1
7 1 22 
18 1 19 

3 3
1 2
15 2 11 3 3 
2 2
2 2 6 3 3 
4 2 8 3 16 
1 3
13 1 4 2 19 3 13 

4 3
2 2
14 1 4 2 21 
13 1 2 2 16 
2 2
16 1 5 2 6 
2 1 20 2 2 
1 3
10 1 10 2 19 3 10 
2 1
8 1 6 
15 1 28 

3 2
2 1
9 1 13 
12 1 28 
2 2
10 1 16 2 11 
1 1 20 2 23 
1 1
11 2 8 

5 5
1 2
19 2 1 3 3 
2 1
20 3 1 
4 3 2 
2 2
13 2 4 3 2 
1 2 7 3 3 
1 5
5 1 5 2 4 3 11 4 4 5 15 
2 1
11 4 1 
6 4 5 

4 3
1 1
17 2 1 
2 3
8 1 2 2 2 3 3 
18 1 6 2 13 3 4 
2 2
19 2 5 3 1 
15 2 19 3 11 
2 3
4 1 7 2 6 3 20 
10 1 20 2 12 3 1 

4 1
2 1
12 1 44 
5 1 17 
2 1
17 1 33 
14 1 29 
2 1
4 1 27 
12 1 43 
2 1
13 1 29 
7 1 23 

3 1
2 1
2 1 32 
12 1 20 
1 1
16 1 17 
2 1
8 1 17 
12 1 28 


10
5 1
2 1
4 1 37 
5 1 46 
2 1
15 1 22 
4 1 15 
2 1
11 1 43 
7 1 8 
2 1
19 1 27 
15 1 24 
2 1
10 1 15 
4 1 33 

5 1
2 1
8 1 15 
13 1 48 
1 1
1 1 37 
1 1
6 1 23 
1 1
15 1 42 
1 1
4 1 24 

2 1
2 1
14 1 15 
5 1 27 
2 1
4 1 43 
12 1 47 

2 2
2 2
17 1 3 2 29 
10 1 9 2 34 
1 2
14 1 10 2 19 

4 3
1 3
17 1 14 2 3 3 6 
2 1
7 1 8 
11 1 12 
1 1
8 1 4 
1 3
1 1 14 2 5 3 6 

3 1
2 1
2 1 27 
20 1 8 
1 1
4 1 24 
1 1
8 1 27 

1 1
1 1
3 1 23 

2 2
2 1
8 1 27 
5 1 8 
1 2
3 1 4 2 26 

1 1
1 1
8 1 8 

4 4
1 2
13 1 2 2 2 
1 1
2 2 12 
1 1
15 2 2 
2 4
7 1 14 2 6 3 17 4 8 
11 1 9 2 7 3 2 4 24 


