10 20 100 2 2

10
2 2
1 1
12 1 2 
2 2
18 1 19 2 20 
13 1 6 2 1 

2 2
2 1
1 2 9 
4 2 19 
1 2
8 1 22 2 2 

1 1
2 1
7 1 46 
12 1 6 

2 1
1 1
20 1 9 
2 1
15 1 34 
19 1 40 

2 1
1 1
2 1 26 
2 1
8 1 23 
10 1 14 

2 1
1 1
9 1 37 
2 1
2 1 18 
18 1 31 

1 1
2 1
6 1 27 
14 1 38 

1 1
2 1
2 1 43 
13 1 17 

1 1
1 1
1 1 6 

1 1
1 1
3 1 27 


10
2 1
2 1
19 1 18 
12 1 44 
1 1
5 1 15 

1 1
1 1
18 1 36 

1 1
2 1
12 1 5 
8 1 38 

1 1
1 1
6 1 11 

2 1
2 1
16 1 21 
18 1 25 
2 1
20 1 17 
6 1 31 

2 1
1 1
9 1 8 
1 1
12 1 5 

2 1
1 1
18 1 17 
2 1
13 1 49 
3 1 18 

1 1
1 1
9 1 21 

2 2
2 2
1 1 20 2 4 
6 1 8 2 33 
1 2
8 1 5 2 40 

1 1
1 1
9 1 24 


10
1 1
1 1
17 1 38 

1 1
1 1
9 1 32 

1 1
2 1
9 1 8 
3 1 10 

2 1
1 1
20 1 47 
1 1
19 1 20 

2 1
1 1
14 1 20 
1 1
1 1 32 

2 2
2 2
11 1 3 2 3 
20 1 28 2 6 
2 1
17 1 8 
9 1 2 

1 1
2 1
12 1 32 
18 1 39 

2 2
1 1
17 1 4 
2 2
3 1 5 2 12 
11 1 6 2 1 

2 2
1 1
1 1 22 
1 2
12 1 7 2 25 

1 1
2 1
3 1 33 
4 1 10 


10
2 2
1 2
5 1 6 2 4 
2 1
11 2 9 
17 2 1 

2 2
1 2
14 1 36 2 2 
1 1
5 1 37 

1 1
2 1
12 1 49 
13 1 10 

1 1
2 1
15 1 16 
4 1 36 

1 1
1 1
1 1 13 

1 1
2 1
13 1 46 
18 1 46 

1 1
1 1
16 1 37 

1 1
2 1
8 1 9 
2 1 25 

2 2
2 2
6 1 35 2 9 
17 1 10 2 3 
1 1
10 2 23 

2 1
2 1
20 1 24 
2 1 18 
1 1
4 1 16 


10
2 2
1 1
11 1 3 
1 2
3 1 30 2 1 

2 2
1 2
19 1 2 2 34 
2 1
9 2 15 
8 2 15 

1 1
1 1
9 1 10 

1 1
1 1
8 1 11 

2 1
1 1
12 1 33 
1 1
7 1 34 

1 1
1 1
1 1 36 

2 2
2 2
11 1 8 2 13 
2 1 11 2 20 
1 2
10 1 10 2 21 

1 1
1 1
8 1 11 

1 1
2 1
15 1 45 
3 1 46 

1 1
1 1
9 1 23 


10
2 2
1 2
5 1 44 2 1 
1 2
20 1 13 2 13 

1 1
1 1
16 1 7 

1 1
2 1
6 1 49 
4 1 20 

1 1
2 1
9 1 48 
5 1 22 

1 1
1 1
6 1 17 

2 1
2 1
10 1 45 
13 1 6 
2 1
18 1 37 
6 1 15 

1 1
2 1
8 1 31 
10 1 30 

1 1
1 1
17 1 12 

2 1
1 1
6 1 19 
1 1
5 1 21 

1 1
2 1
10 1 16 
19 1 35 


10
2 2
2 2
9 1 26 2 11 
13 1 3 2 3 
1 1
17 1 20 

1 1
1 1
17 1 13 

2 1
1 1
17 1 6 
2 1
16 1 40 
1 1 11 

1 1
2 1
1 1 31 
20 1 19 

2 2
2 2
1 1 11 2 2 
12 1 3 2 35 
2 2
3 1 13 2 14 
10 1 4 2 8 

2 2
1 2
20 1 12 2 35 
2 2
16 1 15 2 18 
1 1 24 2 10 

1 1
2 1
14 1 17 
12 1 40 

1 1
1 1
9 1 28 

2 2
2 2
20 1 22 2 2 
15 1 4 2 2 
1 2
16 1 4 2 10 

2 1
1 1
3 1 46 
1 1
9 1 35 


10
1 1
1 1
20 1 15 

2 2
2 2
13 1 30 2 18 
12 1 6 2 22 
2 2
3 1 5 2 2 
18 1 24 2 11 

2 1
2 1
13 1 46 
16 1 22 
1 1
8 1 20 

1 1
1 1
18 1 8 

1 1
2 1
9 1 30 
16 1 46 

2 2
1 2
20 1 5 2 4 
1 1
17 2 20 

2 2
2 2
11 1 3 2 2 
12 1 27 2 12 
1 2
18 1 26 2 6 

1 1
2 1
19 1 49 
2 1 34 

1 1
2 1
10 1 23 
14 1 26 

2 2
1 2
11 1 4 2 25 
1 2
4 1 12 2 1 


10
1 1
2 1
7 1 9 
3 1 5 

2 2
2 1
12 2 4 
14 2 15 
1 2
11 1 3 2 8 

2 2
1 1
14 2 2 
2 2
8 1 23 2 25 
1 1 15 2 10 

2 1
2 1
17 1 31 
12 1 42 
1 1
15 1 38 

1 1
2 1
4 1 16 
17 1 8 

1 1
1 1
20 1 13 

2 2
1 1
1 2 15 
1 2
15 1 19 2 4 

2 1
2 1
10 1 24 
19 1 8 
1 1
20 1 5 

2 2
1 2
4 1 13 2 19 
1 2
6 1 21 2 5 

1 1
2 1
20 1 35 
8 1 20 


10
1 1
2 1
2 1 43 
20 1 32 

1 1
2 1
7 1 17 
5 1 27 

1 1
2 1
20 1 18 
4 1 49 

2 2
2 2
13 1 40 2 3 
15 1 29 2 8 
2 2
1 1 35 2 7 
14 1 4 2 19 

2 2
2 2
7 1 14 2 23 
12 1 14 2 16 
1 1
5 1 29 

1 1
1 1
20 1 30 

1 1
1 1
4 1 47 

1 1
1 1
13 1 6 

1 1
1 1
4 1 32 

1 1
1 1
10 1 45 


