10 20 100 2 2

10
2 1
4 1
17 1 9 
5 1 41 
12 1 48 
7 1 36 
5 1
6 1 49 
15 1 21 
10 1 30 
7 1 7 
20 1 11 

2 1
10 1
20 1 44 
14 1 11 
13 1 15 
2 1 39 
18 1 45 
5 1 17 
16 1 14 
9 1 10 
19 1 17 
6 1 26 
1 1
19 1 10 

2 1
6 1
2 1 33 
3 1 31 
15 1 29 
16 1 48 
8 1 40 
1 1 36 
7 1
19 1 31 
13 1 30 
5 1 37 
12 1 38 
2 1 17 
6 1 37 
14 1 37 

1 1
6 1
9 1 49 
15 1 32 
18 1 14 
19 1 48 
6 1 18 
3 1 10 

2 1
5 1
14 1 39 
19 1 10 
9 1 39 
16 1 13 
20 1 40 
7 1
18 1 32 
20 1 34 
19 1 49 
1 1 15 
14 1 45 
15 1 35 
6 1 7 

1 1
8 1
4 1 42 
19 1 14 
12 1 8 
8 1 7 
15 1 16 
13 1 30 
14 1 29 
7 1 28 

1 1
6 1
7 1 49 
18 1 12 
8 1 43 
14 1 9 
6 1 42 
13 1 27 

1 1
10 1
10 1 46 
18 1 43 
5 1 8 
3 1 27 
8 1 6 
17 1 28 
19 1 47 
16 1 22 
6 1 22 
11 1 38 

2 2
9 1
16 2 27 
6 2 26 
14 2 5 
1 2 26 
5 2 26 
2 2 8 
20 2 21 
18 2 13 
7 2 35 
3 2
14 1 28 2 3 
16 1 9 2 12 
2 1 6 2 20 

1 1
4 1
20 1 11 
15 1 32 
16 1 15 
4 1 40 


10
2 2
1 1
12 1 8 
7 2
13 1 5 2 19 
9 1 9 2 6 
8 1 39 2 8 
15 1 3 2 4 
11 1 36 2 6 
14 1 4 2 21 
7 1 5 2 23 

2 1
10 1
18 1 5 
2 1 27 
14 1 26 
9 1 6 
11 1 10 
6 1 23 
8 1 12 
16 1 24 
5 1 5 
7 1 32 
3 1
17 1 6 
10 1 19 
3 1 41 

1 1
7 1
6 1 29 
3 1 16 
14 1 17 
15 1 39 
4 1 34 
2 1 46 
20 1 48 

2 1
3 1
18 1 5 
4 1 21 
7 1 22 
10 1
19 1 46 
4 1 20 
8 1 44 
12 1 16 
1 1 36 
11 1 46 
16 1 46 
14 1 13 
3 1 21 
17 1 14 

1 1
1 1
19 1 45 

2 1
4 1
16 1 33 
10 1 7 
9 1 17 
12 1 31 
6 1
2 1 15 
10 1 14 
7 1 34 
1 1 6 
18 1 41 
20 1 12 

2 2
7 1
6 1 14 
14 1 11 
9 1 2 
11 1 10 
2 1 8 
16 1 4 
8 1 5 
3 2
11 1 4 2 1 
13 1 6 2 23 
10 1 3 2 25 

2 2
3 2
9 1 19 2 21 
4 1 27 2 8 
6 1 5 2 29 
4 2
3 1 2 2 4 
19 1 12 2 3 
8 1 6 2 2 
5 1 22 2 8 

1 1
10 1
7 1 16 
11 1 37 
20 1 18 
5 1 14 
8 1 8 
14 1 35 
15 1 41 
4 1 30 
3 1 10 
19 1 38 

1 1
4 1
19 1 32 
11 1 8 
15 1 44 
20 1 21 


10
2 2
9 2
20 1 13 2 19 
8 1 12 2 1 
19 1 48 2 1 
1 1 11 2 1 
4 1 2 2 30 
10 1 16 2 2 
7 1 16 2 26 
17 1 3 2 24 
3 1 22 2 14 
5 2
1 1 8 2 18 
6 1 14 2 1 
3 1 21 2 15 
20 1 6 2 28 
9 1 16 2 8 

1 1
4 1
12 1 13 
18 1 37 
2 1 47 
17 1 42 

1 1
3 1
4 1 39 
19 1 48 
9 1 9 

1 1
7 1
11 1 33 
12 1 32 
13 1 6 
7 1 16 
6 1 39 
14 1 26 
19 1 18 

1 1
4 1
20 1 36 
3 1 34 
9 1 27 
19 1 13 

2 1
3 1
16 1 39 
6 1 23 
18 1 43 
7 1
8 1 16 
20 1 25 
3 1 48 
14 1 31 
9 1 21 
18 1 49 
11 1 10 

2 2
6 1
20 1 22 
8 1 2 
2 1 4 
7 1 8 
19 1 17 
5 1 9 
7 2
4 1 16 2 15 
18 1 26 2 7 
7 1 13 2 2 
5 1 28 2 9 
10 1 37 2 9 
9 1 3 2 13 
20 1 9 2 38 

1 1
5 1
15 1 32 
16 1 10 
9 1 37 
10 1 7 
8 1 16 

1 1
10 1
15 1 17 
8 1 29 
16 1 19 
17 1 46 
11 1 33 
6 1 12 
14 1 49 
3 1 29 
12 1 29 
10 1 16 

2 1
2 1
20 1 36 
7 1 15 
10 1
1 1 20 
9 1 38 
4 1 23 
10 1 33 
20 1 5 
15 1 49 
17 1 25 
11 1 18 
3 1 40 
19 1 17 


10
2 1
8 1
3 1 42 
16 1 14 
1 1 42 
5 1 9 
9 1 30 
6 1 43 
7 1 7 
14 1 47 
5 1
10 1 42 
5 1 16 
13 1 9 
16 1 8 
2 1 36 

2 2
2 1
9 2 7 
11 2 7 
4 2
18 1 3 2 2 
15 1 10 2 6 
3 1 13 2 15 
1 1 2 2 3 

2 1
9 1
17 1 11 
20 1 18 
9 1 7 
19 1 39 
4 1 11 
6 1 47 
16 1 10 
14 1 22 
5 1 34 
7 1
12 1 8 
19 1 20 
1 1 26 
7 1 12 
15 1 19 
10 1 31 
9 1 25 

2 2
6 2
7 1 16 2 6 
16 1 3 2 5 
13 1 11 2 3 
8 1 4 2 9 
9 1 24 2 5 
1 1 7 2 1 
9 1
7 2 27 
19 2 2 
8 2 24 
5 2 1 
15 2 10 
20 2 1 
16 2 5 
14 2 14 
2 2 23 

2 2
4 2
1 1 13 2 20 
20 1 11 2 20 
11 1 8 2 2 
10 1 9 2 10 
9 2
7 1 25 2 6 
8 1 21 2 14 
17 1 12 2 15 
4 1 4 2 39 
15 1 16 2 27 
11 1 16 2 18 
19 1 13 2 3 
9 1 3 2 2 
5 1 38 2 6 

1 1
2 1
2 1 10 
5 1 8 

2 1
6 1
4 1 39 
2 1 11 
8 1 12 
15 1 43 
16 1 11 
18 1 45 
4 1
15 1 46 
19 1 25 
5 1 31 
11 1 18 

1 1
8 1
9 1 45 
7 1 34 
13 1 37 
17 1 26 
18 1 38 
10 1 46 
1 1 31 
12 1 16 

2 1
7 1
16 1 41 
20 1 43 
10 1 44 
5 1 31 
1 1 9 
13 1 6 
4 1 20 
10 1
1 1 20 
6 1 17 
15 1 40 
4 1 45 
8 1 22 
9 1 25 
3 1 25 
7 1 32 
11 1 16 
17 1 33 

2 1
3 1
14 1 17 
3 1 24 
1 1 25 
2 1
1 1 41 
15 1 43 


10
2 2
8 2
11 1 14 2 11 
8 1 2 2 21 
5 1 11 2 18 
6 1 20 2 7 
18 1 21 2 2 
14 1 2 2 4 
13 1 39 2 6 
17 1 11 2 10 
5 1
19 1 26 
4 1 13 
16 1 17 
8 1 24 
5 1 21 

2 1
7 1
17 1 11 
8 1 42 
12 1 41 
9 1 33 
2 1 25 
5 1 17 
13 1 17 
10 1
5 1 43 
15 1 26 
4 1 5 
19 1 6 
14 1 49 
20 1 16 
1 1 31 
6 1 14 
9 1 41 
10 1 27 

1 1
10 1
18 1 40 
7 1 5 
20 1 30 
3 1 32 
14 1 46 
16 1 10 
19 1 18 
6 1 24 
2 1 24 
13 1 28 

2 1
2 1
7 1 43 
17 1 27 
3 1
19 1 18 
9 1 11 
14 1 37 

2 1
1 1
12 1 17 
9 1
6 1 13 
16 1 46 
18 1 31 
1 1 47 
19 1 9 
7 1 42 
8 1 16 
17 1 32 
14 1 36 

2 2
1 2
9 1 3 2 14 
7 2
12 1 8 2 33 
9 1 10 2 35 
11 1 21 2 8 
13 1 23 2 14 
1 1 9 2 12 
8 1 16 2 31 
18 1 10 2 37 

1 1
5 1
20 1 41 
17 1 22 
16 1 43 
5 1 45 
10 1 11 

2 2
6 1
17 2 4 
19 2 2 
6 2 12 
14 2 11 
10 2 16 
9 2 4 
10 2
9 1 8 2 33 
10 1 9 2 1 
1 1 28 2 3 
5 1 12 2 1 
4 1 3 2 2 
11 1 29 2 15 
18 1 7 2 8 
20 1 11 2 19 
13 1 36 2 1 
12 1 25 2 13 

2 1
5 1
16 1 44 
8 1 12 
7 1 16 
11 1 20 
2 1 40 
2 1
17 1 29 
14 1 45 

2 2
5 2
13 1 14 2 7 
5 1 10 2 2 
7 1 3 2 2 
12 1 29 2 14 
8 1 7 2 22 
1 1
12 1 13 


10
1 1
9 1
3 1 40 
19 1 24 
16 1 25 
12 1 46 
17 1 48 
7 1 19 
11 1 43 
5 1 5 
20 1 34 

2 1
8 1
9 1 44 
12 1 36 
18 1 40 
20 1 22 
10 1 18 
3 1 44 
4 1 43 
19 1 30 
1 1
13 1 35 

2 2
2 2
15 1 22 2 19 
7 1 19 2 2 
1 2
1 1 31 2 1 

2 1
5 1
11 1 43 
7 1 48 
9 1 17 
5 1 7 
6 1 11 
1 1
2 1 13 

1 1
4 1
15 1 17 
9 1 25 
19 1 24 
5 1 44 

2 1
4 1
4 1 45 
5 1 47 
16 1 37 
14 1 6 
1 1
8 1 24 

1 1
2 1
2 1 25 
18 1 32 

1 1
3 1
17 1 23 
13 1 21 
10 1 21 

2 2
10 2
13 1 13 2 5 
8 1 27 2 4 
11 1 16 2 4 
18 1 8 2 22 
17 1 7 2 23 
12 1 13 2 14 
6 1 9 2 4 
3 1 18 2 12 
9 1 19 2 5 
4 1 20 2 9 
2 2
18 1 24 2 19 
5 1 19 2 10 

1 1
6 1
1 1 45 
13 1 17 
9 1 35 
5 1 38 
12 1 40 
10 1 49 


10
1 1
5 1
3 1 34 
19 1 16 
20 1 33 
12 1 33 
11 1 8 

1 1
9 1
10 1 47 
17 1 8 
15 1 46 
13 1 34 
12 1 18 
1 1 33 
8 1 19 
4 1 35 
2 1 32 

1 1
6 1
8 1 18 
11 1 35 
9 1 38 
1 1 21 
10 1 46 
19 1 45 

1 1
9 1
5 1 25 
6 1 11 
19 1 41 
15 1 7 
4 1 9 
10 1 6 
1 1 9 
7 1 23 
8 1 49 

2 1
8 1
8 1 6 
7 1 23 
11 1 31 
2 1 43 
17 1 47 
15 1 38 
13 1 30 
10 1 10 
3 1
2 1 42 
12 1 39 
14 1 16 

1 1
8 1
19 1 48 
20 1 21 
5 1 39 
10 1 9 
3 1 13 
11 1 39 
4 1 24 
8 1 27 

2 1
4 1
2 1 43 
19 1 15 
11 1 23 
5 1 29 
6 1
12 1 48 
20 1 47 
13 1 24 
11 1 40 
4 1 29 
18 1 47 

1 1
5 1
4 1 34 
20 1 48 
8 1 35 
18 1 43 
10 1 30 

2 2
10 2
16 1 33 2 4 
17 1 11 2 2 
18 1 32 2 5 
1 1 10 2 37 
3 1 18 2 23 
15 1 18 2 3 
12 1 26 2 22 
9 1 42 2 6 
10 1 7 2 11 
7 1 10 2 5 
10 2
2 1 43 2 3 
16 1 33 2 3 
17 1 15 2 7 
7 1 8 2 3 
20 1 13 2 30 
8 1 13 2 31 
14 1 6 2 6 
13 1 10 2 4 
6 1 11 2 12 
1 1 2 2 16 

2 1
9 1
10 1 9 
19 1 44 
18 1 33 
4 1 13 
16 1 6 
7 1 46 
14 1 25 
6 1 35 
15 1 12 
6 1
17 1 24 
10 1 49 
8 1 37 
3 1 38 
20 1 43 
13 1 49 


10
2 1
3 1
19 1 29 
11 1 35 
10 1 44 
10 1
13 1 38 
9 1 28 
7 1 6 
5 1 41 
17 1 25 
10 1 28 
18 1 42 
11 1 34 
4 1 21 
20 1 10 

2 1
5 1
10 1 36 
12 1 16 
16 1 25 
2 1 15 
3 1 38 
5 1
6 1 47 
13 1 28 
10 1 44 
5 1 16 
12 1 48 

2 1
4 1
19 1 10 
8 1 10 
4 1 21 
18 1 21 
3 1
2 1 5 
1 1 48 
14 1 15 

2 2
3 2
8 1 32 2 12 
10 1 12 2 7 
15 1 13 2 4 
1 2
5 1 22 2 4 

2 2
5 2
1 1 16 2 10 
15 1 21 2 8 
14 1 3 2 20 
7 1 37 2 4 
2 1 17 2 18 
10 1
18 1 4 
16 1 4 
8 1 9 
5 1 41 
11 1 7 
14 1 13 
12 1 10 
19 1 3 
13 1 22 
20 1 24 

2 2
4 2
10 1 7 2 4 
14 1 29 2 12 
8 1 6 2 19 
6 1 12 2 28 
1 1
15 2 3 

2 2
8 2
7 1 15 2 17 
4 1 3 2 21 
17 1 8 2 12 
9 1 23 2 13 
1 1 36 2 12 
3 1 13 2 10 
11 1 25 2 3 
6 1 4 2 34 
6 2
12 1 18 2 20 
18 1 3 2 10 
5 1 20 2 7 
1 1 20 2 15 
15 1 10 2 10 
11 1 24 2 16 

2 1
4 1
7 1 7 
10 1 9 
20 1 16 
9 1 36 
2 1
2 1 42 
8 1 7 

2 2
9 1
15 2 5 
1 2 30 
5 2 12 
17 2 12 
7 2 5 
6 2 4 
2 2 17 
11 2 43 
3 2 29 
3 2
15 1 25 2 1 
16 1 6 2 12 
13 1 11 2 7 

1 1
5 1
10 1 37 
5 1 43 
6 1 32 
18 1 28 
17 1 41 


10
2 1
3 1
3 1 35 
13 1 30 
14 1 44 
9 1
13 1 16 
1 1 34 
20 1 17 
5 1 46 
17 1 19 
12 1 48 
15 1 23 
6 1 38 
11 1 39 

2 1
10 1
12 1 23 
16 1 42 
11 1 29 
5 1 9 
18 1 11 
10 1 6 
8 1 22 
6 1 31 
3 1 49 
1 1 47 
2 1
18 1 29 
7 1 25 

1 1
9 1
13 1 25 
20 1 31 
15 1 15 
2 1 30 
8 1 16 
5 1 45 
7 1 21 
4 1 12 
1 1 16 

2 1
9 1
15 1 23 
1 1 7 
10 1 35 
11 1 42 
16 1 43 
2 1 39 
13 1 27 
6 1 48 
18 1 48 
6 1
7 1 37 
5 1 7 
2 1 27 
19 1 35 
13 1 27 
1 1 22 

2 2
6 2
6 1 17 2 27 
9 1 4 2 1 
18 1 11 2 9 
11 1 5 2 3 
4 1 5 2 9 
1 1 9 2 8 
8 2
6 1 3 2 28 
15 1 4 2 3 
1 1 8 2 27 
16 1 8 2 23 
9 1 34 2 2 
14 1 3 2 17 
17 1 17 2 15 
11 1 35 2 3 

2 1
6 1
13 1 38 
9 1 41 
16 1 6 
1 1 16 
15 1 34 
14 1 43 
9 1
16 1 30 
13 1 20 
2 1 7 
20 1 17 
9 1 40 
15 1 9 
18 1 43 
5 1 17 
8 1 13 

1 1
3 1
17 1 36 
11 1 28 
4 1 20 

2 2
4 1
11 2 6 
18 2 5 
15 2 4 
9 2 4 
5 2
4 1 2 2 36 
7 1 24 2 5 
13 1 16 2 7 
19 1 8 2 12 
2 1 5 2 12 

2 1
10 1
2 1 14 
1 1 20 
14 1 21 
5 1 22 
12 1 27 
6 1 24 
20 1 30 
10 1 39 
16 1 5 
9 1 32 
5 1
16 1 32 
12 1 27 
3 1 22 
11 1 16 
13 1 9 

1 1
1 1
5 1 5 


10
2 1
2 1
20 1 40 
18 1 30 
7 1
18 1 15 
9 1 21 
5 1 44 
2 1 17 
16 1 27 
10 1 19 
12 1 9 

1 1
6 1
11 1 8 
4 1 30 
3 1 10 
19 1 10 
1 1 39 
10 1 19 

2 2
7 2
7 1 6 2 7 
8 1 8 2 11 
1 1 3 2 19 
6 1 19 2 1 
12 1 8 2 17 
2 1 16 2 10 
9 1 22 2 16 
5 1
8 2 7 
5 2 25 
15 2 2 
12 2 7 
3 2 14 

1 1
5 1
18 1 16 
17 1 19 
1 1 8 
12 1 25 
16 1 14 

2 1
8 1
3 1 27 
2 1 47 
12 1 30 
9 1 29 
11 1 46 
14 1 33 
15 1 30 
5 1 26 
6 1
9 1 15 
5 1 20 
1 1 10 
10 1 29 
18 1 9 
7 1 39 

2 1
5 1
15 1 29 
3 1 21 
8 1 19 
16 1 25 
5 1 37 
2 1
3 1 39 
12 1 42 

1 1
10 1
19 1 15 
6 1 21 
12 1 48 
14 1 14 
11 1 42 
13 1 30 
20 1 14 
4 1 45 
8 1 38 
1 1 18 

1 1
10 1
10 1 33 
13 1 31 
18 1 9 
3 1 45 
2 1 35 
17 1 29 
12 1 36 
11 1 34 
7 1 36 
16 1 29 

2 1
3 1
1 1 6 
3 1 41 
11 1 45 
10 1
16 1 31 
19 1 11 
17 1 40 
11 1 29 
10 1 41 
8 1 5 
2 1 44 
5 1 35 
12 1 19 
3 1 44 

2 1
2 1
2 1 14 
12 1 40 
9 1
10 1 40 
1 1 29 
8 1 21 
16 1 24 
4 1 32 
18 1 19 
2 1 25 
12 1 36 
11 1 13 


