10 20 100 2 2

10
2 1
9 1
6 1 18 
9 1 48 
2 1 27 
14 1 12 
13 1 41 
4 1 21 
20 1 39 
19 1 8 
17 1 47 
9 1
3 1 46 
15 1 22 
13 1 22 
19 1 34 
17 1 20 
8 1 8 
11 1 26 
9 1 34 
7 1 22 

2 2
9 2
8 1 11 2 17 
9 1 5 2 44 
20 1 6 2 10 
1 1 24 2 8 
10 1 10 2 7 
12 1 23 2 3 
6 1 13 2 7 
19 1 12 2 3 
2 1 19 2 20 
2 2
4 1 11 2 3 
10 1 9 2 4 

1 1
10 1
3 1 44 
5 1 32 
19 1 11 
8 1 25 
16 1 37 
9 1 23 
17 1 13 
1 1 45 
12 1 12 
2 1 27 

2 2
3 1
2 1 16 
4 1 27 
1 1 8 
9 2
3 1 3 2 16 
2 1 35 2 11 
10 1 24 2 25 
12 1 14 2 1 
17 1 7 2 42 
7 1 14 2 8 
13 1 16 2 13 
18 1 12 2 21 
14 1 5 2 14 

2 1
8 1
12 1 11 
6 1 26 
2 1 36 
19 1 27 
4 1 47 
7 1 30 
20 1 5 
8 1 39 
1 1
9 1 36 

2 2
2 1
5 1 14 
17 1 22 
5 2
18 1 27 2 1 
3 1 27 2 22 
9 1 8 2 21 
12 1 6 2 17 
15 1 4 2 11 

1 1
5 1
4 1 12 
16 1 32 
11 1 13 
10 1 19 
9 1 19 

2 1
10 1
20 1 49 
3 1 17 
13 1 6 
9 1 26 
7 1 27 
6 1 32 
12 1 24 
5 1 42 
17 1 25 
2 1 48 
6 1
2 1 48 
16 1 34 
15 1 8 
11 1 9 
19 1 34 
13 1 7 

1 1
4 1
9 1 24 
7 1 28 
1 1 33 
3 1 27 

2 2
3 2
3 1 9 2 20 
8 1 32 2 3 
19 1 4 2 4 
1 2
15 1 8 2 14 


10
2 2
7 2
1 1 5 2 14 
4 1 27 2 1 
14 1 23 2 8 
10 1 18 2 13 
9 1 15 2 23 
19 1 6 2 29 
16 1 9 2 22 
6 2
8 1 13 2 13 
12 1 12 2 4 
15 1 4 2 1 
19 1 20 2 2 
9 1 6 2 16 
13 1 22 2 8 

2 1
9 1
14 1 14 
8 1 44 
15 1 28 
4 1 44 
17 1 9 
3 1 14 
6 1 16 
2 1 14 
12 1 35 
1 1
15 1 30 

1 1
1 1
13 1 42 

1 1
1 1
4 1 19 

1 1
1 1
3 1 35 

1 1
9 1
1 1 30 
16 1 42 
12 1 7 
2 1 12 
5 1 23 
10 1 17 
7 1 32 
20 1 25 
18 1 13 

2 2
10 2
18 1 2 2 21 
10 1 15 2 7 
6 1 10 2 26 
20 1 7 2 11 
4 1 4 2 8 
1 1 15 2 18 
11 1 9 2 30 
9 1 34 2 7 
13 1 5 2 1 
5 1 13 2 6 
6 2
13 1 11 2 32 
17 1 13 2 31 
2 1 8 2 33 
7 1 3 2 2 
4 1 21 2 5 
16 1 26 2 2 

1 1
7 1
18 1 19 
2 1 28 
4 1 32 
20 1 9 
15 1 39 
7 1 49 
10 1 15 

1 1
10 1
16 1 20 
6 1 6 
12 1 23 
7 1 18 
15 1 30 
19 1 12 
13 1 42 
8 1 27 
17 1 46 
9 1 8 

2 1
6 1
1 1 28 
10 1 24 
11 1 36 
18 1 25 
12 1 49 
5 1 6 
8 1
12 1 37 
18 1 26 
17 1 9 
10 1 49 
19 1 49 
14 1 24 
15 1 27 
2 1 16 


10
1 1
8 1
8 1 30 
13 1 33 
4 1 33 
18 1 34 
14 1 9 
3 1 33 
19 1 8 
12 1 49 

2 2
5 1
2 2 13 
9 2 14 
8 2 20 
14 2 11 
16 2 3 
5 2
19 1 3 2 6 
6 1 7 2 3 
17 1 39 2 4 
14 1 15 2 18 
8 1 11 2 3 

2 2
4 2
16 1 5 2 1 
4 1 32 2 17 
15 1 21 2 2 
20 1 4 2 1 
1 2
12 1 4 2 10 

1 1
3 1
17 1 43 
16 1 10 
4 1 10 

2 1
2 1
13 1 42 
18 1 48 
3 1
5 1 22 
18 1 12 
16 1 32 

2 1
2 1
4 1 33 
17 1 5 
1 1
20 1 7 

2 1
3 1
17 1 43 
20 1 6 
6 1 16 
5 1
16 1 6 
4 1 19 
20 1 12 
3 1 42 
15 1 38 

1 1
8 1
13 1 42 
9 1 33 
11 1 33 
20 1 6 
16 1 6 
8 1 5 
1 1 27 
14 1 26 

2 2
8 2
9 1 27 2 1 
2 1 13 2 6 
3 1 29 2 5 
8 1 18 2 1 
7 1 17 2 7 
4 1 15 2 32 
10 1 28 2 5 
18 1 5 2 21 
2 2
12 1 8 2 6 
11 1 29 2 8 

2 1
7 1
18 1 24 
19 1 13 
8 1 17 
13 1 19 
9 1 44 
16 1 22 
4 1 18 
3 1
4 1 22 
13 1 47 
5 1 15 


10
1 1
7 1
16 1 41 
17 1 11 
6 1 16 
14 1 15 
7 1 17 
3 1 41 
4 1 38 

1 1
7 1
20 1 28 
14 1 14 
10 1 48 
7 1 5 
8 1 38 
17 1 11 
9 1 37 

2 2
2 2
20 1 25 2 11 
9 1 22 2 2 
4 1
16 1 7 
9 1 9 
5 1 4 
18 1 8 

1 1
10 1
16 1 41 
8 1 43 
7 1 8 
10 1 22 
19 1 33 
14 1 9 
1 1 30 
5 1 10 
12 1 36 
6 1 36 

1 1
6 1
19 1 30 
5 1 43 
18 1 45 
14 1 33 
10 1 41 
2 1 36 

2 1
4 1
15 1 27 
4 1 32 
13 1 32 
14 1 24 
6 1
4 1 33 
15 1 22 
6 1 27 
3 1 37 
2 1 25 
20 1 6 

1 1
1 1
4 1 22 

1 1
3 1
14 1 24 
9 1 6 
10 1 5 

1 1
10 1
19 1 17 
1 1 29 
7 1 20 
12 1 31 
3 1 42 
17 1 20 
4 1 15 
5 1 21 
8 1 42 
16 1 29 

2 1
6 1
14 1 10 
15 1 45 
11 1 49 
10 1 16 
16 1 24 
6 1 8 
5 1
12 1 28 
14 1 17 
15 1 24 
18 1 15 
4 1 14 


10
1 1
5 1
20 1 10 
13 1 34 
7 1 8 
12 1 34 
11 1 22 

1 1
8 1
15 1 5 
19 1 26 
5 1 37 
17 1 10 
1 1 5 
4 1 23 
12 1 37 
16 1 44 

2 2
3 2
17 1 3 2 16 
18 1 7 2 23 
3 1 13 2 2 
2 1
18 1 8 
16 1 3 

2 1
3 1
5 1 12 
3 1 34 
7 1 37 
4 1
2 1 8 
4 1 31 
20 1 17 
10 1 5 

1 1
7 1
4 1 24 
11 1 37 
18 1 35 
2 1 35 
5 1 29 
1 1 13 
17 1 44 

2 2
8 2
14 1 24 2 2 
5 1 32 2 1 
9 1 10 2 21 
16 1 24 2 4 
7 1 10 2 12 
11 1 24 2 9 
1 1 10 2 2 
18 1 24 2 4 
2 1
3 1 23 
20 1 13 

1 1
5 1
19 1 44 
1 1 23 
15 1 31 
14 1 6 
20 1 41 

1 1
2 1
2 1 21 
6 1 14 

2 2
8 2
18 1 14 2 21 
6 1 4 2 1 
5 1 9 2 5 
12 1 42 2 5 
7 1 24 2 22 
9 1 16 2 7 
15 1 15 2 16 
20 1 4 2 26 
3 2
7 1 9 2 2 
5 1 6 2 5 
2 1 4 2 1 

2 1
6 1
10 1 42 
5 1 38 
16 1 10 
20 1 5 
3 1 16 
6 1 33 
1 1
17 1 21 


10
1 1
9 1
13 1 42 
19 1 5 
10 1 29 
12 1 45 
2 1 40 
9 1 30 
5 1 24 
11 1 7 
1 1 7 

1 1
5 1
11 1 6 
3 1 20 
1 1 43 
18 1 41 
4 1 28 

1 1
7 1
2 1 35 
3 1 45 
15 1 39 
5 1 20 
19 1 24 
10 1 38 
1 1 18 

1 1
8 1
7 1 35 
13 1 32 
8 1 29 
10 1 22 
15 1 48 
5 1 20 
2 1 41 
19 1 27 

1 1
4 1
20 1 21 
3 1 30 
8 1 22 
7 1 27 

1 1
7 1
12 1 19 
13 1 41 
8 1 15 
2 1 26 
17 1 22 
5 1 18 
15 1 19 

1 1
4 1
1 1 41 
10 1 41 
16 1 47 
14 1 31 

2 2
7 2
8 1 39 2 7 
3 1 12 2 22 
17 1 18 2 1 
2 1 5 2 10 
14 1 18 2 6 
15 1 17 2 21 
9 1 27 2 4 
8 2
16 1 26 2 16 
17 1 25 2 23 
3 1 34 2 6 
11 1 15 2 31 
20 1 7 2 39 
8 1 9 2 26 
19 1 6 2 28 
9 1 4 2 2 

1 1
8 1
15 1 24 
10 1 35 
18 1 16 
12 1 46 
4 1 44 
5 1 42 
16 1 30 
13 1 5 

2 1
5 1
8 1 49 
5 1 13 
7 1 43 
2 1 33 
10 1 24 
1 1
17 1 5 


10
2 2
6 2
20 1 34 2 1 
14 1 20 2 18 
12 1 20 2 7 
17 1 23 2 2 
10 1 8 2 32 
8 1 9 2 21 
3 2
11 1 2 2 23 
14 1 13 2 23 
13 1 6 2 16 

1 1
3 1
3 1 29 
4 1 9 
6 1 18 

2 2
4 2
1 1 9 2 5 
15 1 14 2 6 
4 1 23 2 24 
16 1 13 2 28 
2 1
4 2 4 
18 2 14 

1 1
2 1
4 1 40 
13 1 15 

2 1
1 1
1 1 30 
8 1
14 1 25 
7 1 10 
12 1 23 
17 1 37 
15 1 42 
19 1 41 
10 1 11 
1 1 23 

2 1
10 1
9 1 45 
2 1 24 
19 1 49 
4 1 46 
7 1 21 
5 1 24 
20 1 6 
13 1 8 
10 1 25 
1 1 18 
7 1
13 1 10 
9 1 9 
8 1 8 
6 1 21 
5 1 37 
14 1 27 
11 1 32 

2 2
8 2
10 1 10 2 13 
16 1 17 2 24 
12 1 18 2 25 
1 1 11 2 15 
4 1 14 2 22 
9 1 18 2 20 
17 1 34 2 12 
11 1 12 2 2 
10 2
5 1 24 2 19 
7 1 2 2 25 
10 1 37 2 7 
17 1 7 2 9 
12 1 4 2 4 
9 1 6 2 2 
18 1 43 2 2 
13 1 15 2 3 
2 1 3 2 39 
3 1 14 2 7 

2 1
7 1
13 1 31 
15 1 36 
3 1 14 
10 1 43 
4 1 21 
5 1 8 
2 1 16 
9 1
17 1 18 
15 1 30 
18 1 14 
5 1 36 
2 1 17 
3 1 40 
14 1 40 
6 1 24 
11 1 37 

1 1
6 1
2 1 32 
18 1 10 
12 1 11 
14 1 45 
17 1 18 
4 1 19 

2 2
5 1
14 1 2 
2 1 10 
16 1 8 
4 1 25 
1 1 5 
9 2
17 1 3 2 22 
20 1 27 2 22 
14 1 9 2 9 
5 1 2 2 36 
12 1 6 2 2 
1 1 22 2 5 
10 1 7 2 13 
13 1 6 2 1 
4 1 10 2 8 


10
1 1
8 1
5 1 20 
17 1 31 
13 1 36 
8 1 7 
18 1 36 
7 1 18 
12 1 49 
6 1 22 

1 1
6 1
2 1 24 
16 1 49 
7 1 44 
6 1 13 
10 1 7 
9 1 41 

1 1
5 1
19 1 28 
9 1 40 
14 1 43 
1 1 30 
7 1 26 

1 1
5 1
13 1 25 
7 1 32 
15 1 13 
20 1 34 
16 1 16 

2 2
7 2
14 1 19 2 23 
20 1 8 2 1 
9 1 6 2 21 
16 1 3 2 10 
19 1 45 2 2 
6 1 28 2 3 
8 1 20 2 3 
6 2
20 1 23 2 1 
18 1 22 2 18 
17 1 10 2 19 
2 1 4 2 11 
9 1 13 2 27 
10 1 25 2 15 

2 2
4 1
20 2 17 
7 2 24 
4 2 5 
12 2 5 
2 2
3 1 3 2 8 
20 1 4 2 4 

2 2
5 1
15 2 16 
5 2 4 
1 2 17 
6 2 16 
3 2 5 
3 2
12 1 9 2 9 
1 1 28 2 9 
10 1 22 2 20 

1 1
4 1
1 1 42 
19 1 15 
11 1 39 
4 1 18 

2 2
4 2
11 1 39 2 10 
5 1 36 2 1 
14 1 5 2 22 
18 1 13 2 31 
6 1
17 1 7 
3 1 42 
10 1 11 
7 1 3 
18 1 23 
4 1 4 

2 1
3 1
3 1 22 
9 1 9 
10 1 18 
7 1
18 1 22 
6 1 35 
17 1 47 
12 1 7 
13 1 45 
14 1 42 
16 1 33 


10
2 2
4 2
12 1 6 2 3 
19 1 2 2 8 
9 1 18 2 30 
10 1 6 2 5 
2 1
4 1 20 
12 1 13 

1 1
10 1
6 1 32 
4 1 33 
15 1 11 
5 1 45 
14 1 45 
7 1 25 
19 1 32 
10 1 48 
20 1 37 
8 1 40 

1 1
9 1
11 1 35 
7 1 22 
10 1 42 
16 1 30 
14 1 38 
6 1 32 
18 1 41 
12 1 26 
1 1 44 

1 1
4 1
5 1 41 
14 1 7 
1 1 27 
4 1 20 

2 2
8 1
9 1 12 
8 1 8 
11 1 18 
16 1 13 
2 1 10 
1 1 27 
15 1 11 
4 1 28 
8 2
16 1 15 2 27 
2 1 6 2 28 
20 1 10 2 17 
19 1 32 2 17 
1 1 7 2 17 
18 1 13 2 15 
15 1 8 2 27 
10 1 11 2 30 

2 2
7 2
6 1 5 2 23 
3 1 10 2 19 
10 1 7 2 35 
20 1 28 2 11 
7 1 8 2 19 
2 1 21 2 1 
12 1 9 2 14 
5 1
5 1 28 
19 1 5 
14 1 17 
6 1 11 
9 1 4 

1 1
1 1
13 1 43 

1 1
8 1
12 1 17 
7 1 16 
8 1 13 
11 1 12 
13 1 40 
10 1 41 
1 1 37 
4 1 22 

2 2
1 2
1 1 44 2 2 
5 1
2 1 26 
10 1 13 
16 1 2 
5 1 10 
11 1 12 

1 1
5 1
3 1 20 
1 1 17 
19 1 5 
11 1 41 
20 1 12 


10
2 1
3 1
2 1 21 
7 1 37 
17 1 9 
5 1
5 1 8 
17 1 31 
6 1 23 
11 1 33 
16 1 23 

2 1
8 1
12 1 47 
2 1 27 
5 1 6 
15 1 42 
4 1 25 
20 1 7 
17 1 39 
14 1 5 
7 1
19 1 16 
9 1 19 
1 1 42 
2 1 10 
6 1 5 
13 1 38 
16 1 29 

2 2
4 2
1 1 2 2 3 
15 1 3 2 37 
20 1 3 2 3 
6 1 40 2 4 
2 2
18 1 9 2 12 
16 1 10 2 9 

1 1
7 1
10 1 47 
18 1 49 
13 1 6 
9 1 6 
3 1 23 
4 1 35 
14 1 8 

2 2
10 2
1 1 19 2 12 
12 1 41 2 6 
10 1 12 2 10 
14 1 18 2 20 
13 1 4 2 2 
16 1 20 2 10 
7 1 9 2 19 
19 1 2 2 9 
15 1 13 2 7 
11 1 3 2 3 
5 2
19 1 13 2 31 
2 1 26 2 7 
18 1 6 2 12 
7 1 7 2 4 
14 1 17 2 29 

2 2
2 2
5 1 23 2 18 
20 1 8 2 26 
7 2
17 1 9 2 27 
20 1 36 2 10 
6 1 16 2 27 
5 1 11 2 29 
12 1 9 2 34 
13 1 2 2 36 
7 1 13 2 12 

2 1
3 1
10 1 5 
1 1 7 
8 1 47 
5 1
15 1 21 
13 1 38 
4 1 29 
16 1 47 
20 1 17 

2 1
6 1
12 1 29 
19 1 14 
8 1 22 
3 1 40 
9 1 37 
7 1 19 
9 1
17 1 21 
8 1 6 
7 1 40 
14 1 10 
10 1 41 
3 1 42 
20 1 16 
13 1 36 
1 1 41 

1 1
10 1
9 1 25 
2 1 41 
11 1 10 
3 1 34 
5 1 42 
15 1 47 
18 1 21 
4 1 15 
8 1 49 
17 1 26 

2 2
2 2
11 1 7 2 9 
16 1 23 2 14 
6 2
19 1 23 2 7 
17 1 6 2 22 
11 1 14 2 18 
7 1 17 2 4 
14 1 5 2 11 
13 1 16 2 14 


